n:261	
m:3


W:[2668
2692
2533]


b:[66
93
52
98
100
53
60
74
65
90
88
53
69
65
75
62
67
70
90
78
83
92
88
83
94
58
83
80
95
87
92
88
77
68
64
53
72
78
83
81
99
96
50
93
78
67
86
61
98
94
50
70
52
93
53
60
60
52
65
57
73
77
97
59
95
68
76
93
93
74
63
82
98
50
50
59
82
79
80
51
71
97
69
88
80
86
66
67
94
64
59
88
81
74
58
65
95
70
73
56
66
87
86
69
51
81
50
75
52
79
90
97
82
80
54
76
50
84
69
56
86
98
75
98
71
94
90
78
95
89
60
95
55
96
86
75
61
77
65
97
78
83
68
95
67
59
62
84
77
67
65
77
59
59
62
77
61
78
90
54
60
73
76
76
73
83
66
62
82
100
72
64
90
93
91
99
72
90
66
52
100
84
99
79
69
69
56
62
100
79
84
100
73
96
85
70
51
88
80
65
84
58
57
51
59
84
79
98
57
58
81
88
65
65
98
87
67
76
61
89
61
95
56
100
93
92
92
50
56
78
58
66
59
100
73
53
88
72
90
90
84
78
50
95
61
51
62
59
72
90
57
58
89
59
87
65
52
54
70
76
76]


w:[18	18	27	

25	29	18	

19	10	10	

29	26	23	

24	15	22	

11	27	14	

16	19	16	

12	25	30	

25	12	21	

26	15	23	

24	10	14	

13	11	14	

12	26	14	

25	25	20	

29	24	16	

16	29	13	

22	26	14	

26	12	27	

24	30	27	

11	10	23	

30	20	21	

26	26	25	

29	11	28	

18	13	20	

17	27	10	

16	11	16	

15	30	28	

22	18	21	

21	22	15	

30	18	29	

12	19	19	

22	28	12	

11	18	21	

29	10	10	

16	13	29	

12	25	15	

25	10	29	

27	26	13	

26	26	17	

19	13	29	

19	23	21	

30	14	26	

23	20	23	

25	10	16	

19	21	15	

26	11	11	

21	30	17	

15	10	13	

10	28	28	

27	17	17	

22	11	18	

22	14	29	

13	10	23	

10	12	11	

13	16	19	

25	29	15	

29	20	18	

10	15	19	

14	29	21	

23	28	23	

29	24	26	

10	26	18	

23	19	22	

21	27	11	

14	27	26	

29	16	15	

21	21	20	

25	27	19	

30	26	24	

15	10	16	

29	20	19	

22	27	26	

21	24	23	

21	25	19	

23	26	15	

14	19	24	

16	29	12	

14	26	19	

27	27	21	

15	24	30	

14	28	20	

20	11	14	

29	19	30	

16	27	24	

15	30	27	

15	30	30	

26	20	21	

28	27	13	

16	22	23	

16	26	29	

30	17	27	

14	13	10	

23	19	18	

13	26	28	

14	19	10	

18	26	17	

13	21	19	

27	27	22	

10	29	22	

30	27	28	

18	26	16	

24	15	12	

19	13	22	

29	19	17	

13	23	15	

26	24	30	

30	26	20	

24	20	13	

29	17	15	

26	15	17	

19	17	28	

27	30	21	

20	30	28	

12	29	14	

10	15	24	

12	16	24	

22	27	16	

19	29	22	

29	27	21	

13	25	11	

17	24	10	

13	10	16	

17	10	28	

19	25	12	

24	14	10	

22	14	10	

23	27	20	

21	22	10	

10	30	18	

30	24	10	

26	22	24	

10	20	25	

19	25	13	

19	21	30	

17	10	18	

28	27	18	

16	23	11	

28	21	24	

20	27	13	

12	10	13	

20	28	21	

29	26	14	

17	10	14	

30	25	28	

16	27	18	

13	11	24	

28	24	12	

21	14	23	

24	11	15	

13	22	24	

20	22	27	

12	20	17	

25	28	25	

27	22	14	

19	28	25	

14	18	20	

19	14	13	

15	28	23	

20	11	12	

18	16	29	

27	30	25	

20	18	13	

10	14	26	

10	22	15	

18	19	28	

21	18	28	

28	11	30	

19	11	12	

11	18	16	

18	21	10	

21	21	29	

30	24	14	

10	20	14	

14	10	11	

22	17	24	

28	23	15	

18	22	17	

22	19	14	

22	21	12	

29	23	17	

16	16	14	

28	28	20	

26	21	12	

17	25	13	

30	12	22	

24	16	29	

27	19	18	

16	16	30	

24	15	22	

29	26	26	

28	25	18	

21	14	10	

18	13	17	

29	15	24	

29	14	17	

24	15	16	

26	19	18	

29	22	11	

27	21	28	

16	26	25	

18	11	22	

27	28	16	

30	29	28	

15	14	17	

17	19	14	

22	23	26	

12	26	15	

14	26	14	

24	26	25	

10	12	18	

17	29	21	

13	13	22	

17	20	14	

22	14	24	

26	23	28	

14	23	11	

30	23	10	

17	13	30	

16	25	15	

30	20	11	

24	10	24	

26	14	11	

20	19	27	

29	14	26	

20	28	26	

24	25	20	

22	15	14	

18	27	28	

24	29	16	

10	21	22	

30	19	27	

14	30	16	

18	27	13	

28	17	28	

13	10	15	

18	23	10	

18	23	14	

12	29	15	

26	19	17	

23	16	23	

28	22	14	

13	28	25	

14	13	18	

18	17	25	

18	29	22	

24	29	24	

30	18	27	

23	28	16	

22	18	24	

10	21	12	

22	10	20	

27	21	25	

15	21	15	

12	26	18	

24	17	28	

26	22	28	

10	27	17	

11	20	12	

16	24	12	

22	24	10	

18	18	11]	

