n:923	
m:12


W:[9423
9048
9372
9197
9223
9311
9156
9254
9306
9241
9207
9169]


b:[80
97
94
77
71
60
63
81
53
93
58
74
100
58
69
50
55
64
53
56
95
79
87
92
72
90
89
84
69
63
92
93
72
99
76
85
63
77
87
64
54
65
89
86
78
71
80
75
77
85
54
64
87
83
59
65
98
50
78
71
97
69
52
65
100
56
90
70
87
50
62
76
68
67
77
54
62
67
71
92
88
79
91
69
93
90
53
61
62
65
83
99
59
65
94
52
67
59
65
77
86
84
87
67
77
84
97
77
81
64
80
61
60
60
85
75
78
78
87
83
97
89
84
73
71
85
54
75
96
88
76
50
54
100
88
59
55
98
77
98
88
63
96
50
71
82
58
71
81
74
83
55
93
95
80
65
63
97
66
82
57
71
86
60
58
59
83
54
51
87
68
62
74
96
88
51
93
94
100
59
69
96
66
80
98
70
83
92
52
97
52
97
77
57
67
88
83
97
73
57
55
98
53
96
72
98
91
63
76
90
79
79
71
75
55
94
95
59
52
53
56
92
61
82
54
64
75
93
51
53
83
53
91
62
60
96
72
56
95
68
98
85
57
51
65
57
64
56
90
57
60
68
58
50
97
93
70
56
50
67
67
65
85
65
88
58
63
65
87
76
60
85
53
52
81
52
56
50
68
94
90
65
51
100
78
87
50
62
65
79
100
51
86
69
77
51
98
76
94
79
54
100
61
66
89
89
68
61
95
58
93
91
60
99
84
86
96
94
96
94
91
58
85
75
66
100
68
60
79
73
61
80
95
91
59
64
54
63
54
80
92
78
92
87
100
80
67
57
50
91
50
55
80
71
84
95
73
94
86
76
70
93
82
98
88
86
94
88
57
78
60
69
86
62
76
70
91
66
88
66
89
82
80
98
92
99
71
76
62
71
87
99
100
100
57
92
52
88
81
86
85
67
78
81
99
75
72
58
52
71
86
94
95
76
58
70
77
56
59
99
87
87
61
70
53
60
81
72
87
90
56
55
86
83
94
78
93
90
100
78
68
75
100
90
56
68
87
96
93
89
91
73
98
96
98
78
84
96
54
70
54
71
53
85
88
94
75
90
55
84
75
63
87
64
92
79
78
67
69
93
92
77
52
85
93
52
71
60
73
95
73
78
51
55
73
66
72
92
77
96
56
80
65
94
78
52
86
59
71
52
62
68
68
98
73
50
65
95
80
75
81
58
89
56
71
86
98
58
87
61
72
92
52
92
83
96
54
81
80
91
84
76
89
57
76
66
63
84
85
62
92
51
78
61
95
99
50
83
82
95
74
66
95
99
55
53
76
98
57
69
86
84
99
65
95
74
87
59
86
59
63
86
65
99
78
85
65
54
63
56
57
78
79
62
56
54
61
99
64
61
100
84
60
60
64
71
89
82
78
57
77
68
82
64
88
57
97
86
56
63
53
84
96
83
59
60
96
84
73
68
77
94
95
75
87
55
99
66
74
83
90
82
77
64
94
65
61
63
53
99
65
55
79
75
89
95
61
74
89
86
86
69
96
70
76
58
62
51
55
94
64
80
87
70
99
94
59
64
62
54
76
55
100
86
64
51
86
50
53
77
75
56
58
71
87
80
54
58
60
94
79
64
65
61
92
86
62
66
99
56
56
82
54
50
78
80
73
73
83
73
94
78
53
92
59
68
94
65
71
86
58
65
81
56
76
77
65
74
84
84
75
53
77
56
100
57
58
56
68
56
70
100
71
88
90
52
68
98
97
63
79
51
71
97
65
94
79
53
79
91
59
61
79
75
94
70
92
74
58
84
92
53
60
71
59
66
87
69
78
59
98
75
94
55
93
55
84
57
51
68
88
91
65
90
60
87
67
52
88
98
73
85
74
94
72
53
50
96
74
55
82
97
76
89
73
69
90
69
70
70
55
93
81
97
75
87
68
85
58
91
94
74
51
90
50
88
66
88
57
71
79
96
81
97
84
81
63
62
55
63
85
66
89
75
67
83
55
97
79
56
56
59
50
99
53
76
97
54
83
86
55
61
77
55
52
56
62
53
98
66
90
99
56
73
93
76
70
100
93
98
98
95
77
59
99
79
67
80
90
94
92
91
65
68
84
89
100
53
66
91
87
56
80]


w:[26	23	23	22	30	10	18	17	22	25	19	27	

23	17	17	24	28	24	12	11	27	28	23	23	

16	24	12	10	17	19	20	13	20	30	12	28	

12	19	15	27	30	22	12	15	16	30	10	21	

28	17	18	24	16	10	12	13	11	17	10	23	

16	23	30	28	30	29	19	24	26	21	11	12	

15	13	19	21	20	14	10	26	18	27	30	21	

29	25	25	16	23	18	16	11	14	30	18	18	

29	17	18	22	20	10	14	24	25	21	15	14	

21	13	20	20	11	16	17	12	19	13	16	21	

30	25	14	10	24	17	12	16	20	22	30	23	

29	11	13	13	26	25	28	22	18	22	27	30	

25	14	30	12	26	29	18	28	26	22	10	12	

29	25	25	27	15	30	21	11	30	19	11	20	

12	21	29	12	17	26	23	26	19	16	24	25	

21	12	17	16	26	11	23	22	17	26	22	17	

17	10	10	24	28	17	23	30	15	17	19	30	

19	30	26	23	19	26	17	25	10	15	22	24	

16	24	28	22	12	25	11	22	30	10	15	23	

13	30	28	28	14	16	13	22	22	18	17	24	

23	30	11	14	22	29	11	16	13	22	15	25	

17	16	27	15	17	20	11	20	13	23	25	29	

19	16	21	10	29	26	20	11	24	25	15	12	

21	22	14	19	21	30	18	13	28	12	28	27	

24	10	13	14	30	15	26	27	27	24	16	25	

30	27	22	19	23	17	26	12	16	25	20	18	

23	21	10	15	22	28	28	26	18	20	30	26	

18	24	26	29	20	28	22	20	28	22	15	26	

30	16	26	13	10	26	16	26	13	12	23	30	

22	14	19	13	28	14	14	10	10	26	30	24	

17	22	24	27	24	13	23	30	17	16	12	10	

29	12	14	26	20	26	12	22	17	20	13	20	

27	17	25	25	15	10	11	11	14	29	29	13	

15	20	22	19	22	12	15	21	28	26	14	22	

22	19	25	13	21	24	22	28	19	17	27	17	

17	16	13	17	25	15	26	23	29	16	26	22	

24	11	19	10	14	15	16	24	14	27	10	25	

21	30	25	10	25	20	14	13	28	21	17	22	

27	20	20	26	27	18	19	12	18	20	28	25	

10	10	26	17	22	21	13	16	11	29	17	20	

13	26	28	12	26	14	22	29	10	20	25	21	

20	30	12	16	22	20	12	18	17	30	25	11	

10	15	17	15	27	10	28	14	28	28	23	13	

25	10	30	17	24	22	30	20	21	28	22	13	

20	12	23	28	10	17	18	27	21	23	28	27	

17	10	25	14	19	16	16	25	17	12	25	16	

17	15	22	19	22	22	28	29	19	22	29	21	

30	19	25	24	22	16	28	11	15	21	12	13	

22	17	20	15	22	12	27	19	22	24	23	25	

20	25	22	24	15	19	15	16	23	21	23	13	

22	10	14	19	20	26	26	28	10	20	24	13	

21	29	23	27	30	22	23	16	13	16	20	29	

16	17	12	12	17	14	15	13	22	23	18	21	

28	25	11	26	12	17	17	15	26	19	11	14	

15	14	23	21	16	24	13	22	19	21	16	24	

23	22	20	21	11	18	26	11	18	12	23	20	

19	11	25	14	20	25	13	20	25	24	16	10	

20	19	27	29	21	14	29	26	30	21	12	22	

13	29	18	12	13	26	12	22	24	27	22	13	

24	25	21	19	26	14	24	27	29	30	21	18	

27	15	22	29	10	16	16	22	17	25	15	26	

21	15	14	14	21	29	22	20	14	22	20	11	

21	10	11	10	21	20	29	28	17	16	20	15	

22	18	24	22	22	12	14	14	20	29	13	11	

16	27	13	14	28	29	17	17	15	26	10	18	

21	12	15	12	12	17	29	21	28	19	12	23	

10	27	25	17	23	23	13	15	18	19	23	24	

19	12	23	11	27	27	19	15	25	26	30	20	

22	18	28	17	10	17	18	26	13	23	28	22	

30	15	30	11	12	22	11	26	12	24	17	16	

12	15	24	11	30	20	20	13	26	12	26	11	

18	16	19	14	14	18	10	18	30	28	12	13	

18	27	18	20	16	16	20	26	27	24	24	19	

21	29	27	15	27	26	10	21	12	25	27	29	

28	23	14	26	28	25	17	10	19	26	15	14	

13	26	11	17	21	22	23	15	22	14	13	28	

20	29	12	14	15	23	12	16	30	22	24	15	

26	21	29	21	17	27	13	10	12	14	12	14	

22	26	21	17	10	19	28	29	27	27	27	28	

18	26	26	24	26	25	10	30	26	10	22	22	

24	13	13	17	19	14	17	22	16	19	24	11	

17	27	11	18	29	25	26	11	12	24	21	27	

12	27	23	22	19	22	11	25	15	21	27	21	

18	15	23	29	10	15	11	17	14	29	15	16	

16	30	30	10	20	22	11	18	21	28	22	14	

11	26	17	21	26	29	18	22	21	19	14	25	

30	30	12	23	23	25	21	28	29	15	25	30	

26	16	12	14	26	18	14	27	28	27	10	15	

13	11	16	16	19	17	20	24	12	12	26	10	

19	28	21	22	13	24	22	20	14	23	21	12	

16	30	17	20	16	30	17	30	15	11	23	30	

26	20	22	20	15	11	20	10	21	19	20	27	

15	13	15	26	17	21	28	13	27	22	15	12	

16	27	30	18	26	28	22	18	18	17	22	19	

25	10	18	26	30	21	19	22	18	24	19	21	

24	12	21	16	19	29	30	16	30	17	16	10	

26	13	10	14	11	13	13	30	24	13	28	17	

15	26	28	23	11	27	29	26	17	20	11	24	

11	13	19	19	24	28	23	10	15	18	24	13	

27	25	25	20	12	23	29	13	25	26	17	25	

30	10	16	24	13	24	23	12	24	20	22	20	

24	28	19	25	13	19	18	19	15	10	14	30	

26	21	14	29	15	30	20	17	27	19	14	24	

30	18	28	24	19	10	19	28	20	14	13	14	

18	20	27	17	15	27	26	30	11	13	12	11	

28	17	14	27	30	13	25	17	11	13	20	11	

28	27	30	17	30	30	24	23	26	24	30	13	

25	19	26	14	20	28	22	19	19	17	12	26	

14	23	22	12	14	17	29	21	25	14	18	11	

26	24	15	11	30	23	17	24	18	11	19	20	

12	29	28	19	20	27	22	21	10	29	22	26	

19	29	29	24	15	22	30	21	24	21	17	18	

10	28	18	17	25	13	24	30	18	24	10	28	

17	16	18	28	30	28	25	25	11	12	29	27	

29	20	29	24	27	11	29	24	14	29	25	10	

17	14	28	11	12	19	21	21	24	15	24	17	

13	27	22	16	24	24	12	18	23	25	21	18	

30	23	23	12	29	16	17	18	29	26	27	27	

13	16	25	21	13	11	18	26	19	30	19	29	

30	10	29	17	29	25	10	17	19	16	10	11	

22	26	25	25	21	27	13	13	15	20	26	26	

30	17	21	15	10	21	19	30	13	21	17	19	

26	22	13	19	27	20	10	11	20	13	10	15	

28	26	18	18	16	23	29	30	19	24	10	23	

18	17	26	25	15	17	23	23	27	23	11	15	

13	18	14	26	28	15	13	17	26	17	28	20	

15	29	24	10	11	13	11	13	13	22	19	20	

16	30	12	25	11	28	18	12	17	18	28	15	

29	10	10	14	17	14	25	12	27	16	14	19	

21	21	25	21	17	13	27	24	12	21	27	17	

24	29	11	14	24	24	17	10	23	17	15	13	

11	19	10	27	18	22	20	21	19	19	15	27	

28	14	30	26	27	29	25	16	11	27	25	15	

12	17	20	25	28	19	13	14	23	20	27	22	

27	30	11	26	11	11	18	16	29	22	22	22	

26	23	30	16	20	24	22	13	16	18	30	27	

24	19	27	23	11	11	22	14	15	30	25	25	

21	26	14	30	21	28	26	16	17	11	26	28	

16	22	18	27	17	28	25	21	28	30	23	29	

20	26	22	21	19	13	30	22	24	26	16	27	

15	19	29	20	28	24	19	19	15	24	18	21	

16	14	13	16	16	26	17	19	30	13	21	27	

19	25	24	19	14	25	10	29	25	14	29	18	

22	28	24	15	29	19	28	19	25	18	14	28	

25	19	17	15	16	11	26	21	16	14	28	24	

20	18	11	11	29	12	18	13	18	19	18	26	

23	22	22	26	22	23	28	18	13	15	14	19	

11	22	11	11	11	15	10	27	21	16	18	24	

20	22	25	29	24	10	28	24	28	21	26	21	

24	27	29	27	15	26	14	11	17	12	19	19	

22	16	30	18	30	20	11	27	12	19	21	27	

25	13	14	25	18	14	18	30	26	30	25	20	

29	18	19	11	18	15	23	26	22	28	25	22	

30	26	28	16	25	20	10	28	28	24	30	18	

21	13	25	22	29	16	21	17	21	13	29	29	

20	27	14	24	11	29	16	20	29	21	10	15	

26	23	14	20	13	17	24	25	21	27	15	22	

29	27	15	22	19	13	15	24	16	11	22	15	

27	10	20	13	26	11	11	15	25	21	10	28	

10	11	28	21	15	13	12	23	26	29	12	10	

30	24	10	26	22	26	26	27	27	15	23	16	

13	16	21	15	12	11	15	26	11	10	14	25	

30	23	30	23	29	18	26	23	21	20	22	12	

27	11	22	22	13	12	18	24	17	11	11	27	

26	30	17	24	11	19	19	12	16	25	15	22	

23	15	12	22	30	22	17	25	18	21	30	20	

24	23	22	12	15	17	25	30	15	27	24	14	

17	24	14	20	21	25	12	11	22	19	18	14	

18	10	30	18	17	27	24	30	30	14	14	12	

23	17	20	13	23	18	22	23	22	17	19	17	

17	30	21	30	27	12	12	25	30	21	23	16	

21	24	19	11	13	18	13	22	26	29	13	12	

18	18	18	17	19	11	26	26	14	12	15	18	

20	24	27	13	10	25	10	18	27	15	15	18	

24	14	13	30	19	15	22	14	28	28	15	16	

27	18	25	24	25	24	21	30	19	16	29	26	

21	21	13	10	14	18	10	29	20	19	15	26	

23	25	17	24	12	18	24	17	10	10	23	23	

24	12	24	19	24	19	13	20	23	26	12	29	

12	13	24	18	20	22	13	23	28	19	17	11	

15	13	14	13	21	27	11	26	26	11	20	18	

20	18	26	18	21	10	15	21	20	21	21	19	

13	12	16	16	18	15	15	22	12	18	27	20	

12	23	24	26	21	12	22	11	27	27	25	26	

26	21	22	12	20	10	16	27	14	17	26	18	

20	16	13	12	13	28	24	23	10	18	30	20	

29	25	29	15	26	13	20	25	27	24	15	13	

19	18	20	23	18	14	26	29	15	29	24	30	

20	12	25	20	30	10	30	10	19	26	17	22	

18	10	16	27	26	30	24	21	14	18	13	24	

27	17	17	26	23	18	17	16	25	24	13	16	

12	12	19	25	28	14	12	26	21	11	26	15	

30	14	20	17	14	13	19	28	21	24	19	15	

25	29	30	17	12	22	13	29	24	27	20	23	

30	30	26	24	24	21	19	27	10	29	22	24	

23	18	19	11	15	14	18	10	26	20	12	10	

14	19	15	27	25	28	20	29	12	16	13	14	

10	22	29	23	24	21	11	11	12	24	25	18	

17	11	14	23	27	15	28	21	26	22	18	10	

30	13	10	16	30	29	21	30	17	30	24	23	

14	15	12	10	13	27	13	25	19	25	29	15	

14	20	23	27	12	19	24	16	15	11	21	16	

11	22	27	19	12	24	16	22	26	22	14	21	

29	19	10	30	29	18	16	24	30	18	12	19	

20	28	24	19	12	28	26	12	11	24	27	17	

16	28	16	23	26	23	10	20	13	26	18	15	

26	25	26	26	29	12	24	30	26	29	26	12	

17	22	20	22	14	18	25	28	30	10	14	11	

27	19	12	15	30	10	30	10	17	26	13	12	

16	24	23	22	10	13	15	18	19	13	22	30	

17	12	18	17	18	21	19	28	28	19	21	11	

17	18	15	14	14	20	29	29	20	12	11	26	

27	18	15	20	24	15	14	27	29	16	21	16	

11	23	17	19	17	29	20	17	30	27	24	27	

16	24	14	25	10	16	25	25	15	25	18	20	

19	20	30	25	13	14	17	24	22	21	30	27	

15	17	22	14	17	19	21	28	20	26	30	12	

17	16	15	17	15	12	13	13	24	16	12	18	

23	21	23	24	18	16	10	20	21	13	27	19	

22	30	24	14	21	21	15	28	27	28	23	16	

28	18	23	25	23	12	19	24	29	10	25	28	

20	23	20	11	27	12	16	12	11	23	15	26	

28	27	23	30	14	28	21	18	16	19	27	22	

14	17	11	10	11	22	12	21	23	25	17	10	

12	30	29	23	21	29	17	18	14	23	20	11	

29	19	21	26	25	13	28	27	17	22	12	19	

24	10	14	24	10	19	14	12	26	17	22	22	

15	23	25	28	25	17	19	10	20	18	10	16	

25	26	20	22	21	11	15	15	11	23	21	24	

15	22	25	19	16	12	14	14	29	12	27	30	

30	20	20	23	26	12	17	13	21	22	21	16	

26	21	28	20	18	24	19	26	18	28	13	24	

25	18	13	22	10	21	20	24	22	30	16	28	

25	25	14	21	24	16	17	14	16	11	14	17	

27	29	15	10	14	18	24	20	29	28	25	25	

22	29	29	20	18	19	26	18	26	10	15	15	

13	20	26	25	16	11	21	30	27	24	28	16	

20	14	25	29	10	24	26	10	13	14	10	10	

13	30	16	27	19	13	25	30	12	16	16	15	

26	29	11	28	20	20	30	16	26	17	28	27	

11	28	30	24	16	23	21	28	24	19	10	11	

29	11	23	15	30	26	23	25	23	16	26	13	

15	13	13	20	27	20	18	21	10	19	13	11	

18	25	16	22	10	24	20	15	27	19	30	14	

16	29	28	12	24	22	27	28	10	24	12	25	

12	27	17	26	28	15	17	27	15	11	15	17	

22	19	19	10	13	30	11	20	27	11	17	24	

10	13	11	19	11	20	12	29	17	26	28	28	

28	27	25	22	11	17	14	11	15	24	12	12	

20	16	24	14	11	17	26	21	10	14	15	26	

18	12	23	27	30	21	25	28	13	29	12	30	

27	27	16	14	23	15	24	13	29	26	13	16	

11	22	30	16	21	24	29	29	14	20	12	11	

11	14	27	13	24	29	17	15	27	14	22	25	

25	18	16	21	27	25	24	15	11	18	28	21	

27	12	13	11	14	26	18	29	20	25	11	30	

13	27	20	10	12	27	20	29	22	29	10	25	

17	30	11	18	18	19	30	15	17	27	11	13	

15	12	18	26	26	18	22	27	18	27	12	23	

28	11	10	16	25	16	18	20	17	10	11	30	

20	19	26	24	30	10	15	14	21	15	29	23	

16	22	29	10	11	16	30	27	25	17	30	22	

14	27	15	13	26	29	26	26	30	11	17	28	

20	15	28	30	19	24	30	15	16	18	29	22	

30	19	30	11	18	30	12	22	18	30	23	25	

26	13	29	20	12	11	18	10	28	10	28	29	

19	18	25	28	18	28	27	18	13	23	25	20	

29	24	27	28	16	27	12	20	19	16	19	15	

13	18	26	17	27	27	14	26	10	20	10	13	

19	28	23	27	21	23	14	27	30	28	23	14	

12	30	12	10	19	24	21	10	20	16	11	20	

16	18	10	19	15	27	26	18	10	20	24	18	

21	21	26	17	22	17	10	24	11	20	14	13	

10	23	11	13	23	25	29	27	21	20	13	21	

26	11	16	25	23	16	14	29	15	18	14	24	

26	24	21	28	15	23	28	23	24	14	27	13	

27	26	22	15	11	14	13	24	16	20	16	24	

11	18	17	22	27	27	27	21	28	25	12	27	

10	17	10	23	20	28	27	30	12	18	13	10	

14	15	12	14	28	27	10	17	30	17	15	24	

10	16	22	28	14	18	24	22	24	13	16	25	

26	18	29	11	27	21	23	14	16	29	18	14	

19	15	25	24	10	27	10	27	21	28	12	19	

18	13	15	13	24	20	28	20	19	15	14	24	

29	22	27	28	29	30	20	25	29	27	19	29	

12	20	18	18	14	21	22	18	21	25	13	15	

27	26	22	15	23	20	25	14	29	28	24	30	

16	29	10	22	28	17	21	25	24	11	22	27	

25	28	22	10	28	17	28	22	21	20	19	19	

28	26	13	27	13	15	16	21	13	30	11	26	

28	11	27	17	26	26	10	25	23	28	12	18	

30	30	21	29	20	20	15	19	12	15	17	25	

23	23	23	19	18	26	13	26	13	19	22	23	

21	16	24	30	21	25	11	15	22	21	24	18	

20	26	10	16	30	16	10	26	24	30	17	14	

17	25	24	21	14	19	29	21	23	27	20	15	

13	13	17	30	20	30	26	10	10	26	18	21	

16	22	11	30	25	16	12	10	18	27	14	14	

18	13	25	20	13	24	25	28	27	23	10	26	

29	15	24	23	24	13	14	28	16	28	11	15	

11	17	23	15	25	20	25	24	27	24	24	19	

19	12	16	22	26	25	17	21	20	26	26	27	

18	11	19	19	11	14	21	17	25	27	15	18	

10	20	10	18	12	13	23	26	15	16	26	24	

14	20	28	22	24	23	14	28	28	16	22	24	

18	15	23	18	12	19	11	22	24	22	28	10	

16	21	25	25	29	10	30	16	17	24	11	30	

28	28	11	24	21	30	10	10	29	17	20	19	

21	19	19	28	27	21	17	18	30	25	25	18	

26	28	21	15	29	12	29	28	19	12	24	26	

14	18	19	13	17	16	18	11	21	22	28	15	

20	23	15	28	27	23	23	25	25	11	12	25	

22	29	28	11	28	28	21	24	23	30	13	24	

25	23	24	12	12	12	21	16	10	24	30	24	

26	17	25	25	20	29	15	24	18	19	30	21	

30	10	28	16	16	24	10	29	29	12	16	20	

22	23	11	22	12	13	17	25	30	11	23	21	

15	19	30	14	24	12	13	18	26	16	20	22	

24	26	16	13	25	10	18	20	15	10	24	27	

25	27	10	30	13	25	20	17	21	16	20	24	

11	11	22	30	21	22	26	12	22	13	26	27	

30	14	19	20	26	19	15	18	27	12	16	19	

12	20	27	19	18	17	23	13	26	13	28	14	

12	30	14	29	28	23	12	13	27	17	15	30	

11	30	13	17	18	14	26	28	22	25	16	19	

28	12	17	16	24	25	11	22	30	19	23	23	

28	22	10	16	16	11	30	21	20	17	11	12	

20	21	28	23	12	16	11	28	25	23	17	11	

16	21	27	30	14	18	13	10	21	22	29	17	

21	14	22	10	10	23	27	27	21	25	14	16	

21	13	25	26	30	13	13	18	10	24	26	27	

27	13	21	14	21	16	28	26	27	15	30	10	

29	19	29	11	23	24	13	12	17	22	22	25	

30	29	24	23	14	26	23	21	17	14	14	17	

11	18	21	16	14	27	21	18	14	15	29	26	

11	17	14	24	10	10	19	29	27	10	15	27	

17	13	13	26	16	18	25	17	27	12	17	18	

18	15	15	26	12	25	30	27	10	24	29	10	

19	22	14	15	11	16	19	22	12	17	25	17	

26	28	17	27	22	16	26	17	19	12	27	17	

11	20	17	24	17	20	24	23	16	24	27	20	

10	19	26	25	17	25	22	20	22	21	13	11	

10	19	18	27	11	24	27	29	17	23	25	18	

17	22	23	21	20	23	17	10	30	20	22	17	

24	21	26	23	10	21	14	18	24	13	29	18	

17	21	28	22	23	22	24	22	26	17	25	10	

28	27	28	22	21	23	21	28	24	13	18	14	

30	19	16	18	21	15	23	13	14	10	16	18	

11	29	10	11	15	11	27	10	25	23	23	26	

12	16	12	23	24	16	24	20	22	16	26	11	

16	21	10	12	12	18	30	28	13	29	28	30	

19	18	20	18	13	20	27	11	29	29	14	10	

28	12	20	27	16	23	22	24	15	19	22	22	

23	29	20	19	28	20	26	16	29	11	10	22	

20	23	27	16	15	22	23	16	13	15	21	21	

20	16	15	19	20	14	22	10	14	28	29	15	

18	28	24	28	22	17	25	11	18	13	13	19	

30	18	30	17	26	15	10	19	29	11	30	12	

10	25	11	20	20	19	11	11	24	27	11	10	

24	10	14	29	20	21	12	18	21	18	13	27	

24	25	18	30	24	26	23	17	10	12	10	14	

24	12	17	12	29	25	24	13	18	11	30	12	

30	10	30	25	17	27	22	23	10	20	29	10	

17	30	18	25	20	23	22	17	13	28	26	19	

12	20	22	30	10	14	18	12	25	13	23	29	

12	24	28	15	14	13	14	11	15	18	28	25	

22	13	27	28	13	11	25	30	30	29	28	30	

18	18	23	16	15	22	19	20	21	26	29	14	

23	25	16	19	26	17	15	12	23	15	24	16	

21	20	26	13	11	24	18	26	11	24	19	24	

27	12	28	14	17	29	27	20	16	19	22	20	

10	15	12	12	18	22	11	22	13	30	17	13	

25	17	20	30	17	13	29	20	23	27	30	22	

27	14	28	16	28	20	29	24	16	26	27	30	

23	26	16	23	18	17	29	18	28	23	19	30	

26	27	12	21	25	28	24	27	24	21	16	28	

11	15	24	26	16	30	12	13	10	23	12	27	

13	30	24	12	25	22	23	23	30	17	25	11	

13	11	18	13	28	22	18	23	28	18	10	10	

23	30	21	21	13	20	30	26	29	30	11	12	

14	17	30	24	22	16	11	21	16	26	24	11	

18	11	23	24	19	25	13	18	19	24	10	19	

11	25	17	27	19	15	10	29	20	11	21	18	

13	30	29	30	14	23	14	24	16	27	22	17	

24	28	20	30	13	12	18	21	27	24	30	24	

11	19	13	28	18	26	12	16	23	22	10	21	

25	25	13	20	18	15	18	18	17	29	15	30	

25	23	14	11	24	25	16	29	14	15	22	13	

27	19	17	16	30	28	13	10	14	13	25	14	

24	29	24	23	26	27	15	26	22	20	16	27	

29	15	15	14	10	30	11	10	25	16	22	28	

29	14	26	14	17	25	30	10	24	11	15	28	

21	15	27	17	29	30	24	25	22	28	16	29	

29	15	22	25	30	12	29	22	29	14	25	24	

26	10	13	26	13	16	22	23	10	26	16	13	

22	13	14	17	10	26	23	24	21	22	27	17	

29	17	27	26	22	24	21	28	25	17	14	26	

21	27	27	20	12	16	10	18	17	16	22	29	

24	20	15	13	22	29	30	29	26	16	15	23	

16	15	22	10	17	20	25	10	28	21	18	21	

15	24	21	17	18	13	18	28	30	23	10	11	

19	24	27	12	27	28	30	13	19	16	26	27	

24	20	23	21	11	24	22	28	12	10	30	17	

17	25	24	20	28	20	15	21	29	20	10	23	

28	25	11	14	18	13	14	18	17	27	28	20	

26	14	19	23	11	10	20	21	27	11	30	15	

15	14	22	12	27	17	30	29	17	18	21	11	

23	19	27	28	20	27	28	22	29	22	29	20	

27	29	11	10	17	10	29	12	15	21	15	14	

10	13	29	10	20	29	11	17	17	21	21	23	

21	10	12	11	11	12	16	30	26	18	28	17	

24	30	27	17	10	13	12	16	20	16	11	19	

14	30	18	13	23	23	10	21	10	21	27	23	

25	10	12	17	10	27	18	23	22	17	28	14	

22	26	23	16	25	29	17	30	22	12	14	27	

22	21	18	17	25	25	30	20	14	13	24	10	

18	26	19	23	27	10	13	15	26	13	12	29	

19	10	11	22	24	14	20	17	24	12	12	16	

25	19	17	15	30	17	14	23	14	29	21	22	

11	17	10	20	29	29	27	14	18	14	21	17	

19	14	25	27	20	24	18	22	30	12	30	20	

14	18	20	20	12	18	30	25	30	27	23	13	

19	14	25	23	15	11	14	11	17	20	10	30	

28	16	26	27	15	16	12	16	28	17	16	28	

13	15	25	18	16	12	10	24	21	12	12	16	

13	29	18	24	16	28	20	11	26	16	10	12	

28	27	30	30	10	29	29	15	18	15	27	14	

21	23	24	28	20	18	12	19	28	24	11	10	

23	15	30	17	26	19	30	13	17	22	13	30	

24	26	14	13	21	17	25	17	11	26	24	19	

23	18	25	10	29	21	29	29	28	24	12	16	

29	14	22	23	15	14	17	12	19	11	25	28	

21	24	17	30	26	18	14	12	11	19	25	13	

24	23	11	17	16	21	30	16	21	14	23	12	

21	25	24	29	11	16	26	30	23	21	19	27	

29	22	24	22	22	23	19	15	22	21	21	25	

13	11	23	20	27	12	21	25	18	24	16	25	

24	22	10	13	29	17	28	16	11	10	28	13	

14	10	13	12	18	13	25	27	17	27	23	30	

11	14	21	29	15	20	27	22	11	18	16	30	

18	25	12	19	27	18	10	23	24	23	12	30	

20	17	25	11	28	11	19	13	21	15	17	17	

29	24	16	17	26	15	29	12	27	17	13	15	

14	19	28	29	30	29	21	17	27	13	12	22	

23	12	26	26	30	21	10	26	20	12	21	24	

16	18	20	25	25	30	27	17	15	28	27	21	

26	18	11	26	21	13	21	24	10	23	20	26	

27	12	29	11	21	15	11	23	11	16	30	11	

21	20	13	20	28	15	24	15	26	10	11	19	

28	22	24	13	28	28	30	12	27	16	19	27	

13	11	24	28	12	14	17	16	13	10	20	15	

25	26	21	13	21	13	23	20	14	23	14	25	

17	13	24	20	21	25	12	18	11	27	23	14	

15	18	27	29	13	15	23	28	18	27	24	28	

17	19	10	20	15	14	24	26	22	21	26	18	

14	18	11	17	26	19	29	30	29	13	23	25	

30	10	18	18	21	28	13	19	29	12	19	11	

11	11	28	10	20	30	14	30	14	16	24	20	

16	18	30	23	13	27	18	24	21	26	18	20	

16	22	14	17	24	22	13	20	30	17	15	15	

23	13	28	21	16	29	30	19	20	17	18	27	

28	29	21	30	17	22	17	16	25	14	27	10	

16	14	18	22	17	18	27	11	10	26	10	19	

19	18	14	14	27	27	28	16	25	16	25	25	

26	12	21	21	18	28	20	26	27	17	19	27	

30	29	13	16	21	29	24	28	20	23	12	11	

23	24	20	23	15	30	30	24	16	22	27	18	

18	16	22	19	23	28	15	26	15	15	12	17	

12	30	23	30	15	14	30	16	11	18	20	28	

12	12	29	25	20	15	22	22	27	11	19	15	

17	29	10	14	14	26	17	16	23	25	22	20	

10	10	17	22	22	30	30	11	18	20	23	18	

18	28	28	18	22	27	22	29	10	22	17	20	

15	29	26	22	21	15	13	11	17	15	22	27	

10	16	20	30	14	23	12	22	18	28	26	25	

26	17	15	17	30	22	20	20	11	15	24	12	

11	24	23	27	20	20	16	23	16	15	13	26	

20	21	19	30	20	24	17	23	12	29	13	15	

13	12	15	27	21	19	28	30	12	18	27	24	

10	18	10	27	24	26	14	11	22	29	15	18	

10	23	27	12	27	25	18	19	17	13	13	16	

26	20	15	27	13	12	30	19	29	13	14	24	

13	19	11	29	27	16	23	21	14	23	20	26	

19	21	26	25	15	15	16	24	16	14	12	25	

20	26	15	11	22	17	29	26	18	20	26	16	

16	13	12	12	30	30	18	28	28	13	30	19	

22	10	26	11	18	10	10	24	26	30	25	25	

17	24	25	15	13	30	17	12	30	26	29	18	

28	27	18	24	14	13	24	15	28	12	22	19	

10	11	10	25	12	27	29	25	24	19	22	16	

14	12	18	26	30	11	12	12	17	20	19	19	

19	16	21	16	23	22	22	29	18	12	28	17	

20	23	21	10	14	11	19	11	21	14	15	21	

15	27	21	23	13	20	27	18	26	12	11	14	

28	17	26	30	25	23	21	11	14	26	22	21	

25	20	21	16	23	30	16	14	27	18	10	17	

16	24	11	10	19	30	11	11	27	24	16	25	

18	18	25	13	24	17	10	20	21	27	16	17	

17	13	23	10	29	20	14	30	17	15	27	27	

11	21	22	28	24	25	26	20	25	27	21	18	

23	25	25	20	18	10	10	28	26	29	14	25	

19	12	27	23	17	28	16	23	15	30	14	10	

29	20	28	28	30	13	23	16	10	19	23	27	

13	23	22	27	13	15	26	29	26	26	26	16	

26	16	24	28	16	19	11	15	20	13	26	28	

25	17	17	13	26	18	17	12	26	30	20	14	

22	16	11	28	20	29	13	21	14	11	25	24	

20	17	29	29	14	10	18	18	24	13	23	10	

22	26	28	18	24	13	22	13	12	23	23	24	

25	19	30	22	19	13	26	11	15	21	18	28	

10	22	17	23	24	21	11	20	11	17	13	22	

25	16	26	29	26	30	25	16	23	24	28	12	

25	14	18	20	26	10	16	19	27	19	17	15	

19	29	18	10	13	19	30	23	20	22	16	26	

17	25	24	23	21	15	11	27	16	22	15	30	

23	12	18	13	12	16	30	28	12	14	20	21	

19	27	13	13	17	23	13	22	18	12	11	14	

14	25	27	30	22	13	25	27	10	24	28	14	

21	20	27	23	22	19	13	22	21	28	19	14	

10	12	25	29	28	25	12	17	16	12	29	29	

30	18	12	20	22	12	20	14	13	29	19	13	

22	11	29	12	26	30	11	23	25	18	23	23	

23	16	12	10	27	28	22	23	27	10	30	18	

24	17	22	29	17	20	24	10	16	19	28	25	

28	13	22	19	26	25	30	27	14	14	16	21	

30	10	11	15	21	28	24	23	19	14	13	12	

21	28	22	20	14	24	30	23	14	16	12	26	

16	27	30	11	11	23	11	13	17	25	14	21	

28	22	30	26	29	13	18	24	21	30	27	13	

22	11	29	11	24	26	19	30	12	26	24	24	

23	10	28	21	20	15	18	14	19	21	29	24	

26	15	10	20	16	14	20	30	14	14	15	12	

17	10	23	13	25	13	21	28	27	29	26	17	

14	15	25	13	28	21	24	12	19	25	27	10	

25	29	17	28	16	27	26	16	23	20	12	29	

15	17	29	24	14	25	21	12	29	25	20	24	

22	25	19	26	28	21	30	22	17	20	25	26	

30	11	16	12	16	26	11	23	10	22	19	15	

27	15	16	21	30	24	17	17	30	11	12	21	

18	23	24	28	22	20	23	20	16	14	28	27	

30	24	22	22	16	26	28	21	21	20	30	14	

17	18	13	11	20	10	20	12	16	22	30	17	

27	25	22	17	18	26	13	25	26	28	21	29	

10	12	25	23	16	11	13	26	14	26	13	19	

15	12	25	27	16	28	23	15	24	10	22	13	

22	29	15	15	29	15	24	19	10	16	14	10	

10	27	28	21	30	11	30	19	21	23	23	12	

11	16	30	30	14	23	25	21	25	13	19	20	

12	15	28	16	13	15	23	20	16	15	17	25	

27	16	12	16	17	23	17	12	17	20	19	16	

14	11	28	13	28	26	29	29	18	22	26	22	

27	15	16	29	18	22	19	25	21	16	25	10	

30	23	25	20	30	29	17	12	13	14	16	23	

14	19	30	24	21	20	16	22	10	18	15	27	

17	28	29	20	13	16	13	23	13	10	12	30	

16	25	15	18	19	14	15	20	27	19	23	17	

27	11	15	19	20	22	17	28	10	22	21	23	

25	21	14	18	29	12	26	10	10	22	26	28	

20	20	22	29	10	18	15	27	19	10	28	19	

24	29	22	20	17	16	14	28	30	16	15	12	

24	21	11	26	22	11	24	14	28	18	25	27	

26	21	15	13	19	24	15	27	16	23	26	19	

10	10	15	11	24	29	21	23	13	16	26	14	

29	13	29	18	15	23	15	21	16	20	16	19	

16	16	20	14	12	18	20	15	30	17	27	14	

24	13	30	20	25	27	11	15	30	23	12	11	

28	20	24	12	30	17	14	26	24	11	13	29	

15	22	21	27	26	29	21	22	16	14	19	27	

30	15	30	24	28	26	13	28	19	30	22	13	

21	15	24	28	25	29	25	16	17	24	30	19	

27	11	30	28	15	12	26	16	12	20	26	23	

10	11	13	28	20	25	12	18	20	26	25	19	

15	21	19	28	26	13	18	11	13	12	20	11	

28	19	15	17	13	11	24	11	21	14	30	28	

26	15	14	23	11	24	30	30	30	23	12	26	

24	18	14	27	29	10	25	20	10	17	10	25	

20	13	17	16	26	28	24	26	18	21	29	21	

18	23	22	22	12	26	30	25	15	20	27	29	

27	12	26	27	25	12	24	19	22	26	15	21	

24	23	27	25	30	21	25	26	19	27	28	25	

30	10	10	14	22	17	17	16	27	13	12	10	

18	17	10	26	22	16	10	12	12	28	21	22	

12	22	16	28	10	21	20	27	11	26	13	20	

10	12	15	27	22	22	10	26	17	28	12	15	

30	14	29	14	27	27	26	20	20	23	23	21	

28	15	15	23	11	26	16	25	23	29	12	25	

13	27	27	15	24	24	30	19	27	22	10	30	

15	29	23	14	28	10	25	26	27	23	29	19	

20	27	12	19	19	28	18	15	11	29	26	16	

27	21	12	22	25	10	26	15	22	14	21	10	

18	26	19	10	15	30	15	18	21	18	30	12	

27	14	11	21	28	13	25	30	22	12	11	15	

25	13	19	11	26	15	27	15	15	28	23	15	

26	13	14	22	25	24	19	25	27	25	22	14	

30	10	29	22	30	29	28	17	30	28	19	11	

22	20	25	13	17	25	27	29	26	16	18	27	

15	11	22	27	25	19	10	27	23	10	26	17	

12	27	14	27	27	27	10	16	28	19	20	19	

16	16	11	15	16	10	28	24	25	25	16	14	

29	10	11	20	13	28	25	26	27	26	20	28	

15	15	22	18	24	30	18	11	25	21	10	18	

27	12	22	29	30	21	29	15	25	13	24	16	

29	12	19	29	18	17	20	17	17	11	29	12	

15	10	25	30	10	27	30	18	16	23	15	27	

19	17	14	13	23	27	14	15	12	13	16	28	

19	30	17	17	28	29	24	22	13	21	28	26	

23	23	21	29	15	21	25	10	24	20	19	26	

24	28	27	21	24	24	24	22	30	30	13	26	

27	15	14	17	30	30	16	14	17	21	23	22	

14	29	23	28	16	15	25	25	14	12	12	27	

19	10	18	10	12	26	28	12	11	12	22	30	

24	17	30	11	28	28	14	27	15	29	24	18	

20	10	12	11	14	24	17	23	24	27	13	30	

19	12	16	18	24	16	14	18	20	19	21	28	

26	12	17	22	24	19	21	20	23	17	12	18	

29	19	18	28	29	26	27	24	19	28	12	19	

25	23	22	15	27	29	27	23	27	23	16	11	

29	26	19	24	15	28	20	12	24	14	29	12	

19	22	10	28	24	26	28	21	26	18	27	23	

23	12	18	27	25	29	21	27	26	23	21	15	

29	20	21	18	29	16	28	27	26	20	26	23	

16	10	16	20	16	14	22	27	29	20	10	22	

13	18	22	28	19	17	10	21	28	19	29	14	

10	15	29	20	12	26	15	10	12	13	28	28	

16	11	21	16	14	20	11	16	19	26	15	15	

28	11	20	25	18	20	15	14	18	23	30	15	

28	21	25	26	18	22	22	16	28	29	24	19	

12	26	28	13	28	12	24	12	12	10	22	23	

20	24	17	21	17	21	12	12	11	15	27	19	

22	24	20	21	25	13	25	11	10	20	14	23	

11	29	17	15	23	28	12	10	14	14	30	18	

20	28	16	11	28	27	26	11	10	12	21	12	

12	11	11	17	29	30	14	25	18	27	15	27	

22	23	19	21	25	15	20	22	25	12	26	23	

26	20	29	12	26	26	23	24	25	22	10	16	

17	16	20	19	17	28	13	13	28	19	29	14	

12	17	10	19	19	15	22	25	26	21	30	28	

19	28	26	17	14	28	24	14	27	29	29	28	

20	15	23	12	12	29	28	16	22	24	27	20	

13	17	19	18	11	18	30	17	16	17	25	24	

12	15	16	17	28	16	24	30	29	30	22	24	

24	30	23	12	12	19	22	22	22	25	21	20	

18	12	24	21	19	19	18	21	26	10	15	27	

18	25	12	19	24	15	26	21	20	26	15	28	

17	19	22	23	24	12	25	20	20	25	30	24	

15	10	21	10	24	21	14	21	21	26	11	28	

26	29	19	21	28	12	11	14	12	18	25	22	

27	24	26	13	21	25	17	23	16	18	30	22	

19	27	21	16	11	22	21	21	12	14	14	11	

27	24	11	21	13	25	16	18	23	13	12	16	

18	11	25	14	18	22	15	12	12	18	29	27	

16	15	22	25	10	25	13	13	27	20	10	28	

15	25	25	28	20	14	18	10	17	22	13	13	

24	10	17	11	24	19	15	23	20	18	26	14	

19	28	10	26	16	18	21	12	15	16	26	30	

20	12	28	18	22	15	13	30	23	26	26	29	

26	16	10	24	23	10	14	21	20	23	30	11	

17	23	24	13	19	12	16	12	19	16	22	15	

20	28	21	21	24	18	10	11	22	29	28	16	

12	20	10	27	11	20	28	18	18	24	12	10	

18	12	13	22	18	13	18	14	18	15	16	29	

18	16	26	22	12	11	23	15	24	30	19	11	

12	22	25	21	25	22	24	24	19	14	12	26	

26	23	17	30	12	17	22	29	17	28	16	21	

24	16	21	27	28	24	17	30	30	12	21	18	

16	10	23	15	28	15	28	22	12	21	15	11	

30	24	27	17	19	11	20	16	14	30	17	22	

20	26	13	18	11	29	14	16	17	23	27	13	

28	28	11	27	29	21	27	21	26	25	29	28	

29	17	12	17	25	25	30	11	10	24	10	27	

28	12	17	28	24	13	14	11	25	22	11	10	

25	28	28	10	18	29	27	25	27	29	24	11	

23	18	16	25	17	16	10	30	16	12	11	28	

20	20	21	18	12	27	26	24	25	26	12	23	

16	27	28	21	23	18	14	24	25	21	26	25	

27	14	12	13	10	25	12	11	10	12	23	13	

27	12	22	11	20	14	23	19	27	13	11	26	

20	19	30	29	12	21	14	16	12	14	27	16	

25	14	11	18	16	24	28	11	16	12	19	26	

17	21	30	28	24	19	10	25	20	13	12	28	

28	12	13	17	22	29	28	15	25	22	13	16	

30	11	24	18	11	13	22	27	20	28	13	30	

27	25	27	23	14	20	26	19	11	24	20	18	

25	18	15	12	28	23	26	23	18	17	18	10	

29	19	16	22	20	10	22	15	22	18	22	14	

13	14	19	25	28	11	29	15	29	27	21	29	

16	23	17	15	20	23	28	19	12	10	21	21	

11	20	19	25	10	22	24	19	10	11	19	21	

21	12	21	15	13	24	24	24	25	30	28	10	

25	27	27	14	12	20	24	22	27	13	19	23	

19	30	20	17	22	20	23	22	30	21	13	22	

15	24	23	27	20	13	11	12	27	20	17	21	

28	16	22	28	28	17	12	12	28	19	14	12	

17	15	18	23	21	11	23	30	16	21	16	23	

25	19	10	29	21	29	12	18	19	28	27	25	

14	20	18	13	13	27	10	16	22	21	30	12	

28	14	20	22	26	18	16	14	17	22	28	21	

19	27	29	17	28	23	24	11	22	11	28	27	

11	17	24	19	12	15	23	12	17	23	23	14	

25	10	10	25	28	27	14	13	24	11	15	23	

12	26	28	26	11	17	23	24	10	17	16	29	

13	22	27	20	14	24	22	24	11	30	27	14	

17	13	23	22	18	24	16	16	17	28	18	24	

30	13	22	15	12	25	14	16	10	22	30	20	

30	24	29	27	14	30	21	23	16	29	29	30	

11	30	20	14	13	10	20	23	16	20	27	21	

18	24	12	10	11	28	14	26	18	18	30	13	

28	24	25	16	12	14	15	18	16	11	27	10	

25	19	21	25	14	20	30	15	13	13	19	17	

18	15	19	29	23	19	10	14	28	29	23	24	

20	11	17	29	22	14	10	25	27	11	28	24	

20	29	11	21	24	14	24	24	13	24	25	12	

14	13	18	23	29	26	25	21	26	18	29	17	

26	11	14	13	29	11	13	22	23	30	13	29	

27	29	14	28	29	26	11	28	22	26	27	18	

24	15	14	27	18	19	21	28	22	26	14	16	

17	21	24	16	26	12	22	15	27	17	27	21	

14	21	10	18	17	29	14	24	20	22	11	25	

17	28	21	24	26	26	11	21	26	30	26	15	

11	21	28	14	25	14	20	17	27	12	14	24	

15	25	26	24	19	28	18	17	29	22	21	13	

28	12	23	21	23	18	14	28	25	23	30	14	

27	25	19	28	10	23	17	20	19	23	17	29	

17	13	12	30	14	13	11	23	26	19	11	17	

20	10	15	23	16	25	26	10	27	25	26	13	

23	14	23	10	26	12	27	21	19	26	18	12	

26	26	29	22	19	23	20	13	27	26	13	27	

26	19	27	28	30	20	12	10	17	20	20	27	

12	24	18	15	28	28	17	29	20	22	13	16	

21	10	24	10	18	17	14	22	23	23	20	13	

27	10	15	29	11	25	16	25	24	13	14	12	

21	22	11	30	29	13	11	18	15	20	28	26	

29	21	19	20	13	10	25	26	22	30	22	19	

19	11	11	24	24	12	18	23	12	28	11	17	

30	20	19	15	21	27	26	13	25	17	15	13	

26	24	17	16	23	26	27	24	17	30	28	14	

26	22	21	18	24	22	20	22	28	17	20	16	

13	18	20	25	22	10	27	14	11	25	23	20	

22	19	26	21	15	20	22	27	10	29	30	29	

25	15	22	20	27	10	21	16	21	13	22	25	

11	10	27	14	27	17	11	25	11	14	25	14	

11	28	22	22	20	27	26	27	10	10	28	27	

29	20	23	18	15	30	26	26	13	12	15	25	

16	16	22	25	10	16	15	14	23	13	15	12	

30	27	20	26	19	18	20	26	25	23	26	20	

15	13	27	26	19	29	10	12	24	10	17	11	

23	25	13	25	19	24	17	11	19	26	17	30	

17	21	20	25	20	17	24	25	28	29	20	20	

11	21	18	13	20	29	25	17	28	25	12	27	

11	11	14	15	22	28	21	11	16	29	14	15	

27	13	24	11	29	20	11	15	25	20	21	16	

11	29	27	15	12	27	30	12	13	23	13	16	

30	13	22	24	17	28	23	14	11	22	13	14	

30	13	28	29	28	15	20	10	28	13	11	25	

14	30	21	26	22	10	11	29	30	25	28	18	

16	19	25	21	14	11	20	17	22	30	15	17	

21	29	26	20	26	27	12	28	10	25	22	10	

26	22	23	17	10	30	23	12	13	12	21	28	

30	27	24	14	28	14	30	15	14	10	21	16	

10	22	19	23	16	25	25	23	14	15	16	20	

26	18	21	21	10	24	27	25	13	21	25	20	

30	14	15	11	19	12	18	10	26	22	10	22	

12	15	10	10	24	25	28	29	21	23	11	21	

27	29	27	30	11	23	13	22	18	28	20	15	

25	22	20	20	13	14	25	29	26	26	21	24	

18	14	10	15	28	23	12	29	25	17	10	23	

24	30	28	24	15	22	16	18	18	27	20	21	

23	22	19	27	30	13	13	17	30	10	13	11	

11	23	30	17	16	30	15	25	24	28	13	24	

19	16	13	15	26	26	25	26	27	20	20	23	

29	27	30	18	25	12	14	12	19	18	28	25	

21	21	18	23	30	18	30	15	27	10	19	21	

11	23	29	28	16	14	30	10	29	20	16	16	

25	11	22	13	25	20	29	11	24	27	16	22	

23	13	20	21	17	18	21	10	30	14	11	28	

21	17	15	16	19	29	13	20	19	12	26	23	

21	24	20	18	14	19	11	24	16	28	17	23	

21	25	21	22	21	20	18	26	16	10	23	12	

10	23	17	25	13	24	18	25	18	26	20	11	

23	20	18	10	14	29	24	13	17	11	18	21	

20	28	17	14	29	25	29	13	17	10	15	15	

22	20	29	14	10	21	12	21	23	18	30	24	

17	20	30	11	27	20	10	23	27	14	25	30	

21	10	14	10	17	20	14	27	12	23	26	15	

15	12	26	30	19	20	29	11	27	29	28	15	

26	14	30	28	30	25	18	16	23	25	19	21	

10	18	16	17	18	20	29	18	12	25	21	12	

25	30	12	12	13	25	24	24	28	22	13	30	

23	10	19	27	16	14	23	28	26	17	23	10	

13	18	18	27	30	24	17	29	24	21	28	30	

17	23	30	25	26	12	14	28	14	13	22	15	

15	10	17	16	13	20	10	16	23	28	12	10	

26	19	14	14	29	27	29	25	25	28	10	18	

16	13	14	13	17	29	16	29	11	20	28	19	

18	16	18	13	22	19	19	15	27	23	25	11	

21	28	26	14	30	16	29	10	16	29	14	18	

16	11	25	12	22	13	20	14	10	20	29	29	

13	18	10	12	10	10	16	13	11	19	27	22	

18	20	12	15	24	19	22	15	26	14	28	30	

19	21	11	26	18	14	28	13	21	22	24	19	

13	30	19	13	17	10	20	13	26	10	19	22	

19	15	26	17	21	28	28	14	26	28	14	13	

27	15	19	13	17	30	12	19	25	15	30	15	

16	13	22	23	26	12	13	10	15	11	13	27	

23	17	17	13	21	16	23	30	12	13	17	17	

14	26	10	18	15	27	22	10	11	11	27	16	

20	29	27	11	11	23	22	12	18	19	28	16	

22	21	18	11	16	29	18	23	15	11	22	17	

24	18	30	17	16	10	26	25	20	13	27	14	

23	14	18	30	22	13	10	12	25	20	13	13	

17	30	21	22	16	18	27	16	26	11	14	28	

20	21	18	10	23	19	20	22	23	15	19	25	

15	21	12	30	23	12	25	21	29	16	11	29	

25	29	24	21	22	21	12	19	19	19	15	18	

28	22	30	21	16	11	18	12	27	11	16	21	

11	26	25	11	11	24	16	18	20	19	11	19	

24	22	24	17	18	22	24	25	22	11	16	19	

18	23	12	14	23	26	14	13	26	16	17	10	

24	11	21	20	30	11	14	10	24	18	14	11	

16	21	28	14	29	24	13	29	26	16	29	15	

26	22	28	27	20	22	29	18	29	10	15	10	

29	14	21	29	12	21	23	25	12	21	16	29	

15	23	26	24	22	19	30	10	22	21	27	25	

21	26	23	29	14	17	14	22	30	29	16	21	

26	26	15	11	26	30	19	21	26	16	12	18	

30	23	27	11	11	23	29	22	10	27	11	20	

25	10	23	24	30	30	17	28	11	28	28	12	

22	25	26	28	12	17	23	28	28	20	29	28	

29	19	20	12	30	29	23	19	21	23	18	18	

13	26	22	19	18	16	17	24	15	24	26	29	

14	30	18	21	12	25	28	11	24	18	30	26	

20	15	13	15	30	30	29	16	12	24	11	11	

11	20	26	11	12	23	15	10	30	24	22	17	

27	21	19	10	17	13	26	26	19	26	30	12	

12	25	21	11	30	10	16	18	10	29	14	11	

28	14	27	13	15	17	21	12	12	14	17	20	

18	28	13	19	24	20	17	22	27	28	14	29	

25	22	17	24	16	25	21	30	22	20	10	13	

21	18	15	20	18	30	26	16	20	22	17	11	

28	10	13	25	11	26	24	24	14	24	27	16	

19	27	21	26	15	30	29	20	11	29	13	21	

16	27	10	17	20	23	18	19	29	10	22	29	

22	14	20	27	11	13	16	17	25	11	28	13	

20	17	22	14	29	27	30	21	21	18	11	23	

11	17	23	24	18	13	11	11	28	19	10	24	

14	28	25	30	13	23	21	25	23	18	13	13	

27	21	25	24	13	26	30	25	18	17	20	18	

23	19	20	10	10	19	19	12	22	14	16	29	

16	27	14	19	16	22	28	10	28	12	23	13	

13	12	29	23	21	10	12	11	11	28	11	28	

14	11	18	12	25	29	27	30	10	28	21	25	

22	17	14	10	10	23	26	12	14	26	16	10	

14	12	21	29	19	23	30	17	25	13	20	14	

26	11	15	30	29	15	19	13	13	23	15	27	

12	20	24	12	22	11	12	12	11	11	23	22	

15	18	26	23	27	17	20	15	23	27	20	21	

15	15	11	19	29	24	10	21	14	26	14	16	

24	23	13	21	13	30	19	14	12	17	17	24	

21	24	25	27	30	14	14	19	13	16	13	22	

16	30	11	18	30	16	15	15	28	28	15	13	

12	28	11	20	12	16	24	28	30	18	30	23	

15	19	11	15	27	18	12	22	21	15	14	23	

18	11	29	23	21	11	17	10	19	11	20	13	

22	29	19	13	14	24	22	23	27	29	22	10	

28	23	15	25	13	19	25	13	12	14	17	26	

15	13	18	18	11	15	22	21	11	25	22	23	

14	26	17	28	21	26	15	30	10	23	30	30	

11	13	12	22	14	23	26	30	23	28	21	20	

19	28	17	29	19	11	25	21	22	24	24	18	

27	16	13	19	16	15	27	13	22	29	21	30	

22	19	30	28	14	29	18	24	25	19	20	14	

30	28	30	20	24	23	22	28	23	27	20	25	

23	24	28	10	19	22	22	17	24	26	26	25	

18	19	25	12	21	22	26	29	22	20	16	26	

27	26	17	22	16	23	26	22	23	21	11	24	

10	13	25	29	21	24	15	13	10	13	15	20	

13	29	23	21	20	19	26	16	21	15	29	28	

28	12	22	13	12	13	22	10	21	16	24	25	

11	15	29	23	15	10	12	27	25	22	15	14	

21	12	21	10	18	28	11	24	22	13	23	17	

10	25	13	29	21	21	25	13	23	27	17	18	

14	22	29	10	12	21	17	21	29	17	23	11	

29	16	21	11	15	16	11	21	22	14	17	22	

17	18	29	29	21	24	12	24	20	25	20	23	

30	18	16	15	10	15	22	28	14	22	20	12	

19	23	20	15	22	13	16	17	23	20	24	18	

21	27	30	27	28	27	28	28	19	28	27	19	

11	22	16	11	23	10	30	20	19	18	17	11	

27	26	27	20	24	18	27	16	25	22	26	11	

27	12	28	26	21	30	17	23	12	27	24	29	

30	21	17	22	14	16	11	21	12	18	16	29	

29	14	23	21	12	26	10	19	24	26	27	21	

11	22	19	28	15	13	16	19	21	30	29	16	

20	15	12	14	23	22	20	30	27	14	29	12	

23	29	18	25	13	29	26	29	30	18	11	17	

11	26	26	29	21	30	10	18	19	25	26	18	

22	16	23	15	12	14	12	14	29	13	14	20	

28	30	22	30	18	18	25	30	14	20	12	12	

25	17	27	12	30	30	11	16	23	27	12	25	

14	25	17	18	25	13	13	30	10	15	23	20	

10	29	26	26	24	20	22	22	18	15	22	15	

23	20	20	19	16	16	20	26	20	13	11	18	

20	14	20	27	29	13	13	26	16	12	21	28	

27	11	20	17	27	29	30	17	14	19	19	16	

30	18	25	14	16	23	28	17	18	22	16	25	

20	30	22	26	15	13	22	27	23	22	25	22	

14	26	28	24	20	10	23	24	29	10	29	16	

22	15	20	19	16	10	19	18	22	22	15	13	

17	22	25	23	11	17	26	22	15	22	21	11	

23	11	21	12	30	14	14	27	25	12	19	27	

26	30	23	22	20	19	27	11	11	17	22	19	

20	28	13	26	22	29	26	19	15	23	30	10	

22	14	13	12	13	19	30	19	13	29	21	26	

25	10	21	10	18	23	13	20	27	13	14	14	

18	13	28	23	17	24	20	23	13	21	13	10	

14	15	14	26	23	20	21	29	24	13	29	29	

18	12	28	24	23	19	15	14	11	27	27	28	

23	20	15	25	18	28	26	27	20	10	15	18	

29	24	15	30	18	21	10	25	25	18	25	29	

21	15	17	27	26	25	18	18	17	10	16	16	

13	15	15	11	26	10	12	30	19	18	17	24	

20	20	23	30	23	17	16	26	26	13	22	10	

25	17	27	12	28	14	16	17	13	25	24	16]	

