n:1286	
m:11


W:[12964
12874
12676
12817
12848
12817
12861
13066
12802
12986
12902]


b:[56
87
81
98
61
99
100
86
80
55
94
89
67
65
58
67
70
55
64
87
92
52
65
87
88
91
56
71
88
76
72
66
62
87
76
95
56
70
79
70
86
72
83
83
87
87
54
68
62
84
73
72
83
76
53
84
81
97
90
63
71
69
84
59
60
54
95
81
59
59
92
98
79
100
61
64
100
86
64
60
95
79
98
96
78
85
98
100
100
62
97
50
88
62
55
100
93
79
59
77
93
85
79
90
88
79
67
52
53
97
94
99
86
85
91
94
58
68
67
100
53
50
79
96
67
89
69
84
71
80
59
64
89
63
96
55
87
56
75
98
86
92
58
55
58
87
71
65
59
77
74
70
79
52
85
85
86
69
86
86
50
67
52
87
56
93
93
90
80
100
77
77
57
68
92
66
79
68
72
53
50
81
100
50
82
70
70
94
98
68
55
95
69
56
71
78
55
100
89
76
96
68
91
78
56
80
91
73
68
51
73
66
69
83
73
61
88
61
93
78
67
53
57
100
86
99
75
87
86
99
100
66
59
91
85
67
92
69
72
61
54
81
58
66
65
90
98
87
56
100
99
68
76
67
88
52
98
62
76
63
71
84
55
89
57
62
88
82
94
77
97
78
58
82
100
96
84
89
99
67
56
95
72
75
75
66
53
53
58
73
62
90
91
96
55
69
95
91
85
81
57
74
51
74
57
71
81
64
56
79
95
57
94
52
72
67
56
64
94
91
84
66
75
93
73
62
91
64
52
83
81
96
73
65
82
90
85
51
81
63
57
77
97
70
57
55
50
61
50
59
83
81
77
57
65
67
70
91
67
92
88
87
54
87
62
65
59
77
79
81
82
96
56
79
90
80
95
76
100
98
73
60
70
84
70
83
65
70
68
85
79
68
52
82
57
100
89
77
97
88
100
97
78
85
80
83
99
69
96
62
69
88
67
57
95
79
53
81
69
84
56
64
52
76
58
81
87
97
92
99
93
64
66
57
87
67
75
83
54
59
82
51
58
88
74
52
87
88
72
59
59
57
68
89
97
76
99
79
80
54
94
95
98
52
89
88
68
63
84
94
60
82
98
50
99
85
52
64
89
52
55
67
89
65
100
68
55
89
96
57
55
73
82
73
93
78
91
81
73
70
92
100
97
81
77
66
78
90
64
98
72
71
91
70
72
55
53
86
77
76
84
58
58
91
71
71
92
91
99
99
77
55
56
93
70
54
63
81
61
62
77
59
96
56
59
91
61
80
63
75
68
82
96
76
78
100
89
66
64
75
57
97
91
51
67
100
64
75
60
59
77
60
84
51
89
68
85
55
65
76
65
97
84
70
100
60
83
72
59
74
53
53
78
82
52
77
94
59
99
87
61
62
70
95
62
57
96
95
60
88
73
73
63
62
64
61
84
86
80
59
72
88
90
69
74
62
90
82
85
91
83
78
66
96
96
94
69
61
85
67
73
79
95
70
67
61
92
66
93
55
61
83
67
81
88
53
68
99
55
96
74
62
91
83
88
92
77
71
54
60
59
50
68
54
71
60
76
96
50
83
74
72
96
76
86
55
52
83
68
92
52
59
100
76
71
50
72
51
51
64
63
82
88
59
87
58
99
73
83
54
57
72
71
84
86
88
63
59
79
86
62
50
78
50
53
80
63
73
68
64
87
67
54
60
74
63
82
96
76
88
51
94
80
64
82
94
96
97
77
54
87
76
92
79
90
58
70
63
77
91
79
63
50
62
77
52
65
87
56
75
55
95
69
58
85
74
70
52
84
59
84
58
86
94
60
76
74
63
69
74
65
78
80
68
90
58
98
80
59
61
99
66
58
76
55
55
74
97
55
84
66
62
52
99
62
75
98
67
87
90
77
93
81
81
99
68
58
91
66
82
73
52
77
100
52
52
72
68
51
98
75
60
72
100
77
51
63
73
93
90
89
87
66
79
85
66
77
69
64
70
51
76
75
74
54
84
71
91
67
63
55
72
84
95
76
72
75
64
60
87
82
89
67
79
99
64
84
85
95
68
53
73
63
95
79
96
80
89
89
87
90
60
89
52
84
59
55
50
63
69
92
83
82
100
54
86
67
94
57
56
72
56
84
77
59
76
53
57
87
56
97
77
91
63
62
84
91
99
56
91
76
61
94
80
57
63
91
76
87
88
73
59
65
78
94
83
91
92
81
84
93
71
93
98
80
63
68
53
98
98
75
84
85
83
56
73
98
83
67
57
85
95
51
56
98
72
75
83
78
75
91
84
71
80
66
73
80
92
83
75
97
87
67
70
52
67
58
90
52
90
83
100
85
97
90
82
64
57
76
78
80
100
77
57
64
99
55
60
65
88
56
71
56
67
64
89
95
92
56
99
85
51
98
79
64
65
56
91
60
74
95
57
65
60
66
74
91
99
71
93
68
89
51
83
60
99
98
65
79
95
95
84
95
88
54
100
95
79
54
69
62
59
83
50
57
97
64
61
99
81
63
89
86
91
79
81
50
53
79
59
82
81
61
73
52
51
76
57
57
87
91
90
81
98
51
66
81
55
98
67
78
79
94
80
56
55
60
74
83
79
97
65
83
59
100
78
54
85
56
99
59
79
70
52
99
75
82
74
76
73
80
93
100
66
56
88
55
56
53
62
85
65
56
66
54
82
84
80
71
71
67
52
55
76
95
95
57
58
91
50
69
78
100
64
70
80
73
74
88
63
77
86
70
85
100
81
65
54
73
93
80
87
57
96
59
95
61
62
65
94
54
81
80
96
91
66
75
82
71
69
67
53
71
72
73
82
84
57
70
75
53
69
82
58
100
55
100
84
88
99
75
83
68
75
86
60
99
79
68
85
63
61
76
95
66
68
69
95
62
86
93
66
60
83
56
52
86
99
100
62
51
89
64
61
66
52
83
95
54
59
76
87
77
77
57
91]


w:[23	24	15	23	22	25	19	24	27	10	30	

10	19	25	20	22	12	26	27	10	25	19	

16	23	18	24	28	19	24	23	14	17	27	

28	23	24	23	17	25	28	27	15	29	19	

17	30	30	24	22	14	19	14	25	28	11	

25	24	27	18	22	21	17	12	16	25	23	

29	12	25	26	16	13	27	19	20	24	21	

30	27	16	21	21	11	16	12	28	30	18	

27	21	17	29	15	24	11	23	19	21	17	

27	23	23	29	24	18	11	14	20	15	28	

25	15	10	16	23	16	13	30	28	10	18	

14	27	21	21	10	17	14	23	13	23	14	

18	24	27	29	14	18	11	12	12	25	26	

13	17	26	25	14	25	15	21	15	27	26	

20	24	19	27	17	27	20	15	25	26	30	

22	12	23	14	28	23	26	14	15	14	18	

13	24	20	24	16	10	30	27	25	17	30	

18	11	20	16	21	12	24	30	12	10	13	

16	20	17	13	23	27	21	30	23	28	11	

21	12	20	30	14	30	22	25	10	19	29	

17	23	10	16	23	12	11	26	13	18	28	

25	18	13	18	23	23	13	29	18	19	20	

11	17	20	15	27	21	13	19	11	16	11	

12	16	30	15	12	15	30	10	15	15	19	

17	11	14	24	23	29	11	30	11	24	29	

17	21	16	21	30	20	11	19	25	18	30	

15	12	28	21	26	29	15	28	25	29	30	

17	23	27	20	13	21	22	16	10	18	11	

29	30	13	26	30	26	10	13	29	23	20	

16	28	29	11	14	25	11	21	11	18	30	

21	26	16	24	27	20	25	19	24	18	27	

29	11	18	18	12	12	20	14	26	22	30	

25	23	20	21	10	21	10	23	21	12	17	

15	11	17	13	17	25	29	18	12	13	12	

11	20	16	25	11	23	17	23	23	20	20	

14	15	11	24	18	18	24	27	14	17	25	

17	14	11	28	26	30	13	13	12	14	17	

14	13	20	11	10	28	15	28	13	12	20	

25	30	15	13	10	23	29	17	16	19	14	

12	10	17	24	13	21	11	19	27	28	24	

26	14	11	29	28	29	17	23	30	30	10	

16	14	17	26	10	24	29	14	18	16	12	

11	18	30	25	24	28	10	24	17	30	18	

26	23	24	18	11	27	23	28	17	26	28	

28	28	13	25	16	20	26	29	25	18	17	

17	27	17	16	17	29	14	15	10	20	11	

14	21	23	13	23	15	29	22	26	17	28	

27	13	25	16	15	24	27	28	25	19	26	

10	26	12	18	28	20	26	16	10	17	27	

14	25	26	23	18	20	24	26	10	10	21	

21	13	19	30	10	10	13	25	29	28	21	

18	20	20	26	19	17	19	24	15	26	12	

23	21	15	16	24	22	10	25	29	25	27	

26	26	21	16	21	30	13	22	20	27	16	

12	14	15	10	27	22	12	30	11	16	30	

27	13	10	25	20	17	29	22	13	15	30	

29	14	23	30	28	28	17	18	22	25	26	

27	10	24	23	21	23	11	25	13	27	27	

26	11	20	10	26	13	10	30	25	10	16	

13	16	17	28	10	12	12	17	22	19	14	

29	11	27	22	10	22	20	11	22	18	25	

24	14	17	16	17	26	21	24	12	28	24	

27	18	30	22	10	27	15	18	10	25	11	

18	14	20	23	28	27	16	16	29	30	13	

23	12	19	17	17	19	17	22	30	24	24	

19	12	22	22	24	20	26	17	12	14	24	

25	22	10	17	20	17	27	30	28	22	18	

29	17	28	19	27	23	23	27	15	30	20	

23	26	26	10	27	27	24	22	19	10	30	

24	20	14	20	26	11	12	14	25	15	26	

23	19	14	19	30	14	26	22	23	27	23	

11	22	18	22	15	28	15	24	13	18	21	

22	15	30	21	21	23	19	30	16	21	18	

30	18	22	29	17	14	30	28	16	15	27	

24	27	12	15	14	13	27	12	19	11	27	

29	20	20	23	22	28	13	12	11	14	27	

20	15	30	19	22	25	29	20	14	17	19	

19	26	28	30	24	10	29	11	29	12	25	

21	25	26	24	23	30	16	12	26	20	23	

17	11	30	23	23	10	26	15	24	21	14	

25	20	24	15	11	23	22	24	23	28	18	

26	14	19	30	23	19	28	12	18	19	15	

18	21	30	23	29	28	13	24	23	22	15	

11	13	21	20	23	20	17	26	27	27	29	

27	14	18	27	18	18	23	14	11	16	15	

12	25	18	29	30	13	23	29	19	29	10	

16	27	21	14	25	23	24	12	18	24	16	

28	14	18	14	14	27	22	18	22	15	15	

19	14	21	15	17	21	26	15	10	14	13	

28	15	19	10	21	14	22	22	10	14	17	

11	22	17	19	13	10	13	14	19	26	23	

15	30	26	19	22	20	19	11	21	14	30	

20	17	17	30	13	13	10	26	30	18	27	

24	25	14	26	14	21	29	27	30	27	28	

29	11	22	11	27	19	14	22	17	24	15	

20	15	12	18	21	16	15	22	30	15	28	

23	15	15	12	26	15	18	20	30	14	24	

21	27	10	23	11	26	25	21	27	13	19	

27	20	27	13	28	23	13	16	28	29	30	

14	27	28	17	10	22	20	18	19	29	14	

22	28	16	15	28	13	21	16	20	17	16	

14	18	14	15	30	18	28	25	12	14	23	

11	16	22	15	16	13	19	24	27	25	30	

30	21	28	13	25	27	23	22	18	16	10	

12	23	18	22	17	13	23	10	16	18	16	

11	15	22	29	10	11	19	30	21	11	27	

27	17	23	23	29	27	17	29	30	26	25	

15	26	21	26	24	12	18	11	13	30	10	

24	19	23	24	22	25	12	18	17	18	11	

26	30	17	24	18	21	14	29	18	29	23	

21	17	13	12	19	15	10	27	18	23	29	

13	16	11	11	10	28	13	14	12	23	14	

28	15	22	15	30	21	30	29	13	22	12	

27	17	24	13	11	23	27	16	12	18	14	

30	21	12	14	25	15	15	30	12	19	30	

21	21	16	28	10	13	16	12	23	28	19	

15	17	11	24	20	21	14	20	22	29	23	

26	27	24	22	21	19	12	26	29	15	21	

22	11	17	13	18	18	19	22	18	28	20	

10	25	14	28	29	10	23	14	30	13	30	

20	21	25	26	23	27	23	30	24	26	27	

11	11	12	14	27	16	23	13	12	21	25	

11	13	10	24	27	11	26	17	23	21	22	

21	11	25	11	25	28	10	22	18	15	18	

20	18	13	14	19	27	15	23	22	16	26	

22	18	16	13	18	13	27	22	25	28	26	

26	25	21	12	24	11	10	29	16	29	16	

27	22	21	25	30	16	24	13	15	23	16	

10	18	27	16	30	24	30	13	26	29	10	

15	27	12	11	13	26	17	28	12	20	25	

10	26	25	18	28	17	19	14	19	25	21	

17	13	21	22	15	30	21	29	15	11	29	

10	10	29	10	21	29	23	21	19	22	25	

15	20	27	24	19	11	10	24	29	27	14	

23	15	23	19	19	17	15	10	17	13	20	

17	25	23	25	25	26	19	11	19	15	12	

27	23	12	16	29	14	23	27	26	23	10	

14	10	25	28	17	30	17	24	16	28	26	

16	15	17	22	26	28	25	23	29	11	17	

27	17	28	23	29	17	24	28	21	15	26	

30	14	19	12	22	16	19	11	20	12	21	

24	16	20	24	20	29	14	29	16	12	29	

29	13	15	30	28	15	28	10	25	18	16	

20	22	27	21	25	29	25	21	27	26	18	

28	20	24	24	10	28	22	17	17	18	16	

11	19	10	26	15	28	27	21	22	26	23	

16	15	30	15	20	17	15	27	21	24	15	

26	28	19	28	25	12	12	12	21	24	27	

29	21	20	14	11	21	22	18	27	15	24	

23	20	12	17	20	16	17	26	21	30	11	

20	11	29	26	26	16	18	19	24	30	18	

23	24	16	12	15	22	10	29	13	10	24	

27	12	12	28	28	16	21	30	29	25	14	

28	15	15	30	13	14	17	13	30	19	20	

14	27	27	26	23	22	17	28	19	18	19	

22	12	21	22	29	19	26	14	10	10	21	

26	28	24	23	29	10	26	12	19	24	17	

16	17	15	24	22	13	15	17	25	28	23	

19	20	10	13	22	19	25	10	30	26	17	

27	27	11	12	28	25	11	14	25	26	12	

22	16	12	13	24	28	27	21	19	20	21	

12	30	22	12	16	18	14	23	14	24	28	

29	15	24	29	18	29	21	12	27	13	23	

18	30	23	12	11	22	13	19	25	12	26	

30	27	27	19	10	29	12	14	26	22	19	

21	12	19	23	21	16	11	20	13	16	14	

19	27	24	15	17	27	13	10	18	28	21	

24	10	23	26	24	30	20	11	22	13	25	

11	18	12	28	21	21	20	23	16	28	20	

21	29	14	29	28	21	30	26	11	14	27	

11	21	20	14	11	18	18	22	17	12	17	

30	25	29	21	24	24	20	25	23	10	22	

30	10	14	20	16	21	23	29	12	18	11	

24	28	11	10	20	18	19	26	25	25	18	

11	17	28	18	25	25	27	18	22	21	30	

19	14	24	23	26	24	20	26	25	18	28	

22	28	22	13	27	23	22	13	11	21	18	

30	10	30	30	12	27	11	29	22	30	12	

16	28	19	14	16	29	22	25	25	28	13	

22	15	10	22	13	10	20	12	19	10	23	

24	24	11	14	13	29	17	30	23	18	12	

29	20	25	19	30	16	13	23	10	18	24	

15	21	10	26	18	16	19	20	22	14	19	

17	12	15	30	16	12	29	24	22	14	19	

16	11	29	15	13	30	21	14	11	20	14	

27	19	17	27	14	30	30	21	27	18	12	

17	15	14	23	28	21	11	11	13	21	24	

10	25	20	20	28	12	26	29	18	30	27	

14	15	20	18	19	15	17	12	10	28	10	

14	28	26	19	20	16	18	26	14	28	28	

29	30	19	14	23	18	24	29	19	21	29	

23	22	23	13	14	27	25	21	29	27	29	

27	19	17	15	27	16	30	24	15	26	21	

14	11	28	12	26	25	14	21	26	23	14	

24	10	17	24	14	25	29	12	21	23	13	

30	16	15	17	13	24	18	21	24	17	22	

27	21	12	17	12	17	25	25	28	17	26	

21	22	19	23	24	22	25	10	23	27	20	

13	10	14	14	24	20	13	19	25	30	23	

14	12	12	20	17	12	20	28	22	27	23	

20	30	23	11	20	21	15	17	16	10	14	

16	28	29	22	24	19	17	13	16	29	28	

10	15	15	29	22	17	25	25	27	20	14	

25	19	30	26	15	16	23	20	24	13	10	

18	22	12	27	19	21	15	25	15	21	23	

15	15	21	18	22	15	19	24	27	16	10	

24	26	21	17	18	10	21	26	25	16	12	

30	15	11	22	13	24	13	13	30	20	20	

15	15	17	26	28	23	11	17	10	10	17	

16	22	27	24	30	17	24	19	18	29	30	

13	12	18	30	20	10	12	28	17	25	19	

11	11	28	22	30	15	25	25	16	27	30	

25	22	13	10	23	23	22	18	24	27	16	

17	12	30	24	20	14	14	19	24	30	10	

30	13	12	13	21	11	21	24	22	28	18	

10	30	28	13	22	22	23	25	25	19	20	

26	22	15	10	15	25	25	13	11	30	17	

12	29	16	26	10	16	28	29	20	18	13	

24	22	10	30	28	25	15	18	29	15	25	

27	27	23	17	29	23	11	13	17	13	26	

11	30	10	19	29	30	21	29	12	30	27	

22	10	20	16	20	14	17	21	16	26	17	

12	11	16	19	21	12	28	10	24	16	20	

10	25	22	17	13	29	10	29	25	19	17	

25	17	21	26	19	28	11	16	20	29	11	

30	18	16	14	28	23	13	30	13	24	23	

22	30	26	13	17	27	15	12	12	13	17	

17	17	25	19	20	19	22	17	14	30	24	

13	29	18	30	10	18	30	30	12	25	16	

24	14	19	15	30	21	19	12	16	27	11	

25	13	12	28	29	30	18	15	22	13	14	

18	19	18	22	27	14	11	27	28	24	28	

17	12	28	13	30	14	29	12	25	23	14	

26	18	10	19	17	21	21	22	11	14	19	

24	18	12	14	25	28	12	17	16	29	13	

28	30	20	13	15	11	17	10	25	18	18	

17	11	11	29	13	29	29	19	15	16	21	

24	18	25	20	19	12	18	25	24	19	28	

12	28	26	29	15	27	13	20	16	20	24	

25	13	17	22	11	18	30	20	13	15	16	

22	17	10	28	21	23	12	12	24	30	29	

11	11	25	19	13	10	13	29	15	29	10	

15	14	23	15	28	25	19	29	12	21	20	

14	15	29	18	24	23	19	25	20	30	22	

28	22	23	23	20	12	12	15	21	14	14	

21	21	16	19	21	20	14	20	29	15	24	

17	16	18	29	21	15	25	22	21	23	19	

26	26	21	11	11	28	29	26	12	25	17	

12	20	17	28	13	29	26	18	16	29	30	

20	13	27	12	15	29	26	27	23	18	23	

23	23	21	24	21	14	17	27	29	16	23	

17	21	29	28	29	14	21	24	29	26	23	

16	10	10	18	29	21	29	10	29	21	28	

18	11	11	17	30	14	13	19	17	30	16	

16	24	13	12	30	15	19	14	11	13	21	

13	21	14	17	15	14	28	27	20	28	28	

30	10	11	13	11	24	20	12	14	16	16	

11	14	14	18	17	28	30	27	18	14	19	

29	18	12	18	22	25	28	23	17	23	15	

21	24	21	21	20	25	15	23	23	26	28	

27	20	24	13	20	13	10	17	10	22	16	

19	28	18	15	12	26	25	21	29	12	15	

20	21	25	12	19	22	29	10	25	30	15	

30	23	20	30	26	16	16	10	26	17	25	

15	19	12	13	27	18	25	29	27	16	26	

12	23	28	28	15	18	12	30	22	29	27	

13	28	29	16	25	10	22	30	21	11	10	

25	21	14	21	21	14	28	21	26	15	12	

22	25	17	26	24	30	16	25	27	28	22	

17	21	15	28	16	15	28	22	26	26	26	

23	21	14	16	11	24	29	25	15	22	19	

23	17	12	19	19	27	19	19	28	28	22	

25	18	16	13	14	24	14	14	11	22	24	

21	17	27	20	26	17	30	23	13	17	12	

21	13	20	28	26	14	26	30	21	16	19	

19	27	21	30	13	17	21	30	19	12	16	

22	30	27	16	20	12	29	26	29	20	27	

20	12	14	10	22	28	10	25	23	20	24	

27	23	11	26	29	12	19	25	22	18	18	

18	16	18	27	22	18	24	18	15	18	16	

19	23	10	13	13	11	16	12	20	10	10	

28	21	25	12	20	26	11	18	18	11	27	

17	25	16	10	25	10	27	28	21	15	24	

17	12	23	10	15	15	22	24	13	10	26	

29	13	13	10	14	29	16	30	15	20	28	

13	29	25	17	13	28	28	13	18	29	17	

21	20	23	12	14	27	29	15	28	28	28	

29	14	13	26	23	23	10	12	10	16	24	

29	26	30	27	30	21	16	12	19	26	22	

21	12	20	17	26	20	14	30	14	25	23	

28	15	17	12	30	22	24	29	20	14	23	

13	13	24	26	25	29	27	12	16	15	23	

15	17	17	19	30	26	11	11	10	22	12	

17	19	11	27	18	16	14	30	28	18	22	

16	20	22	14	17	21	26	18	10	16	25	

14	12	25	12	11	17	23	25	19	25	21	

21	17	11	23	23	12	22	12	22	30	30	

27	28	18	12	12	24	11	28	21	18	24	

25	12	17	29	12	29	29	15	27	24	17	

25	11	21	10	12	11	13	16	17	25	24	

21	23	12	30	25	29	21	22	20	13	16	

21	14	17	20	29	24	28	14	22	24	10	

11	21	25	11	10	11	12	26	24	24	30	

20	27	27	25	11	18	13	11	29	30	10	

12	20	27	21	20	23	25	14	22	20	19	

18	20	28	25	24	18	11	17	24	12	16	

15	29	21	12	25	20	27	21	26	27	16	

24	26	24	30	25	20	28	26	12	25	16	

15	18	25	23	27	30	20	22	11	29	10	

30	12	20	22	30	24	14	30	11	15	27	

25	29	18	26	26	25	14	23	11	26	20	

24	10	21	14	14	24	19	25	25	16	19	

28	26	15	21	20	12	27	28	14	26	24	

23	25	18	16	25	10	20	12	23	23	23	

21	21	11	17	27	22	13	28	29	30	28	

15	21	30	24	24	10	23	30	17	10	10	

14	30	28	18	21	28	26	23	18	21	21	

15	13	28	30	23	26	26	20	19	19	26	

28	19	16	22	23	14	20	29	26	14	19	

15	16	13	26	27	29	10	18	21	12	28	

23	25	27	12	22	22	22	16	20	23	21	

18	25	15	24	25	24	13	11	26	26	14	

24	21	30	29	17	29	15	11	23	10	17	

29	14	27	29	13	18	15	24	21	10	19	

22	18	10	12	10	23	24	10	27	20	13	

11	13	20	24	25	11	20	25	26	14	13	

30	16	21	18	20	14	17	20	29	19	16	

11	25	11	12	21	19	29	10	20	11	26	

25	16	19	12	15	18	20	13	24	24	10	

22	13	14	12	21	24	28	13	28	19	21	

27	10	28	26	29	27	24	13	26	22	22	

15	13	12	25	14	20	23	27	19	21	30	

14	28	21	15	23	12	24	22	16	16	13	

12	25	21	10	14	11	30	29	17	23	30	

20	25	26	10	13	23	16	21	14	11	29	

23	28	11	15	29	30	30	28	27	20	13	

21	11	20	23	30	24	30	16	25	19	22	

20	14	12	29	13	11	10	25	22	22	20	

15	20	14	10	21	19	20	30	28	20	24	

16	22	11	10	21	18	24	24	30	17	17	

14	27	15	19	16	17	12	27	28	28	21	

13	15	27	19	27	17	19	26	16	13	19	

27	29	13	10	20	23	15	24	30	16	29	

17	10	17	26	28	22	30	23	11	10	20	

10	27	26	27	28	28	28	16	28	19	13	

28	25	10	18	23	17	14	20	16	13	24	

19	11	29	30	25	12	29	11	22	11	30	

11	29	11	12	16	20	27	19	12	20	21	

14	30	11	29	21	28	27	10	26	16	12	

26	17	25	22	23	24	16	11	25	16	27	

23	24	22	10	19	13	10	17	16	21	25	

23	17	29	14	17	12	25	30	21	27	20	

21	12	23	12	14	13	11	21	28	13	19	

23	16	29	11	24	10	25	20	13	21	14	

23	29	25	22	24	25	14	29	14	27	13	

17	26	18	19	11	12	13	13	13	23	25	

21	23	30	21	10	28	17	11	28	25	28	

12	11	23	30	20	14	22	12	20	13	12	

13	20	14	13	27	15	23	11	10	10	10	

25	20	23	30	12	23	29	21	18	26	23	

10	23	10	13	25	29	15	27	14	17	24	

21	22	10	12	11	13	30	16	25	16	10	

27	28	17	27	22	25	26	29	20	10	19	

12	12	27	29	27	10	14	27	14	25	12	

15	23	19	21	24	10	15	14	18	27	20	

26	15	18	19	21	23	26	26	14	15	30	

20	14	30	17	30	21	28	26	12	26	29	

11	20	19	18	21	26	14	18	23	13	22	

16	10	21	25	12	21	26	24	27	29	27	

13	22	11	10	29	11	13	15	27	25	22	

16	17	27	18	22	26	25	20	15	21	28	

13	27	16	13	19	26	27	22	10	22	15	

18	29	27	18	18	14	13	12	22	12	10	

29	23	29	15	10	11	30	20	23	23	12	

11	19	21	18	20	29	27	16	24	21	26	

23	28	26	16	27	18	10	30	18	26	26	

25	27	24	16	22	16	24	25	12	30	25	

17	16	11	27	12	29	19	23	11	22	15	

26	14	14	26	22	26	17	18	23	27	26	

23	24	11	15	29	24	11	15	22	24	11	

14	30	22	29	24	30	17	21	29	25	28	

16	23	28	26	19	25	15	22	29	23	12	

22	13	17	24	10	18	28	28	18	23	15	

13	21	25	11	25	25	29	22	25	19	17	

30	13	15	28	24	23	29	11	24	24	20	

30	29	21	11	11	24	19	10	25	28	11	

16	11	19	15	14	26	22	18	15	30	23	

25	19	14	18	23	13	22	14	10	20	30	

20	20	23	23	22	24	29	12	12	22	15	

14	18	24	13	24	16	24	25	26	14	11	

30	30	19	14	11	29	25	29	27	22	29	

12	26	20	10	29	24	13	13	15	17	21	

23	17	11	20	18	26	13	21	20	27	26	

18	28	26	26	22	25	21	11	25	28	24	

13	25	24	17	15	24	27	13	15	28	15	

16	13	30	17	21	13	15	12	15	18	15	

21	28	28	22	20	28	24	16	18	11	11	

21	26	25	19	10	27	11	15	30	25	17	

12	27	29	18	18	14	23	15	17	20	13	

26	26	23	24	28	30	27	11	15	21	30	

21	10	30	27	24	18	15	28	21	11	27	

22	16	19	21	26	26	21	26	19	15	13	

11	11	26	28	11	20	19	24	29	26	29	

25	17	16	28	15	18	18	17	23	16	29	

28	11	11	23	25	25	24	17	27	21	18	

30	19	11	10	26	21	30	20	23	27	12	

13	13	13	17	19	23	29	13	25	23	11	

30	14	24	25	11	12	18	28	14	25	25	

23	21	24	18	23	24	13	18	14	26	13	

14	12	29	20	16	17	15	10	21	25	18	

19	26	13	16	16	14	28	16	12	25	30	

28	18	15	16	14	10	21	13	14	14	10	

21	23	26	17	14	25	16	12	15	20	30	

17	28	23	24	17	14	24	13	13	23	28	

12	12	26	13	24	14	27	13	24	16	20	

24	21	12	27	19	11	24	25	24	13	11	

14	16	23	26	29	21	13	19	19	18	25	

21	25	10	24	10	27	17	18	30	29	28	

28	22	18	28	20	26	12	30	23	27	24	

27	22	16	20	13	24	24	10	15	26	17	

30	27	17	12	28	18	18	23	27	30	26	

14	25	23	15	29	26	21	26	24	18	11	

19	30	19	15	27	13	23	26	25	16	21	

22	14	16	11	12	10	19	28	12	23	26	

14	10	10	29	14	23	16	21	22	27	22	

10	23	11	17	25	29	15	14	16	12	27	

15	20	28	12	30	18	21	19	13	26	26	

14	16	30	10	16	28	18	20	30	11	13	

11	24	27	24	28	20	20	15	15	20	16	

20	21	12	16	18	26	28	27	17	21	24	

12	11	12	18	11	23	24	23	26	11	28	

15	22	10	21	20	22	19	10	22	10	29	

16	25	25	18	16	23	29	28	16	11	14	

23	24	21	24	17	21	21	21	11	15	27	

21	21	26	14	12	30	14	29	29	25	27	

22	21	18	26	12	20	14	11	18	14	29	

16	27	21	29	15	18	16	18	30	10	11	

17	19	16	17	29	12	27	17	25	19	26	

27	23	14	18	30	21	11	21	29	22	18	

14	19	22	24	27	18	30	27	16	12	23	

20	26	14	18	11	11	16	28	12	14	25	

10	25	13	19	15	29	25	13	10	24	26	

28	27	24	16	17	14	26	26	20	25	16	

24	30	20	25	14	13	26	21	18	13	19	

11	16	26	30	20	16	21	18	28	11	12	

30	14	28	18	28	14	28	11	22	27	27	

22	13	30	29	26	10	29	20	28	11	20	

20	10	27	24	23	22	24	27	24	16	17	

28	18	29	13	26	18	14	29	28	21	14	

23	20	19	21	12	17	18	23	27	26	13	

23	19	17	27	11	16	10	18	23	26	20	

27	22	29	30	22	14	20	21	18	15	21	

19	29	27	25	27	25	20	15	18	22	25	

12	20	21	28	16	24	12	14	12	15	18	

14	26	20	23	27	14	28	28	22	26	13	

27	21	26	18	13	17	21	22	19	14	23	

17	26	27	25	25	19	18	20	28	26	28	

21	17	29	30	16	17	24	30	20	23	22	

26	27	24	10	23	21	28	27	20	21	24	

25	22	11	22	29	19	11	12	16	11	21	

28	28	13	26	16	11	26	27	18	20	22	

19	14	22	15	11	23	14	24	15	27	25	

26	27	23	13	22	14	26	28	16	25	26	

10	23	28	29	10	21	14	22	16	15	30	

23	11	11	17	25	10	24	20	14	24	22	

22	14	14	17	15	20	14	23	30	10	21	

27	27	27	10	12	29	16	12	16	11	18	

12	21	27	30	28	16	24	19	25	13	28	

30	30	11	25	18	20	21	10	12	14	18	

27	24	18	18	13	23	21	30	19	26	28	

21	16	19	27	15	19	26	26	12	11	14	

18	28	12	16	23	14	28	15	24	18	11	

10	20	22	20	27	12	15	18	13	14	22	

30	30	13	26	19	16	17	26	19	14	10	

15	10	27	25	12	28	13	30	30	25	10	

17	20	18	14	11	23	12	22	10	18	17	

17	18	29	15	30	30	10	12	19	24	12	

29	27	30	30	19	23	22	26	20	22	12	

28	27	28	16	29	28	28	21	26	15	30	

15	22	10	25	12	13	11	16	16	17	18	

23	15	17	10	14	15	26	29	22	25	24	

26	16	14	19	15	23	29	15	13	20	13	

25	15	16	27	14	25	11	14	28	29	23	

17	17	10	12	27	28	18	24	30	23	30	

13	26	15	21	18	30	25	23	11	23	12	

25	20	18	16	16	13	11	14	17	13	16	

19	11	14	29	28	21	19	25	28	30	27	

24	14	23	25	13	11	17	28	22	24	26	

17	20	11	15	28	21	29	23	19	30	20	

21	14	19	30	16	27	15	23	28	13	17	

16	21	17	27	14	20	30	15	17	22	10	

10	17	21	23	28	24	23	28	18	22	25	

25	26	10	30	27	18	10	28	18	19	17	

13	23	24	14	14	30	22	18	30	27	30	

27	10	29	23	27	27	17	22	14	30	10	

10	23	29	12	12	21	23	11	23	14	10	

10	19	18	16	22	24	17	30	28	29	10	

11	24	30	24	27	24	18	17	19	15	28	

22	17	27	22	15	27	16	22	30	28	11	

30	21	16	27	28	17	12	20	12	13	30	

23	27	10	25	16	15	19	10	26	13	30	

25	18	29	17	24	15	13	10	19	17	12	

17	17	16	27	24	10	15	26	15	16	28	

12	16	21	29	22	22	22	10	12	12	21	

27	27	24	14	20	15	16	12	26	28	19	

21	23	15	13	18	11	15	14	11	17	19	

14	21	15	18	30	18	19	18	15	23	29	

29	25	12	28	22	22	21	30	10	12	11	

12	23	16	25	29	16	18	12	21	25	11	

18	17	11	17	23	28	13	23	18	13	26	

28	30	20	16	17	27	23	19	30	29	23	

22	22	30	27	18	21	23	19	21	21	14	

16	11	29	21	24	14	12	29	19	23	11	

14	27	26	24	16	15	25	11	23	18	20	

10	12	13	24	14	27	11	23	18	25	16	

18	13	30	28	21	21	19	26	24	27	19	

20	20	26	20	12	15	25	17	14	24	15	

22	16	25	19	27	17	18	20	12	23	28	

26	18	26	14	17	10	14	25	22	25	21	

24	27	18	18	24	17	30	21	10	10	11	

14	30	30	20	14	16	26	26	19	17	24	

22	18	16	28	19	26	18	24	11	20	27	

15	14	17	18	12	17	17	20	16	25	17	

26	25	25	25	22	27	17	14	10	27	23	

17	30	15	22	10	27	16	15	16	23	27	

18	10	16	20	17	10	21	23	15	16	14	

20	30	10	15	15	18	29	15	29	20	24	

14	22	25	24	27	26	21	30	13	15	30	

12	12	12	10	13	28	29	28	19	16	12	

23	18	20	16	23	17	20	30	19	20	26	

12	22	22	11	17	22	10	10	10	17	24	

28	14	13	27	30	19	23	27	20	27	26	

25	16	24	26	20	18	21	15	16	30	19	

10	29	12	17	12	19	22	30	28	21	19	

24	23	13	13	24	14	27	15	21	19	18	

20	13	30	12	30	23	18	22	11	29	18	

30	14	21	14	26	24	14	28	30	24	13	

15	13	10	15	25	21	12	20	24	21	16	

30	16	17	24	10	20	27	15	26	16	17	

30	21	27	20	14	25	21	30	25	26	10	

16	29	20	24	11	24	16	10	23	19	26	

28	25	23	13	25	10	14	30	29	22	29	

16	17	14	29	17	20	13	26	15	13	24	

14	27	11	19	25	28	22	15	19	23	17	

14	27	28	22	26	12	13	21	16	23	24	

11	24	21	22	13	19	18	26	14	13	18	

15	25	11	15	11	14	25	11	28	13	20	

24	10	21	29	27	27	16	11	17	30	14	

17	25	25	21	21	28	23	28	22	19	23	

23	19	23	28	16	20	26	25	10	16	20	

15	25	20	14	23	28	20	10	29	24	21	

25	15	28	13	23	23	20	25	30	10	14	

22	22	30	10	16	18	16	22	23	24	21	

28	17	25	16	23	18	24	17	23	26	28	

16	30	28	25	30	14	12	18	28	30	28	

21	17	12	25	10	12	17	12	23	10	15	

28	27	12	12	14	12	15	30	30	14	17	

25	26	16	12	29	26	26	27	13	11	12	

27	15	13	21	28	21	14	11	20	13	25	

26	30	27	11	18	30	19	29	11	18	28	

13	13	10	15	27	23	27	29	24	28	23	

30	20	22	14	15	30	28	16	18	24	30	

29	22	20	13	10	29	16	21	11	27	22	

10	28	14	25	23	28	20	18	20	24	30	

20	17	26	10	14	17	21	12	20	13	26	

14	30	12	19	23	20	17	23	26	12	30	

17	25	23	25	10	11	29	25	18	12	25	

20	23	21	12	28	13	11	22	24	10	20	

18	16	19	24	13	20	17	14	17	13	10	

10	19	11	10	28	20	18	25	13	10	15	

19	28	11	12	19	23	28	25	17	11	17	

18	28	19	25	29	16	23	10	30	21	16	

22	25	29	22	11	26	12	17	18	20	27	

27	14	15	27	24	17	21	11	12	27	19	

20	30	16	24	10	16	12	14	24	12	28	

21	18	19	15	23	27	13	13	10	30	19	

13	26	21	29	28	11	14	24	20	20	18	

21	19	25	27	14	10	23	15	10	15	18	

22	26	15	14	18	28	18	19	22	27	12	

24	13	19	25	30	28	18	25	17	14	25	

25	15	23	13	29	18	19	25	15	28	18	

30	12	12	30	14	13	30	24	20	10	11	

17	11	23	22	23	19	14	29	12	15	22	

10	18	29	18	25	17	29	26	27	19	23	

23	19	30	20	25	14	25	16	19	26	15	

16	24	18	25	10	18	23	13	21	30	21	

11	11	21	25	13	19	25	19	26	23	24	

14	22	28	25	18	10	28	12	27	20	15	

23	21	10	23	13	17	19	20	23	22	10	

12	17	20	24	30	16	28	10	20	18	13	

23	14	22	17	14	25	16	28	29	29	10	

27	26	12	13	16	20	16	25	17	20	20	

27	21	22	23	26	27	12	22	21	25	11	

17	23	30	25	15	29	23	17	20	21	23	

21	11	14	17	10	25	21	18	24	28	13	

23	23	16	17	15	14	16	16	26	23	30	

17	15	21	24	11	29	17	29	17	27	29	

15	26	28	25	18	23	17	14	18	22	22	

15	29	11	15	12	21	28	17	26	24	25	

24	22	21	11	15	20	12	10	28	21	14	

21	18	12	11	24	17	18	19	23	16	24	

25	26	20	14	11	13	26	26	27	27	24	

18	27	18	12	18	13	14	28	17	20	27	

10	10	15	13	30	26	18	14	28	10	13	

19	13	14	26	23	16	27	26	15	28	21	

30	30	16	15	10	14	26	11	11	11	27	

21	27	30	28	10	25	13	19	15	23	11	

23	25	26	10	24	22	19	10	10	26	29	

23	20	25	26	15	23	20	17	23	24	19	

25	10	22	21	30	22	28	21	30	20	10	

26	23	17	13	18	14	19	14	13	21	17	

30	16	20	26	20	24	25	10	17	25	20	

24	10	25	23	20	21	15	26	11	13	25	

30	17	24	28	10	11	12	20	13	10	21	

25	26	25	16	11	21	18	22	20	19	18	

17	19	13	25	26	17	17	24	21	29	15	

27	25	29	28	22	27	29	19	14	12	11	

24	22	11	19	27	14	22	30	30	29	11	

21	21	24	26	26	12	22	25	12	16	23	

16	20	24	17	26	18	28	11	15	26	16	

10	23	26	29	12	11	15	19	13	18	16	

23	10	12	21	17	16	21	16	21	29	28	

26	19	12	23	16	28	17	18	22	29	29	

10	12	29	23	24	18	14	17	24	11	22	

16	23	21	21	11	14	15	29	16	19	15	

24	14	24	16	27	16	30	28	10	23	10	

14	29	13	14	18	20	23	28	19	30	22	

28	25	23	30	24	11	28	29	21	30	26	

11	11	10	11	18	16	14	28	15	15	10	

21	22	25	15	30	12	24	11	24	22	13	

26	15	25	22	28	29	25	15	21	14	29	

17	27	16	14	30	13	29	22	25	17	17	

16	15	12	17	24	19	23	24	13	16	30	

22	22	17	23	25	24	10	24	10	16	21	

11	14	15	13	20	11	18	15	15	25	30	

24	19	21	23	16	17	19	13	16	29	18	

27	16	15	19	28	13	18	22	26	10	30	

24	17	16	18	11	24	20	11	23	19	23	

22	26	16	21	18	22	27	18	22	18	17	

10	18	19	12	21	22	15	25	13	26	17	

29	26	29	30	10	16	20	20	22	17	10	

24	29	11	28	19	25	21	12	22	19	26	

29	11	18	25	14	17	29	17	21	14	20	

28	23	14	11	28	27	14	28	19	13	11	

18	24	18	19	28	23	30	30	27	30	13	

30	19	10	20	19	16	12	18	18	14	10	

29	24	21	17	24	12	24	27	21	16	11	

14	10	29	23	21	25	29	20	10	15	15	

16	23	20	11	28	11	27	27	26	30	20	

28	16	13	19	15	29	29	24	22	15	15	

21	18	18	10	15	24	20	16	17	20	23	

30	23	23	16	14	23	16	26	26	21	22	

14	21	27	19	21	29	14	27	23	29	15	

11	24	30	13	14	23	12	20	10	17	28	

25	27	17	19	14	19	14	22	12	14	21	

26	27	26	27	30	10	21	25	11	19	14	

12	16	20	19	19	26	28	17	24	29	20	

19	21	30	21	21	25	18	28	18	24	24	

12	10	20	14	11	23	14	26	13	24	15	

17	29	11	26	21	12	13	22	27	13	18	

25	21	21	17	21	15	26	18	18	27	18	

13	19	28	24	15	29	16	28	27	18	19	

24	13	20	21	28	10	12	13	15	23	10	

24	28	24	21	22	22	22	14	26	15	21	

15	26	29	27	20	17	20	18	10	27	28	

26	23	25	19	22	20	13	28	16	24	22	

26	20	22	23	10	19	30	19	27	24	26	

16	28	29	15	25	12	23	17	22	18	28	

21	28	19	17	10	29	11	17	23	24	22	

15	24	28	15	10	18	30	23	14	17	17	

29	16	22	28	29	13	10	22	17	13	16	

16	11	21	14	17	11	18	14	20	29	12	

25	25	29	25	14	23	19	12	27	10	15	

17	14	27	28	19	20	29	23	14	28	27	

16	25	25	15	16	15	30	15	18	18	20	

19	30	28	26	19	16	17	20	16	17	24	

24	25	15	12	18	29	15	24	11	22	14	

11	17	16	23	29	25	27	12	24	18	13	

13	17	25	20	19	29	27	11	12	13	17	

13	26	26	19	22	29	30	13	20	16	13	

13	26	12	29	24	17	18	11	10	30	10	

18	17	12	13	17	28	22	28	14	18	19	

11	22	23	30	19	10	15	28	18	26	20	

11	28	27	13	30	15	11	13	14	29	19	

16	14	16	13	23	30	23	24	21	28	28	

18	29	24	21	22	19	26	14	10	13	12	

11	11	24	24	27	20	20	21	13	19	19	

10	14	24	10	25	19	24	14	28	27	13	

29	14	14	25	15	20	23	21	28	17	29	

14	19	14	10	16	13	17	29	11	30	26	

13	21	16	11	12	14	23	13	19	29	29	

12	27	14	18	23	17	12	18	13	15	18	

25	12	26	26	26	19	12	14	22	27	14	

26	12	23	19	24	21	24	21	12	14	17	

15	17	12	10	16	11	28	20	21	27	26	

12	14	11	26	23	23	19	29	28	23	10	

12	23	15	19	29	11	21	27	11	19	21	

30	23	11	15	15	12	21	30	25	23	14	

15	17	13	25	20	18	29	21	16	20	12	

17	28	27	26	22	16	16	26	28	11	16	

17	17	28	19	10	20	22	13	29	18	29	

12	15	29	24	30	30	11	19	28	15	23	

27	21	22	10	16	29	25	21	19	21	27	

25	10	22	12	24	16	25	18	20	24	28	

30	28	13	23	16	24	16	28	16	11	14	

14	28	21	17	14	20	14	14	14	23	10	

13	18	19	29	10	16	24	22	29	29	27	

16	12	25	14	17	25	16	13	11	16	21	

22	18	29	11	27	28	30	24	19	12	18	

11	10	19	20	14	28	29	26	30	19	19	

18	19	18	19	16	28	10	12	30	30	18	

25	30	19	11	28	19	26	23	13	12	28	

23	19	25	11	21	18	11	14	14	18	16	

22	27	21	11	23	16	26	20	28	15	13	

11	13	30	22	19	20	27	17	16	17	18	

12	18	28	21	16	19	18	29	19	25	24	

29	27	19	24	21	21	25	19	28	10	12	

13	25	13	30	19	23	15	13	20	20	26	

13	20	16	24	21	18	10	29	19	21	25	

10	25	23	23	11	25	29	14	14	27	25	

23	28	26	19	11	10	19	20	22	22	21	

17	16	19	12	29	30	12	28	19	28	25	

23	19	30	14	25	11	17	30	23	12	19	

28	20	10	22	11	19	22	16	23	12	27	

10	23	12	17	15	12	15	17	25	27	28	

22	21	21	26	18	20	11	28	19	22	18	

23	20	23	18	11	18	24	26	15	11	10	

18	25	19	18	21	16	28	29	21	14	16	

17	24	12	15	11	30	28	26	13	18	23	

24	19	29	26	25	17	19	14	24	17	28	

22	21	19	27	25	28	22	30	14	18	11	

30	25	22	28	20	19	29	28	16	21	23	

16	21	22	22	10	24	20	18	25	18	11	

30	21	16	26	18	18	19	27	20	16	27	

18	24	14	13	15	16	22	21	19	30	14	

23	18	10	15	19	27	29	12	18	10	11	

26	12	14	14	19	15	14	29	14	19	30	

16	19	20	10	25	28	24	13	15	18	25	

10	13	17	11	19	11	27	22	13	26	27	

25	19	11	21	29	27	30	23	20	22	21	

10	22	29	24	26	22	27	26	19	18	15	

30	17	10	28	19	23	11	28	17	26	17	

19	19	18	27	28	19	24	27	30	15	14	

30	16	29	10	22	22	18	23	22	25	17	

22	22	23	12	17	12	17	11	19	27	15	

26	26	27	18	16	14	24	14	10	15	27	

17	30	12	11	21	25	22	11	23	13	30	

28	15	28	19	19	21	13	12	29	29	23	

27	30	14	12	28	17	24	24	23	30	18	

24	19	28	30	19	26	10	12	19	13	12	

25	18	13	14	18	29	30	22	26	28	16	

19	14	28	16	14	29	19	27	11	21	13	

23	29	18	30	21	17	15	28	22	18	12	

14	30	20	30	22	20	27	28	25	18	18	

17	10	17	21	27	14	10	14	24	14	12	

19	25	28	30	28	19	12	24	19	26	27	

16	29	20	26	11	25	13	25	10	16	26	

22	28	28	26	26	25	27	25	24	16	25	

29	10	19	19	19	20	11	12	20	18	28	

23	23	26	15	29	16	30	28	21	16	19	

21	18	24	12	23	19	15	22	15	29	19	

19	19	25	30	24	24	17	27	15	23	15	

18	26	16	14	28	14	28	23	25	19	25	

24	19	23	11	13	21	25	16	17	14	21	

16	17	19	20	29	30	27	16	16	12	22	

16	20	20	23	15	18	19	25	15	24	24	

13	16	22	25	19	23	30	25	16	19	15	

19	14	11	24	15	21	13	13	14	23	20	

26	23	12	19	25	15	23	23	23	16	11	

22	12	21	16	19	17	27	19	22	12	15	

21	17	24	14	24	30	16	12	26	17	11	

30	11	16	14	20	21	19	27	16	24	12	

13	21	27	18	13	28	16	21	10	12	14	

21	12	14	14	25	10	20	30	16	28	22	

15	23	22	26	14	17	23	28	22	16	22	

13	27	21	16	10	22	23	17	20	23	21	

23	27	29	25	11	18	27	27	18	17	10	

14	24	12	29	12	26	19	30	19	26	19	

22	26	22	17	28	29	30	13	16	27	24	

17	16	15	15	10	19	22	21	22	12	28	

15	19	29	12	30	28	24	17	15	15	30	

30	14	16	11	24	13	15	17	25	19	13	

22	24	21	28	16	27	30	23	12	12	18	

24	10	18	18	12	10	16	11	16	23	16	

14	28	18	25	26	27	15	29	11	15	26	

29	27	15	25	20	22	14	24	25	28	30	

21	13	19	13	17	15	11	24	30	26	28	

17	24	12	17	29	26	15	23	16	19	30	

15	21	10	21	13	21	12	25	30	18	28	

13	19	21	12	27	23	11	18	15	28	18	

18	16	29	15	18	22	17	18	23	29	19	

19	17	17	17	16	25	28	28	20	22	15	

28	16	17	29	26	28	29	25	18	15	10	

28	14	14	29	20	14	14	11	13	26	14	

16	28	24	10	15	18	21	18	26	13	11	

25	29	13	10	24	22	10	19	25	22	25	

15	14	10	10	20	27	18	28	19	15	29	

28	20	15	16	12	25	26	28	18	30	30	

28	24	26	17	25	10	12	15	25	19	24	

12	16	11	29	13	29	29	23	24	24	17	

29	28	29	14	22	12	15	19	20	29	18	

24	10	30	30	17	18	11	13	18	11	18	

20	15	29	15	19	10	30	27	21	21	12	

10	12	14	15	20	30	17	29	28	16	28	

12	23	10	18	29	10	28	27	28	17	28	

28	15	25	21	26	29	12	22	22	17	25	

22	21	11	22	26	26	14	30	19	27	21	

17	22	12	15	27	20	15	11	24	29	11	

28	29	19	11	10	23	30	27	30	28	29	

14	23	10	17	16	13	15	13	14	19	28	

22	18	23	24	20	22	12	22	24	26	27	

13	19	16	15	25	14	25	29	25	28	18	

20	15	13	16	26	24	11	25	14	13	10	

11	19	24	17	18	30	18	29	26	25	22	

21	16	26	28	12	16	20	26	12	20	16	

21	23	14	30	27	10	28	22	28	23	18	

11	28	28	21	13	23	17	22	25	14	14	

26	24	10	26	11	21	23	13	24	25	11	

24	16	21	30	30	12	26	18	19	12	25	

11	28	14	15	25	11	28	14	21	17	13	

28	17	17	19	15	19	19	10	29	28	19	

24	16	25	30	14	29	14	11	23	22	18	

22	10	20	10	14	28	12	18	25	24	19	

18	23	25	15	23	19	29	24	11	26	10	

11	15	19	17	29	17	20	10	16	16	19	

13	20	25	30	12	26	29	11	18	20	13	

19	13	29	21	25	24	22	27	22	17	23	

10	16	17	23	11	30	16	22	24	11	24	

20	18	24	13	14	29	17	23	29	11	27	

10	11	11	12	11	28	12	16	26	18	22	

21	15	14	18	24	26	25	27	14	20	11	

14	11	26	15	11	16	25	16	23	20	12	

12	25	28	11	28	16	15	25	28	22	14	

15	24	24	21	29	13	24	25	27	18	14	

21	26	30	25	19	25	28	28	23	20	11	

13	19	28	25	18	13	26	17	20	27	17	

30	15	28	14	11	26	16	12	25	28	27	

24	23	22	24	28	24	15	27	29	24	28	

17	19	14	12	26	29	21	15	16	12	22	

17	30	25	13	25	20	21	13	22	27	28	

19	13	26	21	19	26	26	11	16	13	19	

30	18	21	14	26	20	11	21	18	19	10	

21	10	25	19	12	14	25	26	16	25	10	

18	22	30	26	26	11	28	28	17	18	30	

24	14	13	17	30	19	11	17	19	10	16	

28	21	23	22	15	26	12	28	23	10	29	

26	14	17	24	20	27	10	11	26	28	11	

21	21	27	29	18	24	18	12	13	26	18	

16	11	15	12	12	15	15	28	17	14	19	

30	11	21	19	26	24	29	27	14	20	27	

11	16	15	27	21	19	14	25	23	26	17	

24	13	13	17	27	22	13	23	29	26	13	

12	27	19	28	14	23	28	13	10	29	22	

27	23	12	19	19	26	18	23	28	25	26	

13	27	19	11	20	21	17	28	27	19	18	

22	16	29	17	25	30	12	12	23	25	27	

21	12	29	12	29	15	27	17	24	14	29	

20	22	19	24	25	19	19	24	28	27	24	

21	13	18	22	29	10	22	18	24	26	28	

20	13	12	18	17	24	27	27	14	24	28	

18	24	30	20	12	28	22	10	21	16	16	

26	15	21	23	29	23	26	10	25	15	20	

28	15	26	29	21	15	13	18	24	23	30	

29	11	30	22	14	16	16	26	18	14	26	

23	28	27	29	11	19	18	18	28	17	18	

20	12	29	24	26	30	13	13	26	16	28	

12	18	12	16	26	18	10	10	17	23	20	

29	29	12	11	28	14	16	30	24	21	24	

29	17	23	26	10	16	29	24	12	13	10	

11	10	27	15	10	17	29	16	28	28	21	

16	21	16	15	26	22	15	21	24	12	15	

10	27	13	27	22	26	22	27	26	11	19	

20	27	13	17	17	26	24	25	13	10	19	

21	10	14	28	28	17	21	20	28	19	13	

18	13	10	28	18	26	17	20	12	12	16	

21	20	23	25	28	12	26	22	27	17	24	

25	12	13	24	21	29	17	28	28	18	30	

30	18	10	28	10	25	21	25	23	16	13	

26	29	13	16	17	12	22	26	18	27	26	

10	18	18	16	19	11	18	24	24	25	17	

23	20	11	28	21	15	17	18	25	10	24	

23	13	21	22	24	18	10	29	26	21	12	

11	18	10	29	23	16	29	29	18	11	25	

11	19	14	27	26	18	11	30	30	25	21	

23	20	23	21	14	29	12	23	13	24	28	

23	24	18	18	30	15	10	17	14	13	12	

29	10	17	24	20	15	19	15	23	10	24	

25	22	17	30	27	13	24	26	15	17	10	

24	10	18	11	27	20	30	15	25	20	13	

26	11	10	28	21	20	17	14	20	27	24	

24	13	14	28	18	28	27	15	22	27	20	

28	10	19	12	11	23	19	19	20	28	17	

21	21	11	14	30	29	30	17	27	13	25	

16	12	20	23	30	18	19	14	15	11	16	

23	19	28	18	23	22	18	17	12	10	30	

14	18	23	16	14	18	29	21	28	15	13	

20	16	18	24	18	21	22	25	20	26	24	

15	30	25	21	14	14	18	21	29	20	19	

17	18	27	18	18	26	26	19	16	23	30	

27	17	28	11	22	30	25	14	10	27	16	

19	28	21	20	17	29	10	30	26	19	23	

30	23	16	25	12	15	16	12	16	18	15	

30	21	21	20	25	17	17	28	19	21	28	

11	20	26	28	26	15	24	24	22	25	17	

24	21	12	17	26	25	10	30	27	26	27	

27	28	15	15	21	23	23	19	29	16	25	

16	18	21	18	12	19	10	16	25	26	15	

17	27	15	26	24	12	16	24	25	15	27	

25	15	22	20	15	13	27	25	21	16	12	

15	14	19	19	16	20	19	17	23	13	11	

19	18	14	12	28	21	18	25	26	28	11	

17	23	30	29	16	16	20	22	11	22	14	

10	18	15	13	27	21	29	14	21	25	10	

16	24	25	28	25	28	13	26	14	25	23	

30	15	16	24	16	13	28	12	12	30	16	

15	27	16	10	17	26	14	26	30	26	18	

18	19	20	22	10	14	25	25	12	13	21	

26	15	24	15	30	19	17	17	21	26	22	

25	21	14	14	13	17	12	11	17	13	20	

25	12	30	30	29	23	22	29	20	10	12	

21	15	24	23	22	14	19	16	26	18	27	

27	17	10	16	26	12	13	25	18	25	29	

12	30	23	21	13	21	20	13	22	29	27	

23	14	22	27	11	22	14	12	15	12	19	

10	19	26	19	16	20	20	13	13	30	10	

30	11	24	24	16	21	19	30	18	28	26	

11	12	11	11	27	21	25	12	23	22	27	

18	18	25	16	30	29	26	20	28	11	24	

13	18	20	30	25	27	29	13	17	28	15	

29	24	11	26	29	26	20	16	29	18	18	

21	25	12	28	29	12	30	14	12	12	30	

11	23	23	23	26	27	24	15	28	22	12	

15	23	12	30	20	23	30	13	29	23	27	

28	18	23	30	25	17	10	26	28	19	11	

14	25	14	21	27	19	25	29	22	20	17	

13	29	24	27	15	24	24	25	18	16	19	

21	12	14	14	18	18	15	16	17	21	21	

21	18	27	28	18	28	19	19	15	20	28	

12	21	27	30	25	10	14	21	10	29	16	

28	30	16	23	28	19	12	24	11	17	28	

25	15	12	30	28	25	14	20	29	17	12	

24	17	25	28	16	14	12	24	24	30	16	

14	27	16	23	30	18	16	24	20	13	24	

14	26	11	30	19	24	21	18	27	22	17	

29	20	24	16	18	28	21	23	11	28	11	

15	12	23	10	18	26	17	27	24	11	17	

23	27	20	29	10	20	29	29	30	29	27	

22	11	28	13	26	11	12	15	10	18	24	

28	10	17	12	17	12	23	14	23	22	30	

10	26	26	10	11	15	10	18	30	28	27	

13	18	28	27	15	15	15	19	15	28	28	

19	30	26	17	18	16	28	29	13	25	10	

14	21	10	16	25	24	21	19	14	12	25	

17	11	24	11	20	21	13	29	13	17	25	

11	22	20	12	27	25	20	28	30	11	27	

23	25	18	25	24	22	20	22	11	25	19	

12	10	28	21	15	10	26	14	20	24	12	

27	11	26	30	18	22	20	24	15	15	10	

22	15	16	17	10	13	28	27	16	20	30	

19	28	18	10	14	30	12	18	14	18	11	

27	25	12	12	15	25	12	16	20	26	16	

17	29	23	24	14	27	17	28	12	24	27	

10	29	13	18	10	12	28	25	22	24	12	

24	10	23	21	18	30	30	26	25	17	11	

12	18	13	28	24	17	17	27	13	29	18	

21	29	11	19	14	12	18	24	17	10	18	

24	15	10	23	22	15	18	30	23	18	12	

12	20	15	13	28	11	13	11	11	11	29	

29	26	22	16	23	13	13	10	28	23	17	

10	18	26	21	26	19	10	11	11	18	17	

28	18	12	14	12	25	11	20	30	17	14	

12	15	16	24	23	25	16	15	24	13	17	

14	21	14	15	13	13	20	16	10	27	13	

17	29	30	24	18	18	12	13	11	18	19	

12	19	21	10	18	26	16	13	30	21	18	

19	21	20	29	11	13	18	25	19	28	29	

28	12	13	13	30	30	16	24	16	30	10	

24	26	14	12	17	24	12	23	22	22	19	

16	19	11	10	17	10	11	11	14	19	20	

29	27	16	12	14	12	24	14	29	25	13	

16	19	11	17	27	12	17	14	11	24	22	

24	27	30	19	16	10	11	10	15	18	24	

28	10	19	29	10	16	26	29	19	19	24	

26	16	19	13	11	21	20	30	20	23	22	

27	26	28	23	15	18	15	18	29	25	18	

18	14	18	30	19	12	27	13	13	11	27	

25	13	11	26	15	16	17	11	29	28	18	

13	28	28	18	14	22	12	10	11	14	20	

14	25	22	10	21	22	26	21	24	25	25	

14	25	11	22	22	16	28	13	15	13	26	

28	26	15	16	22	27	25	10	27	16	16	

16	14	24	24	14	24	16	16	15	25	14	

10	11	19	16	24	13	11	14	27	28	25	

30	16	25	21	12	13	19	10	28	26	25	

19	18	27	10	22	14	16	29	29	23	26	

16	13	18	11	17	20	11	28	10	19	26	

20	28	28	23	14	18	30	20	14	11	27	

30	27	10	30	27	30	27	25	16	30	30	

25	13	19	21	19	27	28	30	28	14	11	

21	20	22	21	23	19	24	20	15	21	17	

21	21	13	26	30	30	15	26	15	26	12	

13	29	18	16	13	21	21	28	22	28	16	

13	13	16	23	11	27	27	26	23	19	10	

25	13	22	29	26	15	20	18	13	19	20	

17	29	14	17	16	28	22	12	20	14	22	

26	23	17	26	18	28	18	10	24	18	23	

30	13	24	11	23	28	16	29	20	29	17	

11	25	25	30	18	11	23	18	27	26	11	

21	26	23	27	19	13	22	19	26	22	25	

28	17	24	26	11	15	15	14	25	15	22	

22	23	15	30	30	17	18	19	17	27	22	

10	26	18	19	29	14	27	29	28	20	24	

14	22	23	10	11	19	23	28	16	28	27	

15	11	21	16	27	10	20	26	29	18	22	

12	23	18	13	11	11	22	11	18	22	30	

17	20	20	13	18	12	13	25	19	10	13	

19	26	19	25	16	18	26	12	14	30	27	

20	22	18	27	13	10	19	29	20	11	13	

12	30	15	24	26	17	26	29	13	23	25	

20	23	14	29	15	19	25	20	23	21	24	

22	14	29	11	28	19	18	16	17	16	17	

26	22	14	24	26	16	23	22	15	19	24	

12	12	28	21	22	24	13	19	19	22	16	

22	28	25	25	22	10	20	27	14	26	10	

26	25	21	15	15	10	20	25	24	10	30	

29	22	25	13	24	18	28	29	10	23	14	

16	13	10	20	23	15	29	16	19	26	19	

20	20	21	23	28	21	16	20	18	10	10	

24	28	12	20	19	30	30	19	13	28	21	

24	17	14	10	26	19	28	25	26	20	23	

17	19	13	16	14	26	16	27	23	30	24	

15	25	14	13	13	14	19	19	24	22	29	

20	22	11	10	30	29	28	22	11	11	30	

21	14	20	21	15	16	28	27	27	20	27	

22	26	10	13	24	30	18	26	18	24	30	

13	27	10	24	12	14	23	28	16	20	21	

26	19	15	14	22	19	25	29	28	18	21	

26	23	20	17	15	12	21	26	13	24	22	

14	29	23	28	11	13	29	17	20	29	21	

27	12	24	18	11	23	30	16	29	26	19	

15	22	27	27	26	22	22	28	17	15	11	

28	23	21	28	19	12	15	10	21	13	20	

17	22	19	21	29	20	25	14	13	13	28	

19	19	13	22	29	27	28	12	13	23	13	

15	24	16	11	18	13	20	13	19	26	14	

16	21	13	16	23	28	26	17	30	17	18	

29	25	26	28	15	29	12	20	28	24	20	

16	27	29	21	24	25	27	28	23	11	29	

21	22	29	22	26	17	10	10	16	12	19	

22	28	15	19	28	22	10	16	14	28	28	

11	11	29	29	30	15	15	11	20	20	28	

29	13	12	22	14	25	27	10	16	23	12	

20	17	24	10	20	17	25	27	25	26	27	

28	16	29	13	16	30	18	11	19	30	17	

25	23	27	11	13	23	12	16	20	21	21	

23	29	29	24	29	16	30	15	27	23	13	

18	30	14	14	11	30	28	21	24	21	23	

11	15	14	27	15	27	16	13	28	30	22	

30	21	16	30	13	25	27	28	26	21	14	

24	21	27	14	27	15	21	21	26	21	25	

10	23	10	18	10	12	18	24	19	23	20	

22	18	16	30	11	18	28	15	23	12	19	

16	22	10	12	10	13	27	30	20	18	20	

29	21	18	19	13	10	10	14	27	12	10	

23	21	24	24	27	13	14	14	23	11	26	

16	19	13	26	22	16	15	12	25	20	24	

25	19	12	17	26	11	10	13	18	27	13	

14	27	12	27	29	20	16	19	29	13	24	

10	19	14	13	15	18	25	13	12	12	23	

21	16	18	12	17	15	11	28	11	30	29	

13	26	22	23	22	16	26	14	25	17	19	

15	14	25	11	25	13	19	12	22	10	17	

20	29	19	21	16	21	17	21	22	11	21	

18	27	28	17	17	17	29	17	15	15	10	

25	12	14	26	12	12	21	13	20	14	24	

11	15	30	14	17	18	12	29	14	16	12	

14	23	23	25	21	20	22	25	23	15	27	

21	18	18	22	19	23	17	26	19	21	14	

14	30	21	21	13	19	17	30	29	27	30	

25	27	29	12	13	20	14	20	30	27	12	

18	26	22	25	17	23	29	10	28	30	18	

26	29	18	17	15	11	21	15	13	30	16	

28	25	21	28	22	29	10	12	28	10	21	

17	19	29	10	15	16	10	25	14	29	19	

23	13	18	25	19	23	15	18	11	25	20	

18	14	18	20	24	10	12	26	26	19	24	

28	10	24	14	29	11	19	22	13	21	21	

19	26	24	17	30	14	10	23	15	21	29	

22	10	28	28	28	19	16	27	12	14	26	

10	15	21	17	16	10	28	10	11	14	30	

22	14	23	13	27	16	13	26	21	21	28	

28	24	18	25	10	26	25	20	12	30	29	

28	28	25	19	11	24	14	28	19	21	21	

21	22	20	18	17	13	22	17	22	21	19	

25	29	11	21	15	13	14	18	28	27	23	

27	30	20	26	21	17	14	15	16	28	25	

15	21	29	29	23	27	22	20	30	23	17	

29	30	28	19	21	14	15	25	15	30	27	

21	21	10	19	11	15	19	17	21	26	21	

16	12	28	21	16	20	17	15	24	18	15	

27	29	17	24	17	30	23	30	24	16	21	

12	27	10	26	22	15	18	16	26	20	23	

28	26	22	14	22	24	21	29	28	14	30	

24	15	30	20	15	15	10	14	10	14	12	

24	19	23	25	21	10	24	17	30	22	20	

10	26	18	19	29	23	12	16	26	17	15	

28	28	30	19	17	14	15	26	29	14	30	

19	22	17	18	16	27	22	19	20	30	18	

18	26	29	20	15	24	10	16	21	14	14	

26	18	25	22	16	30	24	28	20	22	29	

21	20	15	14	13	29	12	29	23	27	27	

25	15	17	15	16	23	17	22	14	11	13	

13	16	20	24	28	29	13	13	14	13	27	

26	28	24	20	21	11	20	28	11	20	21	

14	21	22	19	20	17	14	28	13	14	12	

27	30	13	28	23	30	14	12	19	15	18	

18	25	27	26	17	12	21	20	25	10	13	

26	20	29	23	10	21	29	16	13	22	11	

22	19	17	25	16	15	24	17	24	29	13	

14	26	18	28	30	25	19	19	17	10	15	

12	18	24	28	25	29	22	30	16	11	25	

14	11	24	13	28	23	30	29	29	11	25	

18	14	16	28	28	17	11	16	23	23	20	

27	29	14	14	28	28	16	12	24	12	26	

20	24	28	23	24	26	12	26	10	24	15	

12	25	22	24	16	30	17	27	15	11	10	

19	17	20	19	24	13	16	29	17	10	18	

25	18	24	19	25	16	26	20	19	20	30	

18	18	21	23	12	12	29	27	18	27	16	

16	17	10	16	13	21	23	21	10	17	29	

22	17	25	25	30	13	16	20	24	13	19	

29	30	10	15	29	12	25	10	23	16	14	

27	24	11	11	23	19	14	30	25	16	11	

16	28	12	19	10	18	22	13	28	18	22	

27	10	24	18	14	11	10	26	21	29	18	

17	12	17	17	30	19	24	10	16	14	21	

30	27	22	26	15	25	15	13	23	10	12	

20	21	22	10	13	24	27	30	20	17	15	

16	14	29	12	11	30	22	21	28	14	27	

24	24	14	10	24	10	21	14	10	11	11	

24	10	22	24	28	25	24	22	23	28	23	

13	16	11	24	28	24	22	29	14	29	11	

18	17	30	12	26	21	27	19	19	11	23	

19	12	26	25	23	21	29	30	10	27	30	

14	10	21	25	21	20	28	30	21	16	25	

14	26	10	30	12	11	22	28	10	26	21	

26	10	19	27	12	13	13	17	21	29	22	

10	29	11	20	19	25	12	18	26	12	22	

21	19	27	10	11	13	29	26	27	13	18	

28	22	12	22	10	16	16	15	25	13	11	

25	21	25	26	21	20	13	29	16	14	25	

12	14	25	29	10	20	26	20	25	19	17	

15	13	18	23	13	11	10	14	13	16	25	

18	25	25	11	12	16	20	12	29	23	17	

25	22	19	27	29	10	20	14	21	12	14	

15	25	20	16	25	13	10	25	16	25	28	

26	19	16	12	23	17	15	11	12	23	25	

26	23	10	23	19	12	15	12	14	14	22	

30	25	15	29	26	29	14	19	12	30	21	

29	18	20	13	26	22	12	16	11	29	17	

19	26	20	25	15	18	22	10	19	15	22	

20	23	11	22	15	19	29	10	18	21	14	

28	19	15	17	11	26	25	25	13	24	22	

27	18	27	14	12	22	25	27	13	13	24	

24	11	10	26	29	28	20	24	20	18	17	

29	20	17	10	16	12	28	26	27	20	16	

30	16	29	17	11	14	18	15	21	28	18	

24	27	21	10	11	12	30	25	24	16	16	

24	10	19	22	23	11	30	23	11	20	27	

10	30	24	12	24	22	24	29	13	12	15	

18	14	18	19	21	10	15	25	23	26	16	

19	19	18	12	20	21	16	15	24	20	24	

22	25	27	19	30	18	27	19	15	13	13	

11	12	29	23	27	11	20	23	13	26	16	

18	30	11	16	18	23	18	23	21	14	11	

19	29	24	12	14	13	21	13	20	22	21	

16	29	16	11	10	19	28	10	12	14	11	

21	15	29	20	29	24	28	20	19	17	15	

23	12	13	15	24	13	19	10	24	14	15	

21	29	15	28	22	26	29	28	13	25	14	

20	15	22	25	11	21	24	30	26	18	21	

14	12	14	30	22	23	24	28	30	18	22	

15	15	22	27	17	12	12	26	26	20	19	

23	12	16	20	14	11	29	11	14	17	12	

10	25	11	20	24	29	23	13	16	11	15	

17	26	12	26	26	10	17	27	18	11	22	

12	20	15	19	27	20	16	12	16	24	25	

19	23	23	26	26	22	28	14	26	14	18	

14	29	13	12	29	18	22	16	18	14	23	

22	28	17	19	10	22	10	20	20	17	17	

26	10	30	20	26	29	29	13	23	10	11	

29	10	19	12	14	20	15	16	12	28	16	

13	27	14	22	26	26	19	19	22	10	13	

15	29	28	11	13	17	13	24	17	26	13	

29	26	10	12	26	18	19	16	12	14	17	

25	24	25	23	15	20	29	16	22	20	29	

17	19	10	30	15	23	23	28	20	29	14	

21	30	26	30	28	13	25	14	23	19	16	

16	11	12	14	10	23	23	13	16	23	21	

16	21	16	13	15	21	17	28	16	17	29	

29	19	16	26	26	15	30	16	22	24	30	

28	16	29	26	27	10	30	20	14	30	17	

20	15	27	20	17	10	30	28	27	27	21	

23	15	14	16	17	30	22	21	17	12	24	

27	18	28	17	22	10	10	29	26	12	21	

25	22	10	27	24	20	24	10	21	21	20	

20	27	15	17	26	24	15	24	23	11	20	

26	13	20	29	15	26	11	22	17	11	21	

12	23	20	21	12	21	13	25	30	14	12	

22	20	14	12	15	14	21	10	30	19	26	

30	29	14	22	23	19	21	17	15	10	20	

18	27	10	23	23	19	29	15	10	26	13	

30	26	13	17	21	13	23	29	13	24	10	

19	30	21	14	28	21	21	21	27	13	18	

17	24	10	28	24	28	14	21	18	22	24	

15	28	18	15	17	28	26	15	11	19	25	

21	23	20	10	24	29	11	26	22	30	20	

25	29	20	28	10	11	30	29	27	12	17	

24	23	12	17	14	14	28	23	23	20	11	

24	14	16	26	14	30	29	30	18	19	23	

20	25	22	16	10	26	24	16	27	11	18	

26	30	26	18	21	11	15	23	12	13	18	

26	23	28	21	10	12	20	12	13	25	16	

26	19	22	26	13	27	20	14	12	27	30	

13	29	15	15	22	21	27	13	30	30	16	

27	22	15	18	24	11	21	18	23	26	29	

17	29	22	30	25	18	19	17	22	19	13	

11	21	25	16	27	13	10	29	26	28	24	

30	12	26	12	19	24	22	18	21	14	30	

27	17	16	10	14	24	18	10	17	16	25	

29	24	14	30	25	23	22	18	27	22	17	

11	20	18	25	15	16	16	17	17	15	27	

13	18	26	17	19	25	10	19	18	11	10	

24	16	13	27	30	27	30	24	17	26	14	

15	22	20	13	18	22	18	18	10	12	25	

29	13	16	18	16	15	30	22	22	24	22	

21	21	24	17	16	30	25	12	11	10	25	

20	13	30	21	28	16	18	14	27	20	15	

22	10	13	25	12	13	11	12	15	27	14	

16	23	22	11	28	12	27	12	27	15	12	

26	24	12	29	19	22	20	27	16	10	18	

30	26	11	25	20	27	18	29	17	27	13	

24	27	15	19	23	17	23	10	22	16	29	

27	21	22	29	17	10	16	27	28	16	26	

30	13	10	13	29	20	19	26	21	26	29	

14	11	20	26	11	15	29	12	14	20	22	

26	13	30	29	25	15	24	15	29	20	28	

18	30	12	16	11	18	12	18	23	13	17	

14	24	12	26	10	11	18	24	14	27	10	

10	26	20	30	22	18	22	21	15	23	24	

26	21	21	25	23	15	11	14	14	30	26	

20	30	26	12	29	26	22	17	25	14	12	

11	26	25	13	25	12	27	20	27	26	26	

27	26	11	22	11	19	28	14	28	28	24	

13	16	27	26	20	23	16	15	22	21	13	

23	28	12	27	25	27	13	30	10	12	14	

27	21	10	16	25	24	12	18	19	11	15	

25	28	24	24	21	15	15	21	25	23	26	

21	18	14	23	29	20	26	25	10	17	14	

22	12	23	13	23	22	11	17	11	10	17	

14	21	20	10	12	24	18	19	30	28	20	

16	14	17	22	27	28	27	12	17	30	28	

28	28	17	20	13	18	20	20	12	14	27	

29	20	30	22	30	30	26	17	29	23	14	

18	18	30	21	17	15	16	29	17	15	29	

12	14	26	30	21	22	19	29	21	10	18	

23	15	18	18	13	14	29	19	16	19	14	

21	23	15	11	20	28	30	27	19	20	23	

16	20	10	14	25	12	12	12	19	23	12	

19	13	13	23	11	26	20	19	11	11	24	

19	17	26	28	16	16	24	29	13	29	10	

23	22	19	22	21	29	17	17	12	19	10	

11	28	22	10	11	27	24	23	28	29	25	

11	12	20	11	29	23	26	11	27	26	28	

13	26	27	10	29	11	29	11	11	28	15	

24	14	23	18	21	25	19	25	13	11	18	

27	15	18	27	18	28	23	19	19	25	20	

29	28	18	27	23	27	29	29	25	28	25	

22	25	24	27	21	23	12	13	18	23	14	

23	19	21	10	14	15	25	18	13	28	11	

19	13	15	11	10	24	11	14	28	24	19	

27	21	24	27	21	21	16	11	16	19	12	

12	19	27	17	13	13	28	24	12	12	29	

18	16	29	30	17	22	25	11	25	30	29	

25	20	12	20	24	22	21	22	18	28	11	

20	27	15	25	18	22	19	30	12	29	26]	

