n:278	
m:2


W:[2855
2738]


b:[99
51
54
84
59
74
89
67
57
64
96
93
96
58
73
95
78
74
78
86
96
75
92
91
94
79
73
51
64
56
52
92
90
98
75
84
95
86
73
59
67
80
56
70
89
95
98
71
99
59
72
84
50
84
86
98
97
56
96
66
73
74
85
96
90
57
50
78
77
92
85
61
76
62
78
92
62
61
100
59
69
69
98
84
95
94
85
76
74
65
92
85
63
69
59
91
90
74
62
51
63
52
90
85
69
69
53
82
55
87
96
99
71
90
64
66
66
72
88
95
94
61
87
90
52
92
68
59
66
95
94
95
59
79
90
98
71
94
96
75
52
52
98
51
100
55
88
51
64
63
50
75
100
78
53
58
54
63
82
89
97
54
55
82
53
90
78
67
53
99
76
81
61
79
89
79
98
92
88
80
82
63
90
98
85
54
75
64
83
55
87
97
58
54
51
78
68
51
52
72
51
77
96
97
88
86
90
68
57
56
58
75
98
62
92
71
72
57
88
89
84
91
76
59
74
91
56
56
61
86
56
59
98
53
61
97
79
58
98
50
83
57
65
59
68
59
94
74
83
77
100
72
97
65
59
66
67
76
68
81
53
83
81
51
99
77
93
80
56
86
67
83
56
93
79
60
78
82]


w:[14	28	

20	10	

16	21	

23	17	

11	12	

20	26	

27	27	

21	16	

27	21	

16	18	

23	26	

30	21	

19	27	

10	10	

19	22	

12	24	

15	13	

22	14	

25	29	

28	30	

24	21	

12	17	

16	22	

27	22	

18	24	

22	19	

21	15	

15	25	

17	20	

27	24	

12	11	

17	20	

25	15	

20	28	

10	27	

14	29	

27	10	

11	10	

23	21	

20	21	

28	12	

23	27	

19	21	

27	13	

20	26	

30	10	

19	16	

25	12	

10	26	

16	15	

12	14	

23	12	

29	18	

23	21	

30	20	

16	27	

29	22	

20	28	

27	19	

11	14	

27	17	

26	26	

27	22	

15	18	

10	15	

22	17	

21	23	

15	13	

22	20	

30	26	

22	21	

24	14	

25	23	

22	23	

20	21	

28	23	

27	11	

10	26	

14	16	

14	24	

15	18	

23	22	

26	23	

18	12	

21	19	

19	26	

22	12	

24	10	

19	12	

22	28	

10	20	

26	15	

11	20	

18	21	

14	22	

18	28	

26	23	

29	18	

11	24	

25	21	

25	22	

11	19	

30	22	

13	16	

20	18	

30	23	

25	22	

20	25	

29	23	

21	24	

20	13	

14	17	

24	28	

12	25	

24	27	

18	22	

27	24	

22	22	

16	21	

11	25	

23	14	

11	13	

11	24	

28	22	

11	26	

11	23	

30	14	

11	25	

15	22	

13	13	

15	20	

18	10	

10	13	

12	25	

21	19	

23	10	

10	26	

14	25	

25	27	

15	12	

29	19	

26	23	

24	27	

22	30	

23	20	

16	24	

20	14	

22	10	

21	11	

30	16	

30	27	

17	15	

19	24	

15	10	

25	16	

27	20	

26	24	

22	14	

18	28	

23	10	

22	14	

15	23	

25	24	

10	29	

17	25	

28	26	

22	11	

29	10	

18	11	

16	21	

27	23	

26	10	

28	13	

22	24	

23	25	

20	22	

16	29	

24	15	

23	30	

24	30	

21	12	

13	21	

29	12	

28	17	

26	27	

22	11	

22	29	

27	13	

24	30	

13	24	

10	11	

20	26	

25	15	

20	30	

24	14	

22	29	

21	28	

27	11	

25	27	

13	13	

27	14	

18	27	

27	22	

24	19	

27	14	

29	20	

30	20	

23	24	

15	28	

23	26	

30	16	

18	14	

21	14	

18	13	

10	27	

27	27	

26	19	

12	21	

11	11	

26	26	

22	10	

28	29	

16	14	

27	28	

20	30	

16	30	

10	15	

27	14	

12	29	

10	14	

21	14	

21	15	

24	24	

24	10	

17	19	

27	11	

15	10	

18	14	

18	26	

26	15	

23	18	

17	19	

30	15	

30	20	

20	11	

22	26	

23	28	

19	14	

19	22	

28	12	

25	23	

14	11	

21	14	

13	15	

30	22	

13	14	

22	13	

13	21	

25	16	

10	15	

23	20	

28	18	

21	14	

17	10	

30	12	

10	26	

18	21	

18	23	

16	28	

30	16	

16	27	

15	13	

30	29	

11	28	

17	14	

14	24	

19	16	

28	19]	

