n:1358	
m:6


W:[13578
13663
13441
13569
13645
13679]


b:[51
62
69
85
76
70
54
68
99
87
88
82
80
76
98
60
74
97
97
57
94
50
52
92
70
60
98
83
50
58
70
81
81
52
56
63
93
85
92
63
69
100
100
90
62
99
66
57
93
83
83
73
85
66
72
70
98
79
62
77
56
57
74
93
81
70
98
60
88
99
100
94
60
62
91
85
98
61
92
99
93
63
72
73
52
59
55
63
59
100
90
75
67
60
54
70
50
53
77
85
92
80
80
94
97
81
52
94
59
75
72
72
75
76
70
51
84
54
75
67
52
84
82
98
100
51
100
60
54
69
55
74
80
93
62
86
97
75
96
91
86
76
72
61
53
61
85
85
63
76
60
83
80
56
80
86
59
86
79
52
88
69
68
100
55
62
65
53
100
69
59
80
72
53
68
62
96
56
79
84
50
78
58
62
83
61
91
50
56
67
99
67
75
64
80
84
55
66
89
78
52
51
97
56
51
62
76
68
89
63
87
99
72
59
94
97
74
75
55
80
91
81
62
90
51
58
84
90
65
73
70
62
90
95
72
62
90
54
66
85
85
78
99
89
63
99
61
63
81
68
67
67
88
88
74
86
59
74
50
81
87
92
52
99
69
61
90
66
65
81
97
80
52
55
77
62
94
73
91
78
57
65
96
95
68
86
71
60
92
61
91
85
67
53
67
69
51
91
73
64
82
74
71
61
70
63
50
84
59
66
70
98
63
60
69
61
100
66
98
94
95
60
78
80
63
52
85
66
74
97
50
96
100
62
92
59
51
62
58
68
95
79
61
88
62
91
59
91
54
86
96
61
53
99
51
68
91
93
82
57
86
81
50
66
58
59
63
100
64
67
97
85
74
83
74
83
51
58
62
52
86
90
59
62
59
72
79
100
72
89
63
89
97
63
94
67
96
79
73
80
83
100
59
57
63
76
86
75
96
85
84
85
99
81
65
80
78
63
57
69
94
98
95
62
57
90
92
70
93
75
69
87
100
97
97
74
82
97
51
92
76
53
78
66
71
57
81
78
92
74
94
80
99
97
74
50
62
79
55
52
97
95
67
70
61
60
83
57
76
58
80
60
71
82
59
85
66
59
66
76
80
86
51
62
70
94
51
65
69
56
51
83
63
99
93
88
92
75
59
96
60
75
68
88
53
75
87
83
78
54
67
99
87
87
53
84
56
69
99
86
87
82
92
80
96
63
86
96
58
83
70
76
58
67
62
86
72
62
85
76
98
59
79
55
54
90
69
76
94
60
62
61
51
100
53
86
60
70
52
88
100
63
72
72
51
92
89
61
58
57
57
68
73
78
59
77
100
67
65
86
99
96
60
89
90
66
98
96
94
75
73
55
61
53
90
73
66
82
59
100
99
80
88
90
95
59
73
79
77
55
98
51
55
96
84
51
69
63
77
68
77
84
97
89
63
93
67
58
92
85
96
95
100
89
73
88
98
61
58
88
76
80
97
78
83
98
76
68
97
66
92
58
63
78
63
61
93
51
81
79
74
64
62
62
90
91
96
90
83
86
87
57
61
78
51
79
84
77
66
51
56
56
100
53
98
63
56
68
60
74
52
86
80
53
70
53
89
68
55
58
53
51
99
77
78
100
74
90
62
66
98
71
69
64
66
87
91
82
54
82
65
63
87
76
75
89
95
83
78
54
72
60
64
88
53
85
68
62
51
74
84
87
75
56
80
57
68
74
77
86
67
76
90
95
60
88
55
52
98
70
62
100
55
98
94
100
89
59
65
76
62
70
59
53
67
68
94
65
51
78
58
65
71
51
50
77
94
86
83
63
62
87
78
91
56
52
57
65
87
84
53
71
95
69
63
77
94
81
87
81
83
79
71
82
96
92
94
52
58
83
65
95
78
65
90
75
51
72
88
84
77
55
81
81
93
61
73
66
90
77
79
90
73
96
58
71
54
63
53
87
77
72
79
61
91
96
53
69
55
72
69
81
62
99
61
80
88
72
73
68
67
54
99
55
56
67
93
82
60
57
94
90
93
65
73
67
78
66
73
69
53
71
56
67
57
52
99
61
67
98
90
75
88
81
66
82
82
50
90
57
66
60
67
88
74
82
55
94
89
68
81
84
70
96
77
73
84
84
91
57
63
56
79
81
75
71
65
69
52
99
72
71
59
50
71
97
72
99
85
63
86
62
57
78
65
90
82
76
84
71
77
94
61
98
100
76
51
82
71
71
63
93
63
52
70
72
65
92
100
84
70
89
69
72
83
60
56
92
87
53
53
50
93
91
81
69
77
82
65
80
76
67
68
57
57
99
76
77
99
85
70
77
60
88
83
52
75
75
82
73
92
58
82
70
86
74
69
83
92
67
60
79
51
86
86
55
97
90
99
98
87
99
84
64
67
87
86
55
55
73
68
76
55
87
80
97
58
99
66
84
85
80
88
57
86
72
59
84
73
53
58
94
85
56
77
63
68
81
61
72
84
88
99
55
84
74
81
61
89
61
84
84
53
56
86
95
73
58
71
75
78
73
73
67
60
94
87
76
73
99
79
57
71
70
53
83
57
63
75
86
53
61
68
90
69
60
58
50
56
74
58
89
51
97
72
100
62
87
63
85
71
72
76
77
64
51
80
69
66
97
70
84
90
96
81
55
98
90
59
58
92
89
53
58
84
86
89
70
52
58
63
50
91
80
92
88
77
89
54
80
92
79
75
59
97
65
76
69
69
85
82
82
57
73
69
53
77
61
51
82
71
97
93
89
67
57
74
57
62
99
96
97
66
50
68
100
75
82
93
93
55
69
79
82
76
97
68
57
50
78
56
82
79
71
89
72
63
64
57
87
90
98
66
95
95
62
89
62
96
95
52
67
50
65
82
53
100
96
90
83
55
54
83
100
92
92
84
80
76
73
81
90
63
85
92
91
65
53
96
97
84
60
91
68
96
89
78
68
60
71
98
62
54
64
79
83
65
55
78
92
68
85
96
100
64
86
87
92
57
63
63
61
100
78
69
59
93
86
58
71
68
82
86
74
64
63
54
56
80
89
50
85
64
87
51
92
57
72
57
77
98
95
69
75
95
78
68
62
64
58
87
80
67
71
93
53
61
91]


w:[20	27	11	17	16	16	

30	20	22	24	24	30	

16	27	12	14	29	14	

25	17	17	30	11	24	

10	18	19	20	16	16	

29	20	15	10	11	12	

13	10	30	24	26	23	

25	23	16	19	23	18	

10	25	20	23	27	19	

22	21	27	10	14	16	

22	30	12	13	20	19	

26	15	16	30	19	16	

29	11	15	18	10	24	

10	11	20	25	15	20	

14	12	21	12	29	16	

15	26	14	13	21	22	

17	30	15	14	26	28	

15	15	17	12	10	15	

30	26	17	15	19	18	

26	18	24	14	26	16	

29	19	12	21	24	21	

17	17	27	16	13	30	

25	24	28	14	16	20	

14	18	11	29	10	22	

30	28	23	29	18	23	

13	29	13	24	30	15	

17	10	10	20	25	26	

29	21	10	11	18	25	

21	14	24	12	25	30	

29	29	25	10	25	17	

14	16	17	23	24	24	

29	28	29	28	17	16	

18	15	29	21	16	11	

11	15	26	23	30	25	

14	28	15	19	21	29	

26	20	24	17	15	21	

21	26	15	19	19	26	

16	16	21	24	13	10	

30	15	30	21	10	14	

17	30	11	17	30	30	

28	25	28	10	23	30	

30	10	22	23	13	16	

27	30	25	24	24	26	

15	22	14	11	15	15	

14	29	20	10	27	22	

22	14	29	18	29	26	

16	26	19	13	21	15	

22	23	22	21	18	18	

15	11	13	24	21	10	

28	22	23	30	28	20	

29	30	30	29	13	12	

27	22	28	18	10	20	

29	17	15	29	28	21	

29	20	26	29	11	29	

24	23	12	26	15	11	

20	22	16	15	10	24	

23	22	24	24	21	25	

29	21	21	17	13	22	

21	13	28	17	10	14	

25	11	12	10	21	23	

22	20	18	25	24	14	

11	14	15	23	15	13	

21	18	23	14	13	29	

17	23	11	17	14	10	

18	18	24	13	20	12	

22	26	17	21	27	23	

30	18	24	22	21	13	

22	19	15	27	18	13	

21	13	16	24	23	23	

15	27	26	16	23	24	

26	28	25	10	27	21	

27	24	26	21	23	22	

12	10	11	30	29	25	

10	23	29	25	29	11	

28	27	26	10	23	22	

24	22	24	28	12	26	

21	14	19	22	14	17	

30	18	27	24	17	25	

28	26	15	26	19	15	

26	24	20	25	14	28	

12	22	12	12	16	24	

22	14	27	21	23	20	

24	24	14	29	13	12	

17	20	28	26	22	19	

15	26	28	24	19	18	

27	14	27	10	20	26	

18	23	10	11	27	11	

24	13	23	16	15	29	

21	18	23	25	19	30	

25	27	14	25	24	24	

14	22	25	25	19	20	

10	28	28	12	22	29	

13	13	14	24	17	19	

22	19	19	22	18	28	

10	10	29	19	23	21	

19	15	29	21	10	27	

14	13	13	21	26	28	

28	21	20	11	24	23	

11	15	13	16	30	29	

26	10	10	27	11	16	

12	10	29	13	29	18	

15	11	19	22	18	25	

25	20	27	16	18	24	

25	25	12	23	27	21	

12	26	13	11	10	18	

23	27	26	21	25	30	

25	16	13	14	21	27	

18	11	16	28	10	22	

23	27	20	21	25	28	

26	21	25	15	16	21	

29	19	30	25	13	30	

26	25	26	29	20	29	

20	30	27	20	19	22	

28	20	26	16	15	21	

15	24	26	16	29	18	

11	30	29	28	29	18	

30	23	24	17	15	26	

18	17	26	30	29	16	

17	13	27	29	10	21	

11	11	30	10	28	16	

10	16	11	25	30	15	

14	22	24	19	29	11	

16	28	16	29	16	29	

29	12	10	13	26	22	

18	12	20	11	27	29	

29	29	21	18	15	18	

30	18	17	15	18	12	

10	26	21	25	29	25	

25	10	13	11	17	26	

28	27	17	19	18	21	

17	24	22	24	18	12	

17	20	16	25	11	22	

27	14	28	19	18	15	

11	29	29	21	29	28	

17	12	17	11	27	14	

21	22	13	19	27	13	

30	22	13	26	29	26	

20	27	23	30	16	29	

23	17	17	22	28	27	

19	24	17	14	30	10	

11	18	23	25	18	30	

18	16	10	24	10	29	

28	24	24	27	30	18	

23	23	30	12	30	11	

24	15	29	26	12	20	

22	15	15	26	15	20	

17	25	27	20	16	11	

13	12	11	29	24	25	

28	27	18	15	17	29	

16	18	12	26	28	19	

10	20	24	12	23	17	

24	26	28	16	17	13	

10	14	11	12	28	16	

13	15	16	14	15	14	

14	12	28	28	14	12	

17	20	28	28	26	12	

11	20	21	15	28	10	

28	14	26	20	25	18	

10	27	18	10	14	29	

26	26	14	28	24	26	

11	18	16	15	22	28	

29	28	12	20	27	17	

18	10	11	10	16	16	

28	25	26	25	11	15	

20	25	21	20	26	27	

13	19	19	11	18	19	

30	18	24	21	26	15	

17	21	18	10	27	21	

12	22	17	27	25	18	

12	20	21	30	26	20	

17	29	28	26	13	14	

30	25	26	19	23	18	

10	18	20	26	12	19	

21	26	10	27	25	14	

18	20	12	29	11	29	

24	25	21	22	17	17	

12	13	20	30	30	27	

24	17	19	18	20	30	

19	13	16	30	16	17	

17	26	10	22	13	14	

20	28	27	24	29	12	

18	17	26	19	24	15	

17	18	18	19	19	18	

21	26	15	12	12	14	

22	29	13	11	11	19	

18	19	28	24	14	10	

18	10	16	27	12	24	

14	16	27	27	17	17	

21	20	15	12	14	23	

10	30	12	19	11	28	

26	25	12	15	18	10	

19	11	20	27	12	24	

22	22	18	15	18	16	

27	12	13	12	22	19	

25	26	10	15	16	24	

14	23	10	29	30	21	

24	27	21	26	25	14	

20	20	30	17	18	24	

27	27	19	24	15	24	

26	25	13	12	29	28	

29	19	21	30	28	22	

21	11	23	10	28	18	

24	27	30	28	14	19	

11	18	23	10	27	20	

14	17	30	14	27	29	

22	24	14	20	12	11	

19	29	30	19	21	12	

19	27	22	22	26	25	

13	18	29	22	30	25	

15	29	21	10	30	26	

24	22	24	26	17	10	

26	10	23	23	23	15	

13	19	22	18	22	19	

28	20	11	30	28	22	

14	25	13	29	25	30	

22	21	30	23	13	30	

21	15	19	16	27	14	

27	11	30	14	24	23	

25	18	21	15	17	25	

14	20	10	23	11	17	

16	25	19	20	20	30	

10	21	16	18	22	17	

23	18	10	30	10	21	

14	30	16	14	12	18	

24	10	18	12	24	17	

24	30	10	10	10	11	

26	14	27	16	27	23	

24	21	14	13	15	26	

18	10	14	16	19	25	

21	29	27	20	13	20	

14	21	24	13	20	12	

28	11	22	28	13	15	

16	18	14	22	13	17	

13	22	25	13	10	23	

25	14	27	10	26	18	

15	25	19	24	18	20	

23	11	12	13	14	28	

22	12	22	22	26	24	

17	24	12	10	22	20	

22	26	21	16	28	23	

20	25	23	29	10	30	

17	11	21	24	16	26	

13	30	25	12	22	23	

22	27	25	28	29	29	

19	29	11	21	12	28	

23	15	19	25	25	20	

18	14	17	14	23	16	

22	12	11	13	28	25	

18	25	10	13	17	27	

17	17	21	29	15	10	

29	17	25	13	21	19	

29	12	22	13	11	26	

13	17	16	13	24	21	

19	17	28	13	25	12	

14	23	17	22	29	17	

13	22	12	20	17	11	

15	27	23	17	27	28	

26	25	13	10	21	22	

18	10	28	28	15	15	

11	13	24	25	23	25	

29	14	12	10	12	11	

13	20	27	24	28	18	

20	26	25	26	18	26	

24	13	16	16	26	10	

21	10	22	19	12	16	

26	10	26	19	14	15	

20	15	11	19	20	22	

12	15	10	24	24	12	

10	29	23	12	17	26	

28	16	28	27	30	26	

17	25	29	16	14	30	

27	24	29	15	27	12	

24	23	30	19	27	13	

13	13	29	21	10	21	

22	28	20	21	22	14	

19	26	18	21	13	15	

18	23	16	16	17	19	

10	23	14	29	29	22	

23	22	10	21	15	29	

11	20	23	10	11	19	

30	24	12	17	21	20	

19	29	25	29	26	15	

17	21	15	13	28	18	

25	16	30	29	23	28	

26	11	30	18	26	19	

15	11	21	25	26	18	

24	17	27	21	19	22	

30	13	29	27	18	16	

11	17	25	24	17	14	

25	18	17	26	14	16	

15	15	27	20	17	12	

20	18	15	24	22	28	

28	26	15	14	17	17	

19	13	12	15	19	19	

23	15	27	28	29	15	

16	21	25	10	18	22	

13	17	20	27	10	11	

29	13	30	25	20	12	

27	18	28	18	19	25	

10	12	25	17	18	28	

17	30	24	27	19	14	

22	14	25	20	24	27	

17	10	22	10	29	30	

27	30	22	28	20	18	

27	18	13	15	22	30	

27	26	10	30	12	22	

30	27	11	26	25	18	

17	21	24	29	25	24	

10	23	13	18	20	17	

30	17	21	17	15	10	

11	30	29	23	14	22	

22	23	24	29	11	30	

22	16	15	16	20	27	

21	10	12	14	15	27	

28	19	10	18	10	13	

24	13	24	17	12	23	

19	19	22	10	13	23	

21	24	13	11	19	30	

26	23	25	11	14	27	

27	23	12	10	29	29	

23	16	11	16	13	30	

23	26	15	24	29	23	

20	16	15	22	25	29	

15	14	26	28	28	11	

25	22	20	12	18	27	

23	22	22	22	30	10	

13	30	14	16	26	25	

17	16	26	21	25	23	

22	14	18	17	12	15	

20	27	23	20	12	16	

14	11	27	30	20	29	

20	18	18	18	28	17	

29	22	12	27	23	29	

24	24	13	24	14	14	

30	21	20	20	29	16	

22	14	23	14	26	23	

24	30	14	26	13	21	

10	29	10	24	25	16	

28	20	11	25	28	27	

26	28	16	18	30	12	

23	24	30	17	23	26	

11	26	15	15	20	10	

26	21	20	21	16	17	

10	23	12	24	18	26	

23	17	22	18	17	28	

24	22	18	21	22	27	

30	14	29	22	23	25	

11	23	13	25	13	18	

11	14	16	17	30	28	

29	13	14	17	27	12	

15	18	28	30	18	28	

10	25	10	14	26	23	

17	15	28	28	16	15	

23	10	13	24	16	20	

26	22	23	25	28	18	

23	23	20	15	24	17	

13	26	17	15	16	25	

17	30	16	30	24	26	

10	10	20	20	25	17	

15	26	22	15	20	30	

14	22	17	25	27	11	

25	29	27	24	30	30	

14	14	19	12	22	21	

20	26	25	29	14	26	

11	12	25	16	10	21	

11	25	18	10	11	26	

24	20	21	20	17	30	

15	30	20	16	20	15	

27	29	14	12	17	23	

29	28	27	28	13	29	

12	14	19	14	11	10	

17	26	18	21	15	11	

24	17	12	26	10	11	

19	30	30	14	13	24	

14	12	24	24	19	29	

13	28	21	17	11	19	

23	30	23	27	14	21	

17	20	27	27	20	27	

16	11	20	29	21	10	

25	30	12	10	12	13	

30	26	17	15	17	29	

21	19	12	17	24	22	

24	20	13	25	10	14	

23	16	10	28	18	27	

21	18	19	30	23	11	

23	22	17	20	14	21	

28	19	16	18	10	15	

15	29	16	12	29	25	

21	15	18	29	19	15	

25	25	29	30	20	30	

19	26	26	16	13	20	

14	25	18	25	13	21	

11	28	26	12	12	15	

18	26	11	10	25	24	

20	24	14	10	22	19	

30	17	12	27	18	12	

19	29	13	28	16	25	

12	11	30	22	26	17	

11	20	25	17	23	17	

24	15	24	18	13	23	

24	20	23	14	15	20	

16	20	14	14	28	14	

30	22	10	17	11	26	

21	24	28	18	21	15	

10	11	29	26	26	12	

17	25	24	17	11	29	

23	18	21	16	22	19	

21	22	22	22	30	10	

30	18	20	14	11	20	

10	26	13	14	28	30	

28	23	20	30	14	29	

25	27	27	25	28	19	

13	13	15	30	27	25	

18	17	30	29	23	10	

19	30	29	22	11	19	

14	28	10	18	28	16	

20	27	24	17	28	14	

27	24	10	23	25	14	

26	27	13	21	24	25	

26	25	30	28	20	12	

12	20	23	29	23	10	

29	13	27	20	13	30	

16	15	14	20	24	22	

28	11	23	16	13	16	

14	18	30	22	14	18	

16	28	11	26	29	22	

15	20	12	30	18	14	

22	11	20	24	14	27	

14	30	20	15	13	25	

30	29	26	21	27	25	

12	24	12	22	26	15	

12	26	17	17	22	19	

28	11	25	11	17	16	

20	23	12	30	26	26	

11	17	10	18	27	18	

26	28	22	30	18	14	

16	10	16	24	25	13	

20	17	29	22	24	19	

11	30	22	23	27	12	

23	28	30	15	14	12	

12	12	28	27	14	29	

18	13	19	17	11	30	

13	24	29	21	21	15	

17	18	29	10	11	23	

27	29	21	10	21	14	

15	19	23	26	24	24	

20	16	11	19	13	29	

15	28	11	25	14	27	

12	11	14	14	20	25	

20	18	18	11	23	23	

25	23	26	28	21	19	

24	19	26	12	10	24	

25	28	27	11	27	18	

11	10	26	28	26	13	

20	14	11	25	10	30	

20	24	19	28	10	18	

29	17	10	23	28	20	

12	15	18	12	25	22	

14	24	22	25	14	26	

11	29	10	29	25	19	

22	28	20	10	16	19	

14	17	24	10	25	23	

10	30	17	22	23	12	

23	11	12	18	28	30	

13	25	20	18	28	29	

28	30	20	17	13	21	

18	23	11	13	21	25	

13	24	23	18	14	19	

19	10	11	28	11	28	

27	18	22	25	16	22	

28	16	24	16	25	13	

28	18	26	16	14	24	

17	26	29	30	29	25	

30	21	30	18	12	29	

30	11	22	19	12	24	

14	16	12	25	17	15	

28	30	16	10	27	11	

20	24	17	24	13	23	

15	10	18	23	29	14	

25	16	21	23	24	19	

23	25	17	21	12	19	

25	29	18	10	16	25	

11	11	23	22	24	22	

27	11	25	12	21	20	

28	29	12	30	18	21	

16	10	19	27	29	16	

30	28	14	19	20	26	

21	24	15	14	23	23	

13	24	13	15	27	23	

30	24	18	21	18	19	

26	26	18	25	30	29	

11	14	15	28	11	10	

22	25	24	16	28	10	

16	15	18	25	14	12	

21	17	12	19	14	21	

17	24	17	26	24	10	

13	16	24	20	15	29	

14	11	23	21	28	19	

10	29	16	17	19	10	

21	29	16	22	29	30	

12	10	25	12	20	18	

30	27	30	11	19	11	

10	30	11	13	24	29	

20	12	25	20	27	21	

26	16	17	26	28	23	

17	26	24	14	22	18	

11	18	11	24	14	29	

17	20	28	29	16	16	

27	13	21	22	10	29	

11	11	28	26	18	29	

28	30	26	26	18	28	

22	10	21	13	30	27	

17	28	16	29	16	21	

13	21	21	28	15	28	

27	13	12	25	30	20	

29	16	24	27	17	24	

25	25	14	12	24	23	

14	26	19	25	25	15	

27	15	29	16	18	17	

30	15	17	18	13	23	

15	17	19	14	12	11	

26	20	24	12	29	10	

17	11	23	17	22	13	

24	15	25	13	10	26	

26	28	30	14	19	30	

20	28	16	10	24	26	

16	14	26	25	29	18	

14	24	20	11	28	13	

13	10	19	29	28	24	

26	30	19	15	20	26	

16	22	19	20	16	29	

24	28	30	22	27	16	

15	24	18	20	15	15	

30	12	25	29	21	10	

13	20	24	14	18	17	

18	22	27	21	13	11	

23	21	21	19	11	30	

18	29	23	27	12	18	

22	30	18	15	15	28	

26	19	23	13	24	20	

17	29	10	20	16	15	

29	24	23	27	17	25	

30	10	12	12	10	23	

16	10	30	24	21	13	

19	29	16	10	17	10	

18	24	12	26	23	21	

17	13	12	23	22	11	

25	11	24	27	28	27	

19	20	23	21	10	10	

13	30	17	14	16	12	

20	24	30	10	25	26	

16	27	29	19	14	20	

27	18	23	24	25	20	

17	28	25	29	20	18	

18	28	27	20	27	27	

19	20	18	17	15	19	

18	14	22	24	12	28	

22	14	13	13	14	29	

11	16	15	20	14	17	

27	13	17	18	18	15	

22	10	22	27	16	26	

23	15	16	24	18	13	

26	27	12	29	22	29	

21	15	27	18	19	23	

11	11	22	28	23	20	

21	10	10	16	29	26	

11	29	24	26	12	19	

30	25	16	12	25	21	

23	22	13	21	16	30	

20	28	12	14	18	19	

12	12	10	20	12	29	

19	25	10	20	16	19	

26	13	24	26	13	28	

25	27	11	30	22	19	

23	29	27	14	10	23	

23	16	19	25	11	26	

25	15	19	18	18	12	

30	19	12	16	12	10	

15	17	16	24	11	10	

25	24	17	24	10	17	

25	28	27	16	23	21	

16	13	10	11	17	24	

17	17	12	28	28	30	

26	16	16	16	13	14	

17	20	28	23	25	10	

22	29	28	22	23	21	

13	12	26	19	30	13	

22	26	13	14	29	17	

21	16	25	22	13	21	

25	24	17	18	26	14	

19	30	15	30	19	30	

28	18	20	26	23	15	

23	29	24	22	29	10	

23	15	12	15	13	15	

12	29	28	18	14	20	

22	23	27	23	27	19	

20	17	28	15	21	13	

24	23	11	21	27	28	

10	13	12	15	24	20	

10	27	24	25	30	16	

28	18	26	14	11	14	

22	24	23	13	22	18	

27	24	30	25	21	13	

14	14	26	21	26	11	

11	26	22	25	10	12	

15	11	16	30	15	19	

13	12	21	17	23	24	

16	25	13	28	21	25	

14	18	12	17	26	18	

17	12	14	16	20	20	

12	22	17	20	20	17	

10	11	25	12	30	23	

14	10	12	21	14	27	

25	23	25	19	28	18	

30	21	24	26	20	29	

11	29	16	29	17	10	

14	14	12	20	11	27	

27	18	15	16	16	10	

26	15	24	13	10	26	

26	26	16	19	19	29	

27	25	26	24	12	24	

23	11	22	18	21	14	

25	19	20	27	23	13	

29	19	29	11	17	15	

19	11	23	21	15	21	

15	29	14	26	28	15	

29	24	20	10	19	18	

20	25	25	25	27	21	

13	16	18	27	25	19	

27	10	21	16	24	18	

10	16	11	30	19	14	

17	20	26	26	11	10	

27	24	22	14	17	27	

11	28	15	21	30	26	

14	21	19	10	29	20	

23	20	12	25	23	12	

24	18	20	25	26	24	

17	10	24	25	30	24	

17	21	28	10	23	13	

23	12	23	17	13	14	

15	29	26	19	29	24	

10	13	26	24	19	21	

22	22	26	19	23	30	

27	18	22	17	30	17	

16	27	16	26	11	24	

25	29	21	15	27	22	

17	20	10	25	27	30	

20	27	16	12	30	12	

30	25	11	24	27	24	

23	29	20	22	11	11	

18	14	15	29	16	29	

11	28	14	23	25	23	

12	22	28	22	16	25	

21	23	22	17	30	17	

22	19	13	22	29	20	

29	15	10	23	13	24	

24	17	10	26	29	25	

27	20	26	11	24	27	

17	22	22	30	16	12	

17	11	18	22	20	29	

21	17	24	18	14	20	

22	24	13	21	15	14	

14	10	15	17	17	19	

13	23	16	18	16	21	

26	11	13	17	19	21	

13	30	16	11	17	10	

13	28	13	11	16	20	

10	13	23	24	15	30	

26	13	24	12	11	17	

12	12	14	29	23	25	

20	12	26	18	24	21	

22	17	12	15	25	22	

19	22	30	18	26	23	

14	16	24	30	27	11	

16	27	11	17	27	16	

16	11	16	14	24	21	

11	23	17	20	18	17	

20	11	18	16	24	14	

16	18	29	27	28	23	

10	27	11	10	27	13	

18	12	20	20	21	14	

20	28	24	26	29	14	

22	13	13	22	28	25	

13	25	23	17	13	12	

27	16	24	28	24	14	

10	14	30	26	28	18	

18	28	22	27	28	25	

18	17	26	13	11	20	

29	24	10	17	26	22	

30	15	17	19	20	20	

19	20	13	27	16	23	

29	26	21	30	25	16	

18	26	29	11	26	20	

10	15	12	12	14	10	

20	20	22	19	11	18	

20	27	13	16	26	26	

26	28	23	29	25	11	

22	30	16	27	12	30	

10	19	21	13	20	21	

18	14	17	30	20	27	

20	18	13	13	18	15	

29	24	14	13	28	11	

26	29	12	20	19	17	

19	18	15	17	18	24	

17	21	28	13	26	29	

19	25	13	16	23	26	

22	20	16	26	16	18	

20	27	28	15	28	19	

26	27	23	18	12	18	

11	11	19	15	30	22	

29	27	10	11	19	15	

21	29	10	26	23	24	

14	18	23	16	30	27	

26	10	26	29	27	30	

25	24	20	13	13	19	

12	22	27	21	17	12	

16	16	20	23	24	26	

14	19	10	13	14	11	

27	16	26	10	20	25	

18	29	20	16	11	20	

23	22	21	27	15	21	

21	29	26	28	10	20	

12	26	23	22	23	12	

18	17	15	17	15	26	

22	23	28	23	14	26	

26	27	11	22	14	28	

23	11	23	12	22	15	

28	11	13	10	27	16	

29	22	27	28	26	18	

24	21	25	26	12	10	

27	20	15	18	24	14	

30	23	28	27	17	15	

27	20	29	21	30	21	

18	28	28	25	11	29	

30	27	23	26	25	19	

28	13	17	29	24	17	

18	15	20	17	25	27	

12	18	20	30	14	27	

17	29	21	23	17	12	

14	23	11	15	27	19	

29	14	14	16	21	10	

10	15	11	26	21	11	

12	25	30	29	28	14	

13	28	25	19	22	14	

21	29	21	12	22	24	

19	15	30	11	22	27	

17	12	29	27	21	24	

29	22	22	27	23	30	

28	15	10	18	18	22	

20	26	20	14	27	11	

23	25	17	29	18	18	

17	16	11	21	13	11	

10	25	29	24	14	23	

29	15	11	21	22	20	

14	22	17	22	24	16	

11	15	21	28	28	19	

16	22	12	18	17	19	

21	14	29	23	25	30	

17	23	10	16	29	28	

26	14	21	23	10	23	

16	13	23	17	23	23	

28	11	16	15	15	11	

14	11	18	29	26	22	

12	11	22	29	22	26	

30	11	10	22	15	29	

14	26	16	18	28	19	

23	11	21	23	28	26	

16	26	19	26	20	25	

30	22	21	21	14	14	

13	30	30	20	10	15	

14	11	28	22	21	25	

10	19	22	19	16	18	

23	10	26	30	24	13	

26	30	29	15	29	28	

24	25	18	19	27	27	

25	28	27	26	16	12	

26	28	29	23	16	29	

18	20	12	20	15	19	

29	16	19	13	30	18	

14	20	28	17	13	13	

29	18	28	27	10	24	

14	19	29	18	12	22	

25	15	25	25	23	10	

18	27	28	28	19	19	

15	21	11	19	28	27	

26	22	16	20	15	25	

25	22	23	26	26	11	

25	13	23	21	11	12	

28	20	26	26	30	20	

10	24	20	19	11	10	

26	12	30	14	30	15	

21	13	29	12	13	30	

29	13	26	20	30	24	

21	11	22	21	21	15	

19	23	10	14	12	24	

16	18	15	10	19	15	

11	10	16	25	26	18	

11	26	11	11	25	25	

18	24	14	23	21	19	

25	14	16	14	15	26	

26	13	14	21	26	20	

21	14	30	10	15	14	

19	19	23	15	16	10	

20	26	29	22	13	14	

24	20	22	14	16	18	

19	25	11	21	30	19	

21	14	16	10	14	24	

30	16	16	19	18	29	

24	22	12	28	29	26	

18	21	10	15	27	14	

10	24	30	24	22	10	

22	30	12	14	18	12	

26	28	29	14	17	30	

24	16	22	27	15	10	

10	14	21	30	18	11	

13	26	17	12	13	13	

21	10	10	16	24	22	

11	27	13	30	26	19	

20	25	26	19	10	12	

13	19	14	13	10	14	

29	28	21	25	10	22	

26	23	11	17	16	30	

26	11	18	25	23	20	

15	15	28	24	15	17	

29	23	30	10	24	24	

15	12	24	13	23	12	

19	21	19	29	28	29	

27	28	21	28	13	16	

23	27	28	24	14	21	

18	27	14	12	19	26	

16	21	20	30	15	25	

28	15	26	27	26	24	

21	15	18	19	25	13	

28	19	17	10	27	13	

26	22	19	13	27	20	

11	11	11	17	12	14	

11	16	19	29	16	24	

12	15	27	25	19	16	

19	18	22	27	29	18	

11	28	29	25	26	10	

22	18	21	20	25	21	

21	27	24	28	26	12	

12	30	11	23	11	25	

16	14	28	19	18	22	

25	27	27	28	26	27	

23	18	15	27	18	30	

19	28	24	17	26	23	

17	17	22	17	16	10	

27	28	12	30	27	16	

10	19	10	27	21	19	

12	10	30	14	28	20	

15	26	25	29	21	13	

25	21	27	30	21	21	

11	11	20	30	12	12	

11	15	13	16	18	10	

16	19	28	30	12	15	

15	24	26	21	29	14	

15	18	18	15	12	13	

14	22	21	26	26	16	

21	12	14	18	17	25	

24	11	22	29	27	12	

27	19	24	12	19	25	

10	28	30	20	22	15	

26	26	16	19	27	18	

12	15	14	16	18	10	

18	13	10	24	22	12	

18	18	13	25	12	27	

16	18	10	28	21	23	

19	18	18	30	14	26	

13	10	30	13	26	26	

29	11	19	16	20	29	

29	30	15	16	14	25	

28	29	13	30	28	21	

19	28	26	16	28	16	

14	16	29	12	13	29	

26	23	14	23	21	10	

13	28	21	17	22	19	

23	14	11	10	26	12	

21	24	13	10	27	24	

18	23	29	30	26	20	

25	19	17	28	30	13	

14	30	25	25	13	27	

14	30	14	23	26	19	

20	29	28	11	16	13	

10	10	14	10	21	13	

19	19	18	13	29	13	

18	22	13	13	25	27	

26	11	16	29	28	17	

28	12	11	26	16	13	

13	18	13	14	17	20	

25	27	17	26	19	12	

20	18	19	24	23	24	

22	18	20	12	19	30	

11	21	27	27	28	28	

28	13	10	17	12	26	

21	14	22	18	24	30	

21	19	28	15	29	21	

11	15	30	15	21	21	

28	30	16	27	14	29	

28	12	15	30	29	16	

11	16	29	25	15	13	

25	18	17	17	18	29	

23	23	15	27	24	22	

22	15	28	18	17	10	

18	21	25	27	29	21	

20	27	28	11	26	28	

23	16	22	28	13	11	

29	29	26	14	17	21	

29	29	16	23	15	27	

16	29	11	12	22	27	

10	25	14	21	11	12	

16	30	30	20	29	25	

13	21	20	18	11	27	

30	16	22	28	23	20	

28	15	22	28	24	26	

14	26	16	21	19	23	

14	25	27	14	25	19	

29	27	30	21	15	22	

12	27	20	30	30	27	

14	30	18	15	21	23	

16	27	14	11	11	10	

29	25	15	19	20	23	

24	24	25	27	27	14	

26	28	13	26	22	23	

29	17	20	24	10	11	

17	11	18	14	18	24	

14	26	15	10	28	30	

28	28	30	22	15	23	

23	26	24	15	27	21	

10	14	25	22	18	27	

19	21	16	15	24	19	

29	26	17	11	22	24	

10	25	11	10	20	14	

11	16	29	21	12	24	

12	28	17	19	27	27	

18	21	27	20	13	13	

20	12	13	26	13	17	

26	13	10	12	11	12	

28	28	25	22	19	20	

24	13	12	23	23	26	

11	19	16	14	16	30	

28	13	25	23	15	22	

24	14	18	15	25	23	

14	11	25	12	19	25	

18	15	16	29	19	22	

24	12	12	22	25	21	

23	21	13	22	27	21	

30	25	12	10	27	25	

29	14	30	26	30	15	

28	24	16	15	27	21	

17	15	26	13	15	23	

17	10	19	14	12	20	

20	20	10	25	24	30	

23	20	15	25	28	24	

13	10	13	19	11	26	

23	18	10	24	21	25	

13	16	21	24	27	13	

15	15	17	24	11	22	

10	14	11	12	22	13	

15	28	18	17	29	15	

24	22	17	16	20	18	

14	12	10	29	12	23	

13	22	15	15	10	15	

10	14	13	10	21	18	

14	17	19	27	16	10	

10	14	14	16	10	29	

22	29	19	24	25	17	

24	17	22	21	18	30	

14	27	13	20	22	22	

11	17	14	11	14	10	

11	26	24	15	30	15	

19	13	27	22	13	29	

26	20	25	20	12	12	

12	25	25	21	18	13	

22	21	15	27	17	27	

17	21	25	30	16	15	

24	28	10	20	21	18	

14	21	14	23	22	12	

25	12	16	11	16	19	

16	26	20	24	10	13	

11	21	26	15	21	30	

17	28	21	27	29	29	

15	13	10	10	27	25	

22	27	16	28	18	21	

26	27	24	10	16	12	

21	28	22	28	11	26	

16	27	21	18	14	20	

28	18	15	29	30	23	

18	11	11	24	17	15	

23	20	26	21	21	24	

25	30	13	22	15	21	

23	11	13	10	29	26	

12	29	22	20	16	25	

25	20	16	15	12	20	

29	25	17	24	12	19	

19	15	26	24	23	24	

10	27	28	16	17	22	

30	24	14	12	27	20	

26	23	27	28	30	11	

23	12	23	10	24	17	

10	18	12	18	30	20	

30	14	23	10	27	21	

27	22	19	15	16	26	

18	16	30	26	11	27	

14	24	15	14	11	29	

21	30	14	28	11	14	

11	19	13	29	26	22	

20	24	22	19	17	20	

15	16	17	30	13	29	

24	18	29	13	28	24	

21	27	17	15	20	29	

17	29	12	11	19	12	

25	14	19	19	20	19	

29	30	29	10	21	19	

22	17	22	28	17	29	

21	24	16	15	12	27	

23	16	21	20	27	16	

24	20	18	16	14	22	

25	12	15	16	13	23	

22	15	11	11	24	22	

25	27	21	16	30	20	

23	19	11	15	30	12	

24	11	18	24	10	28	

13	28	27	28	25	21	

15	20	20	13	15	27	

23	27	11	27	10	24	

17	20	24	18	25	12	

24	19	18	27	16	11	

28	13	28	30	23	17	

30	25	13	21	26	27	

24	16	30	19	23	21	

29	20	11	14	17	10	

15	30	30	29	11	29	

19	27	25	19	18	10	

23	21	23	19	22	30	

28	20	13	26	16	29	

18	28	27	20	27	13	

12	14	13	17	26	29	

17	14	28	17	22	24	

19	15	23	21	13	12	

10	14	23	28	16	14	

21	29	17	28	29	30	

21	30	14	12	11	17	

10	20	28	27	13	21	

12	14	12	14	22	17	

14	28	21	17	18	15	

15	18	26	16	30	10	

29	25	14	28	10	17	

17	26	10	14	14	25	

26	15	21	10	26	18	

29	15	18	25	21	19	

17	15	14	25	12	26	

16	15	27	19	21	21	

13	15	15	15	26	29	

14	25	24	26	26	25	

21	17	27	24	25	13	

23	13	25	15	24	24	

28	19	24	17	22	18	

20	19	20	15	23	12	

15	17	15	10	24	30	

14	13	19	19	18	29	

22	19	11	20	24	13	

27	22	26	15	16	15	

18	16	23	21	28	28	

28	18	22	29	30	12	

23	28	16	11	13	20	

11	21	28	23	12	22	

16	24	25	22	25	13	

17	18	25	16	16	17	

16	18	11	14	14	28	

22	29	29	27	25	24	

18	16	21	18	18	23	

15	28	15	28	23	20	

19	26	15	23	15	23	

16	14	28	12	22	12	

30	23	28	25	26	13	

23	23	14	11	30	29	

25	17	26	15	22	25	

28	28	18	20	16	27	

27	24	29	21	11	10	

25	17	27	15	20	21	

27	19	13	14	19	29	

19	26	18	26	29	22	

14	18	20	14	17	22	

11	25	11	21	13	10	

24	23	22	22	23	28	

19	29	14	16	19	19	

24	16	10	17	21	16	

23	24	29	24	29	20	

19	12	26	24	19	23	

17	22	14	19	19	16	

17	21	14	20	28	13	

11	28	24	13	16	18	

13	27	17	10	19	29	

27	13	13	25	11	20	

14	18	28	11	29	19	

21	27	27	20	11	10	

22	25	30	18	17	29	

17	14	25	29	24	21	

14	11	25	17	12	12	

29	26	17	28	26	26	

26	23	26	22	14	29	

16	22	28	28	11	11	

28	17	17	21	15	14	

17	11	30	24	30	18	

24	22	26	20	15	29	

24	27	14	13	19	16	

11	27	10	16	30	27	

29	26	17	15	23	28	

21	22	14	12	30	18	

28	24	11	24	13	30	

19	25	14	22	10	26	

27	23	14	29	23	10	

16	14	15	20	15	27	

10	29	10	19	24	29	

25	20	13	23	13	22	

18	27	30	28	19	22	

13	23	15	11	17	24	

26	15	12	11	27	23	

22	14	29	15	22	23	

19	17	21	12	30	12	

23	30	27	14	16	23	

16	28	23	26	11	10	

20	15	20	10	18	10	

28	11	18	17	10	29	

25	18	19	25	14	13	

12	14	16	13	29	23	

10	23	28	24	16	29	

20	10	21	24	18	21	

23	29	25	28	17	26	

21	15	26	20	20	14	

21	24	29	25	22	30	

29	30	29	16	17	10	

18	29	18	14	19	13	

13	21	19	23	20	13	

20	12	10	25	11	25	

15	15	28	13	17	25	

27	14	26	11	28	23	

27	16	19	26	24	30	

16	11	12	24	20	16	

22	28	20	10	23	11	

14	11	13	20	25	26	

11	23	13	21	21	27	

12	26	25	24	12	12	

18	21	21	17	24	17	

25	17	24	19	24	30	

17	17	30	28	13	27	

23	12	16	21	11	26	

28	29	18	17	18	10	

22	22	23	13	20	25	

17	15	18	29	29	22	

20	11	22	22	26	20	

24	14	26	18	29	24	

11	27	15	26	11	26	

29	23	27	11	12	10	

14	22	14	11	11	14	

29	28	26	24	10	17	

19	26	17	24	22	26	

21	18	10	20	28	27	

21	29	19	25	21	29	

23	10	30	23	30	27	

16	19	23	26	19	10	

18	14	23	24	24	16	

15	20	12	25	30	12	

15	25	20	16	28	21	

16	14	10	25	21	25	

16	12	17	22	28	11	

27	24	27	15	27	20	

23	22	17	14	11	16	

19	16	21	30	13	21	

17	15	12	22	13	22	

26	19	27	27	17	24	

26	16	23	23	19	17	

30	12	16	28	11	14	

20	18	14	14	11	10	

27	22	22	10	11	13	

25	15	24	14	15	21	

15	20	23	23	28	29	

25	20	21	15	27	16	

22	24	18	10	15	28	

15	10	21	12	11	20	

25	20	21	19	12	11	

10	15	14	21	25	14	

27	13	12	15	19	26	

21	10	16	11	20	18	

14	14	16	21	25	22	

15	14	15	14	26	18	

28	17	12	28	15	14	

10	19	13	17	18	14	

16	16	13	13	30	11	

22	22	15	30	10	11	

21	26	24	20	16	16	

19	20	16	22	26	20	

17	18	17	23	27	16	

12	17	21	26	28	21	

23	16	23	13	19	11	

18	20	19	21	30	22	

12	16	23	21	12	18	

15	15	17	13	12	24	

11	28	15	18	28	16	

15	12	10	16	13	23	

28	15	18	27	21	27	

21	20	15	22	23	25	

21	17	20	30	11	22	

25	29	12	24	13	27	

22	17	16	20	14	27	

12	26	17	13	15	11	

23	16	17	14	16	18	

19	17	20	14	21	11	

23	24	15	16	25	25	

21	26	24	23	17	18	

19	17	29	13	11	20	

21	24	20	20	30	13	

21	10	24	10	17	18	

14	23	22	15	10	25	

27	18	14	24	11	27	

17	24	17	19	11	23	

15	12	30	29	16	27	

18	20	28	30	10	16	

19	19	22	28	12	27	

17	19	19	12	21	27	

20	12	20	22	21	17	

16	29	11	11	23	30	

22	13	25	11	21	12	

24	11	13	18	29	30	

10	23	18	29	12	16	

27	28	29	13	26	24	

25	22	28	10	14	24	

14	12	26	28	15	17	

18	11	20	11	29	24	

18	13	25	14	17	13	

20	24	13	30	24	20	

10	30	30	23	21	26	

20	11	25	30	22	26	

28	11	23	19	24	18	

30	10	30	22	28	23	

24	27	10	11	14	15	

12	15	13	27	12	12	

26	11	29	10	30	15	

15	17	16	19	16	15	

26	20	11	20	13	22	

12	20	27	18	23	18	

28	17	30	27	28	18	

19	24	12	10	16	22	

12	19	18	26	15	10	

14	19	16	25	13	16	

26	17	20	25	20	14	

25	25	17	18	19	24	

14	14	14	18	26	22	

27	19	14	16	27	22	

22	18	13	27	18	26	

29	23	12	17	19	15	

30	15	17	10	21	30	

30	28	11	18	25	19	

19	20	26	29	28	29	

20	10	16	26	23	10	

25	30	28	19	20	12	

23	20	21	16	25	27	

23	13	14	25	18	28	

27	14	19	14	24	21	

26	10	10	30	22	27	

22	29	13	30	26	14	

12	30	11	28	21	26	

28	24	10	12	15	11	

10	20	11	27	12	16	

21	25	11	14	10	30	

15	28	22	15	19	10	

12	11	20	11	30	14	

10	22	21	24	13	14	

13	25	26	16	23	22	

20	24	26	12	14	16	

17	12	28	16	14	27	

21	16	22	10	14	28	

26	18	21	23	18	12	

27	24	10	29	24	19	

16	17	20	22	14	21	

20	28	28	27	21	14	

30	13	29	15	26	17	

13	19	21	17	29	27	

11	26	27	28	15	30	

11	18	11	23	29	14	

10	28	10	28	30	23	

25	17	24	11	14	21	

13	29	23	14	19	26	

18	15	29	15	19	10	

20	13	26	19	14	30	

22	24	19	29	27	15	

10	29	15	28	24	18	

11	19	25	22	17	21	

13	12	29	29	27	16	

29	18	13	26	30	26	

17	14	12	21	10	11	

11	24	10	15	12	28	

19	23	12	11	30	24	

23	29	30	22	19	30	

17	25	23	18	23	26	

10	18	18	20	13	13	

27	24	15	16	14	22	

22	26	29	25	19	23	

28	22	22	26	13	12	

23	20	18	20	25	26	

24	14	28	25	25	24	

11	29	24	10	22	22	

25	30	11	11	10	28	

23	16	28	17	23	15	

12	24	26	24	24	16	

26	24	10	10	12	10	

13	23	28	28	20	21	

15	13	26	23	21	26	

23	28	12	29	13	18	

12	19	29	18	26	21	

19	26	29	21	27	14	

17	13	22	20	17	10	

24	10	14	27	14	19	

21	18	16	19	30	26	

26	30	27	15	20	18	

23	18	15	13	20	21	

25	20	29	14	26	12	

15	20	24	17	28	22	

28	20	29	24	21	23	

27	15	11	24	24	12	

13	28	10	17	26	15	

30	12	24	26	29	21	

11	27	19	12	29	26	

16	28	20	18	22	24	

26	29	22	17	23	19	

27	11	18	19	13	20	

29	14	13	27	27	24	

28	19	13	18	26	16	

16	14	24	18	27	23	

14	29	13	28	28	15	

20	17	26	10	16	11	

28	13	18	24	25	10	

29	25	19	24	28	14	

29	23	21	29	29	24	

27	10	20	14	13	21	

21	21	24	22	25	28	

26	13	19	24	12	14	

14	25	12	10	29	23	

28	11	28	11	29	10	

25	26	11	11	15	25	

15	29	11	12	14	16	

20	17	30	13	15	30	

16	14	18	25	17	19	

12	26	29	15	27	23	

14	17	28	17	24	25	

27	25	24	24	15	12	

30	23	17	25	22	21	

11	20	19	15	17	19	

21	22	10	18	23	22	

12	10	21	24	24	16	

12	12	26	15	16	25	

25	19	21	15	26	10	

25	23	23	16	22	25	

21	12	27	22	30	10	

12	11	10	24	27	14	

12	29	28	15	19	24	

23	16	29	29	17	15]	

