n:962	
m:9


W:[9736
9602
9646
9557
9475
9675
9690
9456
9645]


b:[99
76
80
74
52
93
65
83
82
80
54
95
90
88
78
78
98
59
97
65
83
67
57
99
95
69
89
81
76
92
53
71
85
88
65
85
90
100
80
51
68
60
70
94
83
57
100
91
64
92
92
97
54
55
76
93
95
90
62
59
59
55
78
54
69
61
89
78
99
66
68
54
92
82
63
77
60
69
99
86
56
96
92
95
90
95
85
71
82
66
72
83
69
57
68
72
84
52
58
57
54
57
100
69
61
67
67
84
87
75
55
86
86
72
51
93
54
52
88
54
78
84
96
82
60
78
79
99
98
57
68
66
65
85
85
93
95
84
51
84
62
92
50
73
67
99
51
74
68
90
67
59
81
64
55
96
84
56
56
74
61
68
57
51
68
61
95
59
68
81
74
93
89
54
63
75
89
72
67
99
79
79
88
61
79
85
65
54
95
94
55
54
74
67
64
56
70
74
52
99
86
79
68
78
77
96
63
66
77
62
90
67
57
72
89
51
87
89
66
95
90
96
87
95
58
85
92
69
70
87
63
81
77
77
62
72
73
68
68
81
99
93
71
80
75
88
92
65
71
58
68
74
60
63
88
54
82
84
52
60
89
63
80
89
57
56
88
92
57
86
73
51
57
52
55
83
57
97
92
62
81
82
67
77
99
97
87
64
58
54
68
96
51
80
82
88
81
87
90
78
98
96
78
89
55
57
52
64
71
80
86
72
96
54
68
95
88
93
88
73
88
98
73
82
64
83
59
57
93
66
73
91
58
81
66
55
55
75
78
57
78
73
57
64
80
93
97
90
97
62
68
84
89
59
65
57
70
93
96
61
90
99
56
69
72
51
99
73
68
74
67
95
62
95
64
52
80
54
86
52
98
53
68
82
84
62
57
51
94
63
93
54
54
92
66
84
58
64
83
60
94
50
94
56
78
73
72
60
91
60
91
99
81
71
72
78
90
73
99
96
92
70
71
79
61
97
84
68
56
91
79
76
92
50
84
82
98
91
86
55
75
57
76
53
54
100
90
74
98
61
80
70
81
62
79
61
64
75
98
55
91
66
98
62
77
69
75
62
56
89
76
58
72
51
91
70
97
90
61
58
50
100
98
61
82
89
65
58
90
52
52
52
82
100
55
84
87
54
88
65
50
91
63
76
77
85
87
53
60
94
62
74
72
71
65
78
84
89
69
55
82
59
98
95
50
100
100
99
79
73
99
62
91
51
59
72
69
93
65
56
91
59
82
82
85
82
78
76
71
82
94
82
60
100
99
72
84
72
55
71
70
65
98
60
64
84
61
73
67
70
68
74
89
97
91
70
93
79
69
53
64
79
62
85
94
61
53
58
100
66
71
99
80
89
58
50
54
94
86
99
66
66
87
98
52
69
98
96
52
86
56
92
74
69
93
63
81
58
91
74
84
57
73
87
58
75
51
68
60
60
76
77
91
59
71
64
100
58
66
88
51
67
51
82
51
73
87
98
98
58
87
82
76
71
84
74
54
99
96
95
76
71
59
54
60
65
79
69
59
87
55
99
94
73
60
77
57
55
83
80
77
72
87
85
67
71
50
51
60
87
60
71
70
70
58
96
65
96
55
92
97
50
66
98
53
61
68
69
70
55
51
58
71
63
69
87
93
65
89
70
57
59
56
56
59
92
85
75
51
97
79
66
97
84
90
92
95
57
63
61
90
82
99
80
77
81
91
64
97
64
70
97
96
54
66
70
82
55
83
62
54
77
64
64
57
65
60
59
78
87
79
97
56
74
63
69
90
89
100
100
94
98
81
52
51
90
88
59
89
53
77
58
50
92
55
53
88
78
79
97
75
66
65
55
75
61
81
63
55
88
55
94
79
74
50
50
74
88
52
72
68
89
84
86
99
57
92
75
70
89
78
69
95
67
90
76
70
83
64
96
65
88
60
71
56
61
87
97
82
99
64
95
50
80
66
81
68
70
99
54
65
86
95
69
52
55
51
70
62
94
66
56
70
92
59
94
52
61
60
91
65
69
97
89
97
67
97
89
70
97
94
79
76
75
60
63
51
73
63
96
63
99
85
74
76
93
67
70
93
59
63
53
55
94
57
63
99
74
73
90
75
70
87
54
94
89
92
58
95
57
56
91
75
59
59
56
77
53
98
76
78
92
95
87
85
74
85
93
75
53
73
72
82
66
92
76
100
56
66
83
79
75]


w:[13	13	14	23	18	16	20	17	26	

21	24	15	13	18	20	22	20	24	

27	10	28	20	13	11	28	11	23	

16	17	22	11	26	14	24	15	24	

28	22	19	30	21	26	17	19	18	

15	10	12	21	22	12	18	20	21	

17	18	27	17	12	23	18	14	14	

16	12	30	30	18	10	11	18	17	

15	13	28	22	11	30	19	27	25	

28	20	14	16	21	20	19	29	30	

11	23	26	30	21	19	13	16	23	

20	25	28	28	10	21	13	23	22	

29	13	15	11	18	16	20	22	29	

29	26	13	26	22	22	21	12	16	

14	27	26	28	23	30	20	11	19	

16	16	17	15	17	15	28	12	19	

15	11	28	23	12	15	20	22	12	

25	16	15	14	23	26	16	16	15	

13	13	22	24	28	16	25	26	10	

17	28	27	10	22	21	14	13	19	

22	18	25	11	29	19	21	28	21	

25	21	20	13	27	11	12	19	11	

16	22	24	17	18	16	15	10	17	

23	22	11	29	20	11	25	24	23	

15	27	26	23	21	16	26	17	22	

16	14	29	25	29	10	13	15	24	

24	22	25	27	16	24	12	25	27	

27	26	23	14	12	29	24	25	29	

15	11	24	24	20	10	10	10	26	

29	26	23	21	21	17	23	20	15	

23	22	27	17	12	18	22	24	13	

16	11	19	18	18	20	24	20	23	

25	13	25	21	28	13	28	17	27	

29	30	16	23	22	22	17	20	27	

23	25	10	17	12	26	15	10	16	

23	30	29	20	13	25	22	13	18	

18	12	22	12	28	17	12	19	15	

22	27	19	10	13	10	16	30	16	

26	10	16	23	22	28	16	21	20	

17	10	11	25	16	15	10	29	23	

25	21	10	17	26	12	26	15	21	

26	25	26	20	14	29	26	25	29	

12	19	24	16	20	16	15	12	23	

17	22	28	15	25	21	28	15	21	

30	11	15	16	10	18	10	13	18	

27	25	19	24	13	17	10	15	21	

13	25	29	14	25	10	24	24	20	

19	22	15	22	19	29	17	14	13	

20	26	17	17	19	15	27	23	25	

10	22	24	25	19	29	18	16	22	

29	20	17	23	16	30	11	27	30	

27	24	13	29	18	20	26	10	12	

16	26	23	21	16	27	29	16	30	

17	17	22	15	25	27	27	17	22	

24	12	20	13	19	29	13	30	21	

30	20	21	21	17	28	22	22	26	

26	20	11	11	26	28	18	22	26	

28	18	12	23	20	12	17	14	28	

24	25	24	16	29	25	13	27	23	

14	19	21	13	27	26	11	20	14	

20	11	20	29	26	28	10	22	21	

18	29	18	21	12	15	24	21	28	

13	25	26	17	18	27	11	20	20	

24	15	12	21	28	27	22	22	18	

18	22	25	28	12	15	26	24	26	

11	25	24	28	18	18	25	20	25	

29	11	14	26	17	12	29	16	19	

21	24	15	17	19	30	26	28	24	

12	10	11	23	20	26	17	17	19	

22	12	27	29	22	15	14	23	10	

23	28	11	26	29	13	20	30	28	

16	22	21	10	30	25	24	21	16	

24	24	14	15	17	16	27	14	26	

17	17	27	25	22	11	11	18	10	

21	27	26	15	24	26	10	17	22	

18	21	15	30	29	21	15	25	13	

27	20	16	11	24	23	28	28	14	

12	21	30	20	14	10	27	28	26	

13	11	24	28	20	28	23	27	23	

25	16	14	27	20	23	15	15	25	

15	14	18	26	25	30	13	23	10	

27	22	23	24	20	27	24	28	15	

24	23	14	30	18	26	15	30	26	

26	23	24	14	21	11	24	12	24	

15	22	19	13	12	25	27	17	16	

12	27	10	16	25	27	30	18	12	

24	25	21	16	28	14	14	21	28	

10	24	23	18	16	24	22	30	14	

20	10	18	10	18	20	15	13	27	

28	17	26	20	10	21	16	22	30	

26	17	20	13	30	10	18	11	23	

19	14	24	21	11	20	10	17	12	

21	10	11	10	28	17	15	13	23	

22	22	14	16	15	30	23	24	25	

23	20	20	21	16	16	20	28	27	

20	13	17	22	20	23	25	20	30	

30	20	26	17	13	21	22	18	10	

29	10	20	19	15	11	12	13	26	

22	15	28	10	20	23	11	26	13	

23	28	13	18	20	10	23	16	20	

10	29	23	19	30	29	27	11	20	

14	18	29	16	19	16	22	19	18	

16	30	13	29	21	28	25	18	30	

26	20	24	21	18	10	10	17	12	

21	18	21	28	13	21	14	16	18	

29	27	23	11	11	21	28	27	30	

19	18	16	30	15	14	15	17	29	

24	12	12	18	23	25	13	29	12	

28	21	16	10	21	28	11	29	21	

15	19	18	12	11	14	13	21	12	

27	28	29	19	14	12	28	13	28	

24	16	26	24	13	22	22	23	12	

23	26	27	30	19	13	22	13	27	

13	22	24	15	30	24	18	19	11	

24	28	11	23	29	18	19	15	19	

22	17	20	29	22	10	10	27	29	

27	19	15	18	14	26	14	11	21	

18	18	12	27	15	19	18	23	14	

26	25	27	22	24	29	25	12	23	

25	15	12	27	24	11	22	26	27	

18	22	23	18	14	19	12	23	19	

15	14	25	15	18	24	25	19	14	

17	25	14	24	18	18	24	11	12	

28	29	19	13	11	10	10	14	16	

28	12	10	21	22	11	20	22	28	

21	21	25	26	24	23	17	10	19	

22	29	14	23	10	26	26	20	21	

13	12	10	10	10	18	24	21	27	

12	12	21	21	20	16	26	18	25	

24	14	18	12	12	30	19	18	15	

16	30	17	25	13	25	28	17	14	

30	13	18	20	30	10	27	11	29	

30	16	30	25	16	27	22	12	29	

27	13	22	25	14	24	20	23	30	

28	23	18	29	11	11	17	25	29	

30	23	27	22	26	25	16	19	21	

24	22	30	15	12	12	28	20	29	

28	12	14	22	10	19	17	24	16	

10	24	15	24	25	24	17	29	22	

29	29	29	29	13	27	22	12	23	

15	22	19	15	20	30	25	11	19	

28	27	29	11	29	21	17	24	29	

21	19	18	10	27	17	26	14	18	

20	20	21	27	24	19	14	16	20	

13	21	21	22	29	22	27	27	16	

25	16	28	22	13	25	13	22	14	

22	29	21	23	28	22	30	20	15	

26	24	19	27	19	12	18	11	18	

28	13	16	19	18	17	18	27	20	

12	11	13	13	12	14	19	19	18	

19	16	21	13	24	27	10	30	22	

19	12	15	27	17	11	22	27	11	

21	17	16	13	14	30	13	28	12	

24	28	12	13	18	21	26	15	11	

21	23	14	10	14	23	18	14	15	

25	16	20	30	17	12	28	13	19	

21	24	23	10	28	13	11	21	11	

23	18	10	11	25	26	13	17	17	

19	20	29	17	16	14	30	15	17	

16	25	11	21	22	10	25	20	24	

12	17	28	23	30	29	28	18	12	

13	16	28	25	10	11	29	15	19	

24	25	14	27	15	20	30	12	14	

24	12	22	12	20	12	28	30	21	

12	20	24	13	16	21	20	28	20	

17	16	28	23	21	12	12	25	29	

20	14	11	17	17	29	27	28	21	

18	29	17	24	12	10	24	12	23	

21	25	15	21	21	23	22	21	10	

19	29	20	22	29	11	30	12	15	

25	18	10	29	24	28	24	22	11	

22	29	23	15	16	16	16	16	27	

13	21	14	15	10	19	10	29	20	

28	20	12	27	13	18	29	17	15	

17	12	25	14	22	30	14	19	28	

30	29	12	13	21	18	15	19	29	

11	24	14	19	20	23	27	19	29	

22	12	28	20	29	12	20	28	10	

13	29	30	15	10	25	23	22	22	

12	29	11	25	25	20	27	19	27	

17	19	30	12	21	26	21	16	13	

30	13	23	29	26	29	17	27	26	

15	16	14	11	21	29	11	12	19	

10	13	30	18	13	15	22	16	21	

28	23	14	14	11	23	16	15	24	

10	10	18	22	17	30	14	21	25	

10	29	10	17	15	11	14	11	15	

21	18	24	19	10	12	26	20	13	

23	17	14	14	12	15	22	16	11	

27	13	23	12	11	17	13	16	19	

12	13	19	13	24	23	20	27	10	

12	22	27	19	21	25	30	25	18	

17	10	19	27	15	12	23	14	24	

16	16	17	25	14	12	11	19	14	

25	11	12	21	15	24	18	19	22	

17	27	14	20	24	14	20	17	12	

23	17	29	16	20	27	23	14	18	

20	26	10	19	26	19	13	13	12	

30	13	27	23	30	30	30	19	17	

12	14	21	19	27	14	11	24	16	

28	30	23	19	26	10	23	30	21	

15	13	13	29	12	14	17	15	19	

13	26	17	30	26	25	21	21	28	

16	28	12	30	19	19	26	26	18	

16	17	21	29	12	30	15	11	11	

17	20	22	18	15	16	30	10	19	

12	24	19	22	15	16	29	18	17	

17	12	15	14	23	12	23	19	16	

14	14	16	16	10	13	24	26	24	

18	12	14	22	25	22	22	15	30	

22	21	13	19	27	30	11	15	25	

17	20	13	17	22	16	25	13	21	

23	22	21	28	19	21	25	14	29	

13	27	20	22	29	30	16	28	30	

10	11	23	22	10	28	24	29	24	

17	28	13	12	15	26	15	12	26	

26	23	20	21	13	19	29	23	12	

10	29	28	16	14	23	23	20	13	

27	12	19	24	11	17	24	16	11	

30	21	11	13	26	24	28	14	10	

18	18	30	19	15	22	19	21	27	

14	12	26	24	12	20	13	23	26	

10	16	17	11	21	18	14	14	22	

25	22	14	30	24	20	23	23	22	

18	26	15	23	17	29	21	22	15	

25	10	26	30	13	22	17	12	23	

26	26	21	26	17	30	21	21	22	

28	20	16	12	27	15	13	27	17	

25	11	18	15	17	21	28	10	13	

30	22	29	19	18	13	24	20	27	

17	10	12	10	28	25	22	21	13	

17	25	29	14	14	11	21	15	17	

29	18	24	10	25	26	24	27	15	

29	22	20	16	14	14	11	26	16	

10	13	14	22	20	10	30	20	11	

19	24	20	10	24	20	26	19	30	

17	15	23	25	12	13	27	28	19	

21	29	19	18	12	18	24	26	27	

30	29	14	15	16	11	25	25	23	

20	11	25	29	29	28	22	26	19	

14	28	13	27	10	21	17	11	10	

20	30	24	27	15	16	28	12	29	

21	17	14	29	19	28	18	26	10	

25	22	30	18	22	13	29	11	29	

23	27	26	27	22	28	22	30	22	

18	13	29	13	12	10	21	29	28	

12	18	17	10	27	14	26	25	19	

25	23	29	21	30	22	27	12	23	

20	23	30	21	12	20	13	27	18	

28	16	13	16	28	15	17	14	23	

25	14	23	10	23	30	17	26	20	

28	14	23	23	13	11	21	29	24	

29	22	21	22	29	12	27	28	30	

17	20	17	10	27	28	10	12	30	

22	14	28	20	26	28	20	30	25	

30	11	27	29	26	29	26	12	11	

17	29	13	30	12	29	29	17	20	

29	12	20	27	13	28	21	25	28	

18	19	25	27	16	16	26	10	16	

30	29	17	24	21	29	11	26	25	

12	26	17	15	26	22	14	16	12	

29	10	11	26	30	24	14	22	28	

16	28	28	20	18	26	17	16	27	

24	26	18	15	22	26	18	14	11	

19	13	20	18	10	29	16	25	20	

13	14	10	18	20	18	18	10	12	

18	27	14	22	19	20	13	11	19	

21	22	29	10	15	29	17	24	28	

10	23	10	14	29	13	30	28	30	

30	14	10	29	20	30	25	28	10	

15	15	15	20	16	16	12	19	20	

25	20	28	14	13	30	14	11	27	

27	19	13	29	23	12	10	25	21	

29	17	12	11	18	27	19	12	26	

26	22	15	20	28	29	18	13	10	

20	23	22	20	25	26	18	29	28	

17	26	23	14	26	18	17	11	11	

24	19	18	18	21	18	14	29	30	

29	26	25	21	19	15	29	10	21	

24	19	26	13	18	17	29	29	11	

18	12	20	27	18	21	25	13	15	

26	14	29	24	22	16	13	22	19	

19	30	28	20	23	14	29	20	18	

23	29	16	28	19	16	15	17	10	

19	13	30	18	28	27	20	16	19	

16	21	29	30	28	27	17	19	30	

28	25	18	25	12	12	15	11	20	

21	29	28	16	22	23	21	23	25	

20	30	30	23	29	15	30	16	17	

22	22	23	13	14	14	30	18	20	

11	14	23	18	23	13	27	17	12	

29	15	15	30	11	21	27	12	26	

19	21	27	29	12	19	21	17	22	

25	18	26	14	30	10	27	23	29	

21	10	28	10	18	13	21	12	28	

22	22	24	11	12	15	11	13	15	

19	19	13	24	15	19	13	15	18	

25	19	25	21	26	30	21	18	11	

14	20	24	26	15	14	22	12	11	

14	28	27	20	15	10	14	17	18	

19	13	23	25	17	15	10	13	23	

28	26	29	29	11	21	20	12	16	

10	22	18	11	22	20	17	12	27	

10	12	17	28	23	18	16	11	14	

19	30	10	30	23	26	11	10	16	

27	30	23	13	28	30	13	20	28	

27	12	20	19	26	30	19	23	12	

11	15	16	17	29	18	28	14	24	

19	26	14	13	16	24	20	13	11	

14	22	22	25	24	27	13	30	21	

30	30	17	18	15	30	17	15	16	

26	27	21	10	27	30	12	19	11	

25	23	17	20	28	21	28	20	18	

30	21	25	30	17	27	26	13	12	

17	24	23	24	27	19	12	26	25	

23	23	24	16	19	14	22	24	25	

14	30	10	12	14	16	14	25	20	

29	20	25	13	19	20	21	17	23	

28	25	11	11	11	27	17	13	16	

25	20	16	15	25	27	10	18	10	

20	28	22	30	30	15	16	12	16	

28	11	28	16	11	23	21	13	16	

13	29	26	24	14	21	15	10	11	

27	27	29	29	26	23	29	13	19	

14	10	14	30	12	28	27	10	26	

17	23	26	27	22	13	25	10	24	

24	26	25	21	16	10	12	11	25	

14	19	15	27	12	26	10	28	24	

16	27	22	14	15	26	24	27	24	

25	15	13	30	13	30	23	26	18	

14	16	23	18	19	18	13	12	11	

13	18	26	21	18	23	25	22	14	

15	16	26	25	21	10	30	25	23	

14	28	22	16	27	21	14	25	18	

17	16	23	19	27	18	23	18	10	

30	27	16	27	23	15	29	18	13	

24	12	14	30	14	28	13	10	30	

12	28	23	17	24	17	26	12	15	

18	26	13	24	23	20	27	20	21	

28	10	30	15	20	26	29	27	22	

24	17	25	23	21	27	14	20	16	

10	26	14	30	18	22	30	22	26	

10	30	30	22	24	26	10	21	22	

15	14	28	14	23	18	26	26	23	

16	20	23	24	29	25	29	23	17	

20	19	15	30	19	17	30	14	10	

19	18	11	20	26	23	25	16	15	

30	12	26	30	14	24	10	13	23	

12	16	11	12	23	22	25	18	16	

15	26	11	28	30	29	10	19	16	

23	25	21	13	17	18	22	27	17	

13	21	21	30	13	22	17	18	29	

25	13	14	26	29	10	22	25	11	

23	25	30	28	17	24	19	10	10	

10	11	17	18	20	15	19	20	22	

16	30	19	24	16	21	27	19	21	

11	20	11	29	12	28	26	27	15	

30	15	12	29	11	25	11	19	29	

10	26	14	22	20	10	18	30	30	

30	29	24	15	29	24	16	20	15	

13	12	12	12	13	27	26	30	20	

21	27	20	14	22	24	19	16	20	

19	30	25	30	28	24	15	22	19	

12	30	16	23	14	23	27	16	23	

10	26	16	30	20	17	29	22	10	

19	21	12	23	17	20	30	26	28	

24	20	21	28	10	13	12	19	18	

26	26	22	16	13	10	16	25	18	

24	13	22	11	15	29	17	13	19	

26	29	19	22	30	10	22	23	30	

30	26	22	26	12	27	10	22	30	

10	28	29	28	27	11	15	21	28	

20	14	18	28	16	30	30	16	17	

13	25	21	18	30	27	28	20	27	

21	25	27	16	16	29	10	13	11	

11	11	17	25	28	11	13	30	24	

26	10	11	15	18	21	19	10	23	

28	22	14	26	18	25	16	17	11	

13	29	20	10	25	20	20	22	10	

15	27	17	30	23	24	27	20	15	

15	24	13	26	27	20	26	29	23	

26	22	28	25	16	22	26	15	30	

29	24	26	20	25	12	20	26	19	

17	16	26	30	24	22	23	10	13	

12	15	28	25	10	28	17	12	26	

23	23	27	12	25	23	25	24	27	

16	24	20	13	20	15	12	23	12	

27	29	12	28	10	27	18	24	24	

11	24	24	19	15	28	11	29	27	

27	29	12	18	20	30	17	19	13	

29	13	16	19	22	13	14	24	13	

23	25	20	12	29	29	19	10	25	

10	29	17	15	20	16	30	15	14	

12	15	17	16	25	11	26	21	12	

21	23	24	25	23	20	16	30	21	

24	24	26	11	23	17	13	10	14	

18	26	16	26	25	27	27	17	26	

29	18	14	24	12	24	13	13	12	

26	17	30	27	18	24	12	27	25	

16	27	28	28	15	21	26	21	28	

21	17	13	27	16	20	25	22	22	

11	19	17	30	17	25	12	14	20	

11	18	26	19	13	15	26	19	27	

29	30	29	10	16	19	24	10	18	

30	22	30	11	30	19	25	10	10	

13	16	28	15	27	21	30	30	29	

10	10	10	16	16	15	17	24	13	

18	27	13	16	26	16	18	16	23	

24	10	19	26	28	19	14	14	20	

13	19	15	23	21	11	29	19	29	

14	28	13	29	25	16	14	22	30	

19	10	15	30	29	13	23	23	23	

25	11	13	10	26	27	30	30	18	

11	21	27	26	17	20	17	30	30	

22	29	11	13	25	30	28	16	28	

14	26	10	27	14	22	10	20	12	

13	29	24	26	19	17	13	11	10	

10	24	18	15	28	20	25	15	30	

22	13	11	16	11	30	17	11	19	

16	10	24	25	23	21	26	11	16	

26	18	23	13	21	13	12	25	26	

12	21	24	19	24	19	30	23	18	

29	11	15	20	27	18	26	22	22	

18	12	25	10	24	24	26	29	13	

22	16	13	30	10	12	10	18	16	

11	21	17	30	17	17	25	29	23	

30	30	28	11	21	14	18	28	13	

22	19	12	14	25	26	21	23	20	

23	15	19	22	14	12	26	17	21	

28	27	27	11	19	20	14	19	18	

20	18	29	20	11	30	19	23	14	

28	13	11	11	20	27	28	26	28	

16	12	24	25	18	26	18	22	21	

28	26	10	25	20	10	15	29	30	

18	13	29	16	29	14	11	27	20	

12	20	10	27	28	15	20	23	14	

28	24	10	21	12	12	19	23	12	

12	24	10	14	12	29	10	17	19	

18	20	25	18	19	12	18	16	11	

28	18	17	21	22	15	12	30	14	

20	19	10	30	29	27	23	24	20	

21	21	15	26	27	17	24	12	14	

10	21	22	25	14	26	19	17	16	

29	30	26	15	13	23	14	14	12	

22	22	25	12	18	19	14	10	11	

10	16	26	24	29	19	10	12	25	

26	20	30	16	28	27	11	22	23	

20	27	13	14	18	12	18	12	30	

12	11	13	13	20	20	11	18	29	

10	26	15	20	11	30	27	22	27	

14	25	22	17	30	10	23	25	13	

24	10	28	16	16	13	30	17	16	

16	10	23	25	27	18	14	17	13	

21	21	16	23	29	28	15	10	17	

21	23	15	20	18	22	14	23	22	

25	14	19	19	29	27	25	28	19	

17	11	16	21	19	17	27	19	21	

17	25	24	22	21	16	28	11	30	

28	10	23	13	14	16	23	18	28	

16	18	27	23	13	15	15	27	29	

25	14	28	10	24	30	17	19	17	

23	27	23	17	17	21	29	23	10	

11	24	15	25	10	25	17	19	14	

16	24	17	21	25	16	30	10	10	

30	11	12	25	27	12	26	28	18	

12	25	27	15	30	28	25	16	19	

10	28	23	25	23	15	10	20	22	

17	21	27	23	21	11	25	13	14	

22	16	16	23	15	22	24	14	18	

23	10	14	13	26	30	21	23	21	

22	22	12	29	13	11	30	11	21	

29	10	27	14	21	30	28	22	14	

17	29	26	14	21	11	28	23	12	

29	26	10	11	17	25	27	30	28	

29	14	21	24	20	22	15	18	13	

11	29	30	14	25	30	22	25	12	

19	30	23	14	15	14	11	29	15	

14	11	27	19	20	13	25	23	26	

30	15	19	30	25	12	29	10	15	

25	29	13	23	10	29	19	17	28	

13	21	16	15	17	21	30	26	25	

29	15	17	23	18	15	15	26	23	

25	17	10	24	28	22	22	13	25	

12	20	15	30	24	17	20	21	21	

17	16	15	23	27	15	24	12	13	

15	10	21	14	28	11	24	10	11	

12	16	21	30	28	16	27	18	17	

18	18	29	23	19	13	29	21	19	

30	22	13	29	12	29	30	20	20	

13	11	18	16	29	30	15	28	12	

30	14	17	23	25	16	14	17	13	

29	23	24	13	18	23	22	27	11	

30	15	22	15	18	30	26	16	23	

29	11	12	23	29	28	10	30	28	

29	24	24	15	21	11	19	18	21	

24	13	27	14	17	17	25	17	28	

17	30	24	27	22	10	12	24	28	

24	26	23	24	27	15	19	22	23	

28	22	18	29	29	14	17	14	22	

18	29	10	18	19	27	11	14	14	

25	28	13	26	22	16	17	23	24	

28	13	10	12	28	18	26	19	12	

12	28	27	18	17	10	19	25	28	

27	14	15	18	14	17	30	24	15	

11	12	20	22	12	10	15	10	16	

28	20	16	13	14	18	12	20	19	

22	12	26	24	11	11	19	17	15	

17	13	17	10	12	16	29	25	17	

23	26	20	29	20	21	28	18	11	

23	11	11	16	11	13	20	18	27	

22	30	18	17	29	17	26	12	28	

12	17	24	25	27	16	15	24	16	

16	17	25	23	17	22	10	25	10	

23	29	12	10	16	28	16	23	26	

13	30	24	18	16	18	24	12	23	

17	20	10	28	15	12	24	26	25	

29	20	30	14	30	17	23	15	26	

21	28	26	20	21	18	28	14	13	

14	30	22	12	16	21	30	11	10	

23	15	19	30	21	28	30	28	18	

24	22	30	18	28	27	30	20	29	

10	19	12	10	15	29	20	22	21	

30	14	26	11	21	22	29	15	25	

23	27	27	23	12	19	18	19	14	

30	29	13	18	22	12	14	29	27	

11	18	24	20	23	13	12	27	30	

30	27	16	14	22	17	30	29	30	

22	16	27	20	30	24	10	16	12	

11	27	14	18	10	13	30	22	17	

13	25	10	28	18	21	17	16	20	

28	11	11	21	14	11	29	26	10	

15	18	29	14	28	17	20	27	16	

11	27	21	23	19	21	22	22	20	

10	10	19	21	21	12	17	15	29	

21	11	26	12	10	28	12	20	25	

18	17	11	22	10	17	23	10	27	

25	20	19	28	19	10	24	12	24	

28	24	10	24	20	21	22	10	15	

18	26	22	30	18	14	16	10	11	

26	26	28	13	13	25	11	10	11	

22	27	17	27	23	23	30	14	29	

26	17	20	13	27	12	29	11	19	

24	15	18	26	25	14	20	29	25	

25	29	19	17	10	10	18	19	21	

21	11	17	29	11	17	14	22	26	

21	26	19	25	27	14	28	20	23	

15	14	28	19	18	20	18	17	30	

16	22	30	11	12	30	30	21	22	

26	14	29	11	10	26	23	13	19	

16	25	19	28	14	11	26	10	23	

24	16	21	26	26	19	24	26	21	

20	21	22	18	10	17	11	24	13	

17	13	22	24	20	25	20	16	25	

23	20	22	18	10	26	17	20	15	

20	28	11	23	21	23	14	22	24	

20	12	28	21	10	20	18	14	28	

12	16	30	23	16	18	23	18	22	

10	17	10	10	20	16	21	28	16	

18	29	11	29	23	28	17	19	27	

30	11	20	21	12	25	28	28	26	

17	10	29	23	11	20	19	26	22	

28	14	23	27	14	11	23	22	16	

20	23	29	19	12	21	23	20	28	

26	16	11	12	10	26	28	29	25	

12	24	25	20	23	10	15	26	19	

15	14	20	27	15	21	17	18	11	

19	27	24	27	27	18	27	16	21	

18	11	21	12	18	13	13	24	24	

11	30	28	25	21	26	10	10	10	

23	22	11	24	26	11	25	12	21	

20	28	29	30	20	26	12	15	28	

13	16	10	30	12	16	17	23	15	

28	10	18	26	28	28	14	30	18	

22	17	16	10	13	14	25	18	24	

14	11	26	18	14	21	25	18	30	

20	25	25	10	19	18	21	15	15	

14	10	21	28	12	26	21	21	17	

18	19	13	17	25	19	25	21	10	

10	26	27	25	15	24	27	13	20	

28	22	15	22	29	30	28	16	16	

12	16	16	20	14	10	25	28	14	

10	22	27	27	30	23	19	25	22	

17	29	10	10	17	19	20	26	24	

13	15	19	25	14	21	30	20	12	

12	14	27	13	21	29	25	13	28	

25	28	11	28	10	11	28	14	28	

19	11	18	19	15	27	22	21	27	

23	25	30	15	17	18	27	11	30	

29	28	20	13	17	10	29	23	30	

21	30	12	11	14	19	26	12	16	

17	26	29	10	10	12	12	24	21	

28	15	16	20	25	11	11	23	23	

27	28	17	21	16	23	12	14	18	

17	29	11	11	26	25	11	12	29	

20	11	14	18	27	15	29	24	22	

29	20	23	17	21	13	24	18	26	

27	11	27	29	10	28	18	23	22	

17	30	18	21	26	27	26	26	15	

10	14	14	15	21	14	27	22	20	

28	22	27	26	20	21	21	20	15	

14	26	29	30	12	25	20	14	18	

26	16	16	22	17	22	29	23	10	

20	17	25	10	15	20	11	19	19	

20	23	14	14	19	15	17	24	29	

22	21	29	22	11	13	22	25	23	

26	20	14	30	28	30	21	13	21	

14	16	20	10	12	10	29	24	28	

22	14	29	17	12	10	20	29	17	

17	13	13	19	23	13	25	26	24	

30	29	29	14	11	19	25	13	17	

12	20	20	18	21	25	17	29	13	

17	10	27	19	21	16	14	30	23	

15	28	25	16	13	29	25	24	14	

18	24	11	25	30	30	11	14	21	

16	22	28	24	19	27	18	10	24	

30	20	30	25	25	21	24	26	11	

14	21	14	24	25	25	22	27	16	

15	17	11	27	11	12	12	24	28	

22	17	27	27	14	25	22	11	15	

26	17	27	28	11	10	12	21	26	

30	21	10	22	14	15	24	19	29	

13	26	13	17	20	20	15	13	13	

13	11	20	11	12	29	17	12	19	

24	30	23	10	21	10	15	28	17	

30	13	27	17	18	30	22	20	29	

23	23	29	22	20	10	12	28	30	

24	10	19	15	17	24	12	22	12	

27	18	28	19	30	28	15	27	13	

29	15	10	30	27	19	10	16	29	

27	18	20	11	20	12	15	23	18	

22	26	19	10	28	15	27	19	13	

28	25	20	23	20	11	29	11	14	

17	13	18	22	28	15	21	14	20	

20	23	16	15	21	16	29	17	28	

20	19	28	10	23	15	29	22	24	

24	25	14	18	16	15	26	27	27	

15	24	10	25	20	18	14	18	24	

22	29	23	22	24	29	10	11	15	

13	18	19	13	12	25	29	27	19	

10	14	27	15	25	27	11	23	19	

22	13	22	27	14	14	17	27	15	

29	27	10	14	24	30	26	27	15	

18	25	15	18	12	29	25	19	27	

11	28	25	16	15	30	27	10	13	

16	28	10	13	16	24	22	25	13	

27	29	26	20	25	23	26	24	27	

21	28	12	11	26	30	14	18	23	

27	29	29	24	21	24	11	18	27	

19	24	26	26	29	16	15	15	11	

12	20	28	15	29	16	21	21	19	

17	18	21	17	16	22	24	17	14	

26	12	15	11	17	16	13	17	18	

25	21	15	28	16	18	11	27	15	

27	18	21	24	30	18	12	16	27	

27	23	20	15	23	25	18	12	23	

13	30	15	10	13	24	21	21	12	

18	22	14	28	22	25	19	24	29	

12	24	27	25	28	22	25	18	27	

11	25	25	20	24	18	28	14	23	

20	16	11	14	14	13	20	15	14	

13	21	23	25	20	13	20	11	19	

13	18	19	23	11	20	28	11	13	

20	28	20	16	16	10	17	27	25	

23	10	11	17	22	25	30	21	10	

18	16	24	17	16	25	23	29	24	

17	19	12	26	29	27	28	25	12	

29	13	16	18	16	16	14	14	28	

19	15	20	11	25	30	21	22	10	

21	27	30	19	29	10	10	12	18	

13	13	22	25	21	21	13	24	30	

23	29	24	20	19	21	12	28	21	

13	10	14	26	20	28	27	23	22	

28	20	26	12	22	23	14	17	28	

30	17	12	21	10	18	25	27	16	

12	18	27	15	23	18	16	12	21	

10	11	21	25	18	18	16	25	30	

25	22	24	30	15	21	29	27	16	

24	24	14	28	25	18	25	23	24	

22	12	19	16	15	15	12	18	14	

27	10	20	19	11	23	26	12	15	

13	28	23	26	29	30	11	15	10	

23	11	20	21	15	26	10	28	26	

20	16	24	21	23	12	29	10	23	

26	25	21	20	27	15	14	28	12	

13	23	23	15	23	20	16	30	23	

17	13	22	12	14	17	25	10	29	

28	20	26	15	18	24	24	30	20	

18	27	11	13	30	25	15	19	21	

29	14	20	11	20	16	14	14	18	

20	12	15	23	11	27	23	25	23	

19	19	12	24	12	15	13	15	13	

13	21	13	13	21	29	20	16	19	

12	30	28	21	16	14	26	19	11	

24	27	26	14	12	15	26	22	21	

20	15	18	29	29	18	15	27	13	

25	26	13	13	13	29	14	25	26	

19	10	27	17	23	15	12	30	16	

10	25	25	25	18	30	23	22	19	

29	24	19	29	11	13	14	13	22	

25	28	28	13	16	20	11	19	12	

28	13	16	28	24	28	29	28	18	

13	10	29	22	21	21	13	20	16	

12	21	26	12	23	23	26	25	24	

14	24	19	18	13	24	23	16	27	

24	10	28	13	27	19	21	22	16	

17	23	21	25	26	30	14	12	21	

17	14	17	15	13	29	27	10	21	

30	16	30	19	13	11	19	20	12	

28	16	28	10	23	30	25	11	29	

13	23	11	21	30	13	23	19	18	

13	29	22	14	30	23	15	10	21	

20	16	29	30	29	17	21	14	19	

14	28	12	30	23	14	27	17	24	

13	14	16	17	11	22	28	20	22	

15	27	14	26	12	17	23	11	21	

29	19	17	15	15	20	19	21	15	

26	13	10	29	13	19	15	10	29	

21	10	23	11	15	21	19	16	29	

27	18	10	19	23	23	26	20	29	

10	26	15	11	30	28	28	21	14	

24	12	28	10	27	10	24	21	11	

12	22	23	11	26	12	23	25	27	

19	15	27	18	30	19	25	30	29	

17	22	30	23	23	24	23	17	26	

19	28	20	29	12	21	19	24	18	

16	20	15	13	15	16	12	14	11	

17	26	16	30	18	16	27	16	11	

17	24	29	15	23	19	17	11	24	

29	20	19	30	11	10	22	26	15	

18	28	30	11	25	30	15	22	11	

23	18	10	30	19	17	19	25	14	

12	22	10	16	20	13	12	20	26	

30	25	11	14	29	20	22	30	28	

18	26	27	17	20	12	30	26	23	

15	12	25	19	14	13	11	29	23	

18	23	16	11	10	15	22	18	19	

30	18	13	17	11	19	13	20	22	

12	19	18	11	22	17	30	30	17	

18	14	26	12	16	29	16	24	26	

13	14	19	17	21	30	16	16	22	

15	10	11	20	29	15	15	28	23	

27	16	30	23	12	28	16	11	29	

22	14	28	18	27	18	10	21	28	

18	29	18	11	25	29	24	28	19	

23	13	18	17	10	23	20	29	19	

12	27	26	28	19	20	11	28	11	

25	10	27	27	25	28	22	19	19	

12	28	24	11	24	23	19	28	30	

14	29	29	13	18	22	27	11	21	

24	26	15	27	24	20	26	18	24	

10	12	29	21	29	23	12	11	27	

16	11	28	18	26	20	25	17	20	

10	23	30	14	16	19	15	11	15	

30	30	18	29	22	13	20	10	20	

11	16	12	25	26	15	25	26	11	

14	26	10	14	22	24	20	21	12	

12	11	24	19	18	12	28	25	28	

28	10	10	12	16	10	20	14	12	

15	19	20	26	25	23	26	11	29	

21	15	12	23	13	27	21	12	14	

23	23	17	27	20	24	14	24	10	

19	26	13	23	23	11	23	19	20	

27	16	23	26	11	29	17	17	26	

13	16	27	19	30	16	27	26	30	

12	14	29	27	16	29	23	29	30	

16	19	28	27	19	10	21	24	11	

27	16	26	24	22	14	17	26	14	

27	23	21	20	19	22	26	21	26	

26	12	20	24	12	13	25	25	16	

24	21	29	14	25	19	26	18	18	

18	10	25	13	11	19	23	20	29	

30	21	13	13	10	25	24	11	26	

24	10	20	13	22	16	19	11	25	

29	13	29	22	13	19	15	23	13	

22	24	16	21	16	21	13	26	12	

16	25	17	16	14	10	25	14	27	

30	22	29	22	12	11	23	13	15	

26	27	11	20	27	27	15	27	25	

11	21	22	11	14	27	16	13	14	

17	14	11	12	10	18	14	22	19	

28	22	29	22	27	12	13	26	16	

10	29	14	10	30	12	21	29	27	

30	18	22	24	21	19	27	12	13	

27	15	13	10	23	29	22	27	15	

14	11	29	26	21	19	27	16	18	

30	18	28	15	17	18	16	23	26	

25	14	21	18	21	27	30	22	15	

24	10	14	17	25	23	13	27	19	

19	14	29	12	13	10	18	17	27	

22	29	27	22	14	28	27	17	30	

13	15	29	23	22	21	22	11	21	

11	30	11	17	19	13	14	29	28	

10	28	27	15	23	22	10	14	20	

26	17	12	15	17	22	13	14	19	

22	16	17	30	29	22	12	28	18	

19	20	10	13	23	16	15	22	16	

20	26	23	26	11	16	30	23	29	

23	18	14	12	16	29	14	29	12	

24	13	30	22	15	24	23	17	11	

24	30	22	25	23	15	14	17	24	

30	29	22	19	24	13	26	30	16	

27	27	13	15	30	23	12	21	29	

26	23	24	23	25	29	13	16	11	

16	16	13	13	22	25	11	11	11	

27	28	10	11	22	10	22	14	21	

13	30	28	10	22	16	29	28	27	

10	13	25	22	10	15	16	30	12	

30	22	28	10	23	28	12	16	25	

23	13	19	24	15	29	25	25	24	

28	26	11	30	13	12	13	13	16	

29	11	12	14	18	18	17	13	16	

19	14	26	13	26	20	13	10	22	

11	27	20	13	16	23	21	24	12	

11	23	17	21	22	23	14	22	23	

10	28	22	23	10	30	11	25	27	

25	28	21	12	23	20	30	28	18	

20	10	30	24	22	12	21	28	14	

12	21	22	24	24	24	30	12	11	

24	21	13	12	20	23	15	29	12	

26	19	14	16	15	30	27	14	30	

20	22	18	10	15	13	27	14	26	

28	20	14	16	21	20	26	28	28	

17	17	25	21	24	22	13	13	19	

15	19	28	19	15	14	26	10	22	

18	15	21	13	14	22	25	21	27	

28	22	14	27	16	28	17	15	10	

23	14	17	16	21	18	20	12	10	

29	29	18	29	29	23	19	15	26	

29	17	17	29	21	22	12	26	13	

17	16	29	24	18	26	20	27	20	

25	25	19	25	22	18	10	25	14	

12	25	22	28	21	11	29	15	26	

21	17	26	26	20	19	17	17	13	

16	24	21	10	12	25	14	14	17	

21	17	12	25	23	22	10	27	11	

15	27	29	10	28	19	18	24	25	

10	15	13	26	13	18	16	22	20	

30	28	21	23	21	28	29	25	17	

28	28	20	24	29	22	11	10	11	

29	17	10	15	25	22	13	18	14	

15	26	16	20	25	26	20	16	28	

19	18	28	29	23	19	28	26	11	

11	17	24	23	24	18	21	18	11	

25	24	10	18	11	22	22	28	21	

23	22	15	10	12	15	19	10	29	

26	11	26	19	14	25	27	16	17	

25	15	28	14	25	23	20	17	17	

27	15	19	24	24	17	27	18	28	

17	13	28	30	18	10	19	27	21	

15	30	27	17	28	11	19	10	23	

29	17	16	24	28	13	22	14	25	

16	27	11	15	18	27	29	17	30	

24	12	19	27	26	17	16	27	15	

11	11	28	16	17	15	15	30	10	

28	12	14	20	18	22	11	19	19	

13	26	24	10	24	14	17	15	23	

19	10	18	10	14	27	21	20	16	

18	14	26	29	26	27	25	19	15	

15	18	18	21	29	22	11	26	27	

28	19	10	28	21	25	24	15	16	

30	26	17	30	23	16	26	19	29	

15	15	16	10	25	30	11	10	26	

25	26	15	19	22	21	18	21	24	

10	26	12	26	11	17	13	21	13	

18	29	13	13	30	26	25	24	21	

19	29	13	22	28	30	14	16	26	

29	25	14	16	27	14	22	30	29	

12	10	21	25	17	12	27	10	16	

21	24	22	21	24	24	22	28	21	

20	27	28	11	25	22	28	12	21	

16	12	15	30	16	30	10	27	26	

30	30	23	17	13	18	22	20	14	

11	22	30	11	10	24	23	20	13	

15	27	12	10	24	18	12	17	10	

20	10	27	22	10	24	14	19	19	

12	22	30	29	17	21	25	13	11	

25	28	22	17	10	17	21	18	14	

19	19	30	19	23	23	27	25	30	

17	22	13	22	15	25	16	21	23	

16	11	29	22	15	28	20	19	28	

12	26	15	26	25	16	19	29	11	

16	30	22	20	18	17	18	12	19	

21	16	19	30	19	13	30	25	21	

14	12	17	29	17	12	25	25	30	

13	16	15	10	27	23	15	12	21	

28	10	24	14	15	24	27	22	16	

17	16	19	27	10	21	28	24	18	

24	16	13	20	19	12	10	21	21	

15	25	17	24	29	24	18	12	17	

30	20	10	29	29	10	15	17	23	

20	30	10	13	11	17	21	22	15	

10	17	19	25	12	23	30	26	14	

25	24	28	21	21	20	12	11	26	

12	20	22	12	24	20	23	26	22	

26	20	20	10	10	28	13	21	27	

24	17	11	13	23	13	24	22	23	

10	19	28	23	18	14	30	11	13	

14	17	30	11	10	24	22	23	14	

18	20	15	11	11	23	23	24	24	

15	26	16	22	16	28	22	14	26	

12	22	21	13	15	28	24	23	26	

28	10	24	19	23	13	30	16	29	

29	11	12	11	22	12	12	11	22	

15	28	16	13	26	12	14	18	12	

24	11	11	30	27	19	18	29	20	

17	14	22	20	19	16	25	23	20	

29	28	25	20	12	25	30	10	21	

19	19	13	24	26	20	26	29	14	

27	20	10	25	19	30	27	10	17	

26	10	29	19	20	13	26	11	26	

12	18	27	15	23	22	27	20	14	

18	11	15	16	15	25	18	13	28	

13	14	15	14	16	28	20	23	23	

30	11	30	30	17	12	29	10	27	

19	25	15	29	14	17	10	16	17	

18	16	28	30	15	19	14	30	16	

10	30	19	16	26	29	21	21	25	

11	16	14	21	25	25	21	19	20	

24	25	26	27	22	21	11	26	22	

30	21	27	23	15	23	20	14	11	

26	10	12	17	27	30	19	12	27	

16	17	16	25	26	21	19	23	21	

14	17	29	29	23	19	20	28	23	

14	10	18	24	21	28	25	29	25	

26	29	12	14	20	29	17	25	15	

29	28	26	25	12	20	10	16	29	

19	17	26	17	30	27	15	22	12	

24	25	25	30	13	15	23	22	30	

21	27	21	14	24	24	29	17	18	

28	12	26	11	23	19	12	13	13	

20	14	20	18	19	29	14	26	20	

19	30	12	22	12	30	21	21	13	

11	24	21	22	16	24	11	16	25	

18	13	22	23	22	16	24	23	13	

30	30	13	24	15	27	12	28	30	

22	14	17	13	30	26	10	15	10	

20	19	27	25	11	13	12	29	14	

18	12	22	22	30	10	22	16	14	

28	21	27	12	13	23	17	25	11	

13	26	10	26	18	26	28	24	21	

19	18	24	22	16	13	25	21	25	

22	29	17	18	18	13	15	18	26	

25	20	28	22	21	26	12	25	23	

29	22	24	19	20	29	20	26	13	

30	15	30	26	27	24	29	12	29	

19	13	23	17	23	13	30	23	12	

17	26	13	14	14	28	28	26	26	

30	17	15	11	20	11	19	20	12	

28	10	13	16	24	16	26	24	22	

12	14	20	12	16	16	28	28	16	

20	25	24	22	21	23	17	13	25	

27	17	20	13	30	23	15	20	25	

11	11	23	29	30	24	18	30	28	

25	17	15	19	16	11	11	19	29	

20	16	28	12	20	18	11	21	23	

21	16	28	12	22	26	26	14	19	

21	16	16	17	30	12	16	25	12	

16	21	27	18	10	29	24	13	24	

17	22	11	11	22	27	26	26	16	

15	29	28	17	24	17	27	18	24	

24	17	28	19	20	23	13	19	15	

25	26	12	22	30	21	25	27	24]	

