n:248	
m:1


W:[2434]


b:[82
92
53
99
55
56
83
61
54
73
71
74
51
90
83
77
89
69
77
98
60
62
94
90
95
78
86
76
62
81
60
100
95
93
70
93
76
63
79
69
98
65
64
92
73
52
91
81
84
74
65
72
60
72
62
68
76
87
76
75
60
87
66
58
93
81
80
68
83
95
89
54
92
93
93
50
50
82
81
70
70
95
73
67
94
74
93
76
64
86
92
72
76
92
71
100
59
84
51
67
97
70
89
53
77
93
89
69
88
92
74
74
81
99
68
79
98
90
75
50
65
58
92
78
71
94
51
59
89
78
71
63
86
65
80
88
59
91
77
70
71
95
91
78
75
74
65
78
62
83
74
90
67
52
76
70
74
51
53
57
94
89
88
84
72
67
93
67
68
61
81
91
61
54
85
97
70
70
58
100
100
61
53
59
59
99
62
56
72
95
58
66
75
64
86
54
58
99
98
72
90
73
51
98
72
86
58
76
63
75
94
78
53
60
90
77
75
95
52
88
79
66
56
62
56
65
64
60
91
65
89
90
96
94
86
86
54
68
87
65
100
98
72
72
75
72
94
65]


w:[26	

26	

28	

21	

21	

27	

20	

17	

25	

18	

24	

15	

24	

23	

19	

15	

19	

14	

13	

21	

30	

29	

14	

22	

21	

16	

17	

10	

21	

18	

12	

28	

17	

28	

12	

11	

17	

29	

12	

10	

22	

22	

30	

12	

11	

23	

16	

22	

22	

21	

25	

14	

16	

28	

23	

20	

20	

13	

27	

14	

15	

22	

28	

19	

23	

13	

14	

20	

15	

14	

12	

27	

29	

14	

14	

12	

16	

13	

20	

19	

15	

19	

17	

23	

23	

15	

29	

15	

19	

10	

25	

19	

11	

21	

14	

18	

20	

20	

15	

17	

16	

29	

11	

27	

13	

12	

11	

26	

29	

13	

28	

24	

27	

11	

27	

22	

20	

11	

11	

28	

20	

16	

12	

24	

20	

17	

19	

11	

10	

14	

17	

17	

16	

19	

19	

15	

28	

17	

14	

21	

26	

12	

14	

27	

26	

23	

27	

12	

27	

15	

30	

30	

28	

29	

21	

23	

19	

16	

24	

21	

30	

21	

10	

20	

18	

17	

10	

24	

15	

10	

18	

30	

29	

24	

26	

17	

10	

19	

28	

24	

28	

20	

21	

14	

13	

22	

27	

30	

26	

15	

10	

24	

13	

26	

30	

25	

22	

22	

28	

19	

12	

22	

20	

28	

23	

14	

18	

20	

13	

30	

12	

24	

18	

14	

14	

10	

23	

26	

16	

28	

30	

28	

27	

19	

14	

17	

28	

17	

12	

14	

10	

17	

23	

13	

29	

11	

30	

20	

10	

20	

28	

18	

22	

12	

20	

20	

18	

14]	

