n:733	
m:8


W:[7350
7413
7260
7442
7242
7310
7523
7234]


b:[55
52
64
50
50
60
76
78
72
72
74
91
60
76
67
74
77
89
90
55
77
75
84
64
75
50
81
71
84
61
60
82
53
59
71
72
89
75
84
99
80
90
50
82
97
94
88
72
85
66
56
96
60
96
91
83
64
61
91
69
91
53
90
54
83
57
71
98
80
60
50
69
100
59
85
75
76
81
70
86
73
96
63
98
88
82
54
93
72
71
81
100
77
61
61
54
88
52
53
59
65
57
87
51
60
95
85
80
70
67
73
65
96
64
72
75
57
88
94
96
51
93
78
61
52
100
54
52
58
91
67
99
91
54
64
70
78
78
78
59
78
93
83
94
54
99
76
84
89
56
78
100
51
67
61
90
53
94
81
57
97
95
91
76
89
60
79
86
86
51
62
89
79
67
63
52
94
82
53
82
60
95
72
54
66
53
81
84
99
84
100
70
64
90
80
71
52
50
69
86
73
67
60
81
50
87
59
86
54
58
61
95
54
94
95
92
78
91
94
63
81
76
55
94
82
64
61
76
57
68
70
72
88
96
72
68
58
70
91
83
78
75
92
59
59
93
67
65
78
77
91
97
52
65
57
62
54
79
90
85
62
84
78
87
55
65
88
54
56
51
78
57
54
89
75
72
89
63
54
60
75
52
88
90
100
79
100
94
55
91
52
87
81
79
95
76
71
86
80
85
76
68
54
78
96
66
59
74
95
78
63
77
71
57
77
60
63
57
70
97
68
77
82
94
66
59
64
68
58
60
52
65
60
94
99
98
85
73
99
53
85
53
59
65
97
76
92
68
59
74
89
82
78
63
99
52
79
93
58
98
64
87
63
59
73
75
96
76
100
88
91
81
80
79
66
74
54
85
52
63
88
68
54
58
73
87
64
71
53
66
50
65
88
81
65
59
65
86
84
84
78
91
75
52
77
65
68
76
53
85
83
59
87
57
57
73
95
56
74
88
72
78
90
57
89
77
75
66
83
71
54
80
75
100
60
74
54
95
95
55
64
54
70
97
86
90
50
73
78
77
56
78
62
60
60
71
70
98
54
59
64
88
99
56
64
75
57
84
97
91
82
98
99
65
94
79
99
82
83
60
75
74
69
86
84
61
82
55
59
75
78
90
94
70
89
92
54
80
100
96
67
67
94
85
66
63
65
75
61
80
85
91
81
81
76
69
58
97
98
53
67
58
97
90
56
76
98
78
74
86
88
86
65
73
57
73
65
82
67
71
57
53
82
65
53
91
63
92
89
86
76
80
87
99
81
84
58
100
69
85
63
55
65
78
65
77
52
93
65
68
75
91
55
93
88
68
74
77
65
72
88
81
92
97
93
74
82
78
96
89
67
53
89
85
85
78
99
69
79
68
51
61
54
85
50
93
55
72
57
99
71
69
78
56
82
77
98
51
73
64
81
89
84
81
88
89
76
76
84
51
54
85
81
63
66
55
58
98
97
75
77
94
65
52
78
94
59
80
85
50
66
96
82
52
96
96
61
75
73
77
59
69
59
71
76
91
70
50
86
88
69
82
96
100
97
85
86
72
87
76
79
97
83
65
70
83
91
56
73
84
94
74
52
64
100
65
81
52
51
53
54
80
69
52
93
95
97
71
92
54
75
63
83
51
82
71
90
56
89
52
71
57
84
79
100
52
83
70
57
70
99
91
58]


w:[22	27	15	29	18	22	18	24	

21	28	12	15	23	27	26	27	

28	25	22	13	26	25	15	23	

20	12	14	28	11	11	25	18	

27	30	10	16	22	15	23	13	

26	29	30	21	24	16	17	26	

16	17	25	16	29	18	17	18	

26	17	25	21	16	21	19	19	

14	26	15	17	24	14	26	30	

26	12	14	13	29	19	25	14	

25	20	27	20	18	13	23	29	

10	26	22	24	10	19	11	18	

30	14	17	18	14	16	11	17	

13	26	16	20	11	10	18	10	

16	26	28	24	13	18	25	25	

26	24	21	26	14	21	20	14	

13	16	29	26	20	15	24	29	

14	10	15	20	15	18	10	15	

25	23	27	30	25	11	19	12	

13	23	25	23	27	17	17	11	

28	12	21	10	19	30	12	17	

14	14	17	13	24	30	16	10	

26	19	14	28	16	24	26	15	

22	19	24	25	21	17	30	10	

11	21	27	18	10	10	22	18	

28	10	17	16	14	21	30	11	

12	16	20	16	26	20	28	18	

13	24	10	25	26	24	13	22	

11	30	27	13	21	21	15	15	

29	30	23	23	24	11	19	29	

14	19	28	25	24	18	13	19	

23	25	23	21	25	22	16	15	

18	14	27	17	30	15	12	13	

13	22	18	26	12	29	26	30	

21	29	15	16	17	30	12	26	

21	19	17	22	29	21	29	28	

13	17	27	29	19	18	23	10	

22	12	24	20	25	30	18	16	

23	11	24	24	21	25	25	29	

19	26	30	29	11	10	25	20	

27	25	24	24	14	27	18	12	

26	25	20	10	25	23	10	17	

23	10	21	19	25	20	17	25	

29	17	24	27	25	11	18	19	

16	27	30	25	11	25	24	22	

29	29	18	14	24	19	15	20	

19	12	20	14	15	13	23	25	

24	13	16	24	25	18	19	22	

21	21	27	22	26	22	12	25	

17	13	20	29	11	14	16	21	

10	26	26	13	20	14	28	17	

11	21	11	11	28	27	24	15	

16	21	10	28	28	21	30	10	

10	29	12	19	24	21	19	14	

27	22	15	21	27	30	22	18	

26	26	19	28	12	22	17	24	

22	24	29	22	21	29	25	16	

16	26	18	13	13	26	10	20	

30	26	17	10	21	16	16	13	

29	15	30	20	19	16	10	24	

23	29	21	29	20	18	29	10	

25	22	11	25	12	11	19	11	

29	17	28	18	12	13	25	29	

22	25	23	22	13	25	20	11	

15	20	25	16	10	18	27	18	

18	17	19	20	30	20	13	20	

14	24	27	25	26	24	24	21	

15	29	26	25	13	25	16	16	

24	26	25	14	12	14	20	11	

13	27	22	30	10	17	21	17	

15	22	11	21	15	22	28	25	

14	20	18	16	21	16	19	11	

29	30	19	14	17	24	30	28	

23	29	14	17	16	21	10	15	

18	17	13	16	28	23	21	12	

28	30	27	24	16	28	22	15	

15	15	23	29	19	18	16	17	

26	11	26	19	27	19	28	12	

14	25	20	25	12	16	20	11	

30	21	30	29	12	23	16	24	

14	21	21	11	12	20	23	23	

18	11	12	16	17	20	12	18	

29	16	16	13	13	23	29	10	

21	13	30	24	23	10	27	25	

28	27	15	13	16	12	17	15	

26	24	10	11	13	10	21	11	

25	27	26	28	21	21	27	29	

17	14	24	26	23	12	12	10	

17	26	23	14	24	21	18	26	

20	19	12	10	10	16	13	17	

24	26	11	19	17	29	13	30	

30	19	17	19	21	28	29	17	

29	30	14	17	21	29	23	20	

28	14	12	15	15	21	16	30	

26	15	10	22	14	29	13	25	

16	25	17	12	19	14	14	30	

21	23	21	19	23	24	30	27	

20	27	18	23	22	14	22	23	

24	22	19	29	21	24	18	19	

15	13	22	20	21	21	14	12	

10	17	18	16	14	24	21	23	

19	28	21	23	17	21	14	26	

19	29	29	28	21	22	30	13	

22	15	28	16	24	10	19	28	

17	17	15	19	20	16	19	18	

14	28	21	10	11	21	23	30	

22	24	21	30	24	26	12	19	

11	28	13	13	17	30	26	17	

14	28	21	26	23	21	20	10	

17	20	29	16	13	27	11	15	

11	29	15	16	12	18	27	27	

11	22	18	28	21	26	30	12	

28	27	22	23	20	27	21	11	

26	19	20	18	14	29	12	16	

13	17	27	28	21	24	28	15	

30	22	10	15	13	13	10	22	

19	10	19	30	12	28	29	13	

30	12	20	14	11	10	13	16	

24	16	23	25	25	26	24	30	

22	17	23	28	13	10	18	22	

12	27	12	17	19	21	14	30	

19	13	21	30	16	29	27	27	

18	24	28	24	16	28	11	17	

30	12	17	30	16	14	26	30	

30	14	20	26	29	10	13	10	

28	23	30	13	22	29	17	28	

30	12	30	11	11	15	23	13	

14	16	13	21	27	25	12	23	

12	13	26	21	17	11	12	24	

24	28	10	19	27	27	23	13	

21	13	20	12	12	15	24	15	

21	12	15	21	18	16	26	10	

25	11	14	10	13	25	18	26	

23	10	14	28	11	20	11	26	

24	23	15	29	23	29	22	21	

30	25	29	27	16	20	12	15	

10	25	10	29	17	22	25	22	

27	20	23	29	25	26	20	17	

24	15	30	15	15	15	27	17	

29	26	23	13	27	23	15	22	

18	13	29	10	16	14	29	13	

20	12	27	17	22	11	22	12	

29	28	11	18	16	30	10	25	

10	21	13	15	26	12	11	29	

10	15	21	11	22	29	21	11	

28	16	20	18	23	27	28	23	

22	13	21	28	26	23	12	14	

25	15	23	15	14	27	29	10	

25	30	25	11	19	18	22	11	

10	18	11	17	15	28	15	24	

11	11	14	10	21	10	21	16	

19	17	25	17	25	11	16	11	

30	10	12	17	27	11	13	28	

23	14	22	21	19	14	23	14	

16	25	20	21	30	12	24	21	

28	27	29	17	19	27	28	11	

20	30	19	25	17	13	23	11	

23	11	30	23	13	27	20	19	

21	17	25	19	10	15	30	11	

20	29	24	23	11	24	12	28	

10	29	18	11	19	10	22	30	

11	12	12	24	19	26	22	16	

17	17	29	22	13	22	24	27	

27	17	15	23	25	15	27	28	

27	25	13	18	10	12	27	20	

20	25	24	26	22	26	22	25	

14	19	28	24	14	30	17	15	

19	13	25	23	14	28	11	27	

12	28	30	11	30	11	21	13	

17	14	20	18	25	15	16	17	

20	12	18	12	12	24	30	18	

10	14	16	18	14	18	28	19	

21	15	15	15	28	24	12	12	

20	24	13	25	11	25	23	12	

11	24	19	24	26	13	25	22	

22	25	18	12	18	16	21	24	

24	12	21	30	11	23	16	28	

11	21	29	15	14	23	23	19	

20	16	28	30	13	26	21	27	

22	19	13	17	29	20	28	15	

17	11	19	30	27	11	20	22	

27	17	26	12	24	19	23	20	

23	17	14	28	23	21	24	15	

17	26	29	22	28	18	30	10	

26	28	10	13	22	14	20	30	

16	18	27	19	22	14	10	14	

21	13	20	30	29	14	20	26	

14	19	28	13	19	20	24	24	

16	11	29	27	14	13	23	21	

21	20	14	14	11	22	30	19	

15	27	21	13	17	21	19	20	

11	26	15	23	27	12	23	11	

28	14	14	13	20	21	16	19	

21	20	15	22	30	10	17	27	

24	29	29	21	18	18	10	15	

17	13	24	14	14	12	26	23	

25	13	20	18	30	26	24	29	

13	17	26	27	27	21	17	26	

21	10	21	25	22	15	18	27	

19	28	26	24	19	25	25	23	

29	23	16	15	16	15	30	17	

18	22	10	25	29	10	12	15	

14	26	15	19	26	14	29	16	

18	16	23	17	13	16	15	24	

19	14	12	13	10	24	14	27	

30	13	11	26	14	22	19	28	

10	27	30	22	13	12	23	22	

30	24	21	12	21	25	28	25	

13	20	22	23	23	27	15	13	

10	30	14	14	20	30	15	20	

13	18	16	30	24	12	21	20	

14	24	19	20	15	25	13	29	

23	11	15	11	28	23	10	17	

15	17	15	10	26	27	11	24	

24	16	28	14	16	28	21	27	

14	30	27	29	30	11	17	26	

21	10	30	29	19	26	24	10	

16	18	13	29	29	11	27	25	

10	12	15	19	22	29	10	26	

23	15	12	12	15	21	21	27	

12	15	12	30	21	23	29	29	

22	30	22	13	19	23	23	18	

20	22	27	26	15	23	14	16	

19	16	19	27	30	12	11	22	

20	13	25	29	25	23	22	20	

13	11	29	16	19	19	26	14	

10	21	20	22	15	21	22	21	

16	12	30	28	16	19	20	13	

25	26	20	22	16	14	13	25	

23	21	23	12	27	27	27	14	

17	12	18	22	28	21	13	25	

13	23	13	30	18	22	22	10	

29	10	13	30	12	12	13	19	

11	15	25	11	22	29	30	16	

17	29	28	15	18	27	25	19	

23	27	23	25	19	26	29	13	

18	13	10	20	10	16	24	19	

23	10	11	17	27	20	17	15	

13	20	17	26	21	30	21	17	

16	14	10	29	20	21	15	15	

18	16	17	12	19	25	23	29	

21	25	13	15	20	10	28	22	

20	15	24	25	13	28	28	25	

20	27	24	12	23	15	20	23	

22	21	11	19	19	15	19	13	

13	23	11	30	20	23	14	26	

11	12	22	20	12	22	28	22	

29	15	23	21	20	16	22	28	

10	19	16	24	21	25	18	11	

12	29	14	13	10	10	25	27	

20	16	14	23	18	29	30	27	

13	26	17	27	19	13	14	16	

15	12	27	17	16	23	30	21	

27	12	13	25	17	14	13	15	

22	19	24	22	25	11	28	17	

11	11	27	29	13	30	27	22	

16	21	15	20	27	16	23	25	

23	10	16	30	18	28	15	14	

14	16	13	18	17	23	16	30	

30	11	15	20	17	23	15	10	

18	11	15	28	28	28	15	20	

20	24	12	10	30	10	15	25	

30	15	18	19	10	29	10	16	

24	25	29	22	15	15	28	13	

24	19	25	15	10	25	30	28	

20	13	15	27	27	11	17	17	

28	24	15	28	15	12	30	17	

30	16	21	29	24	14	22	22	

28	19	28	23	14	22	30	25	

20	13	23	15	18	23	23	13	

30	16	21	24	22	20	12	26	

13	18	15	24	23	17	30	18	

20	29	23	28	10	26	11	30	

22	23	17	12	14	24	26	17	

21	29	13	25	25	20	11	14	

25	27	19	12	19	16	16	22	

22	24	22	23	22	21	30	27	

14	29	15	22	28	28	11	12	

18	22	11	17	29	27	23	12	

30	26	15	21	17	21	16	12	

20	17	12	24	28	14	20	13	

19	27	22	17	30	24	27	10	

19	20	24	11	20	30	30	26	

11	30	29	25	10	20	10	18	

22	13	26	17	30	20	24	17	

21	16	23	23	17	10	30	27	

15	10	16	16	10	29	30	14	

19	13	13	20	19	19	21	17	

18	30	23	26	19	30	26	25	

13	29	22	14	21	25	23	13	

30	30	18	24	15	14	29	11	

24	24	29	27	22	22	14	20	

13	26	12	24	10	16	25	14	

28	10	23	14	22	24	25	20	

16	20	21	27	26	15	17	10	

24	15	24	29	19	24	14	23	

25	25	13	12	10	16	21	25	

13	26	13	17	18	29	19	16	

12	29	22	13	29	15	16	30	

23	12	22	18	16	19	30	14	

14	14	17	19	13	24	16	30	

18	29	27	12	23	10	26	14	

22	14	14	20	30	26	12	24	

24	29	13	14	23	16	26	21	

23	27	25	12	17	26	14	23	

12	30	24	25	12	22	25	22	

11	22	17	14	24	27	10	12	

11	10	29	28	20	30	25	29	

10	14	13	24	13	29	16	27	

24	22	30	25	19	12	27	26	

20	14	19	14	18	29	14	24	

19	27	21	14	27	24	13	23	

17	16	24	13	21	28	18	20	

27	17	11	15	20	29	19	26	

29	26	28	24	30	13	23	15	

15	22	19	11	29	24	20	27	

26	11	15	18	26	13	30	14	

16	25	17	20	21	25	21	27	

26	15	27	10	23	22	21	13	

21	29	10	29	27	19	18	22	

20	25	30	25	30	25	28	27	

10	18	10	18	21	24	24	19	

23	29	20	15	16	15	10	20	

27	16	25	16	25	19	15	10	

26	24	19	26	22	27	30	17	

24	27	23	15	13	12	13	14	

25	23	29	23	24	29	17	29	

12	13	16	18	11	14	14	22	

29	28	22	17	13	15	25	14	

14	26	25	19	12	19	25	27	

28	30	11	28	29	11	24	30	

27	22	14	26	16	27	24	25	

17	24	20	26	22	11	29	30	

20	15	29	14	19	10	15	26	

21	10	19	22	10	21	24	14	

18	29	24	22	10	18	22	28	

13	25	10	19	21	25	25	13	

10	24	22	17	29	22	12	24	

10	23	30	12	20	10	16	13	

27	17	18	25	20	11	27	14	

24	19	28	15	25	20	28	21	

14	12	16	24	15	19	20	21	

30	18	20	11	11	12	10	14	

11	17	10	30	10	25	20	16	

14	13	20	20	25	30	12	20	

29	18	13	29	19	29	15	12	

19	22	25	26	23	25	14	25	

16	12	14	13	13	27	26	20	

24	28	25	29	11	30	14	30	

28	17	10	22	25	21	25	19	

11	12	29	12	28	25	27	13	

29	29	17	25	23	16	25	18	

18	28	17	22	20	30	21	23	

22	13	16	22	24	15	20	11	

15	29	22	16	16	28	17	22	

14	13	16	27	10	16	22	27	

18	30	13	22	24	19	23	20	

18	16	25	21	10	22	27	19	

24	12	10	22	25	21	13	10	

30	24	23	26	17	28	21	30	

16	18	20	26	15	11	24	18	

13	30	15	26	16	15	23	21	

16	16	24	19	14	30	20	29	

22	29	19	26	30	30	14	16	

30	28	18	23	16	14	18	29	

26	20	16	22	18	21	20	22	

14	29	16	22	14	18	27	27	

10	27	19	20	27	15	20	30	

19	30	14	21	23	15	12	24	

24	29	18	28	24	16	15	23	

10	26	28	17	13	23	10	25	

27	26	30	19	24	11	17	24	

19	16	21	18	29	23	12	21	

29	29	15	17	21	17	30	10	

29	17	27	16	23	13	19	27	

29	13	21	13	30	30	10	14	

27	25	24	30	30	13	24	12	

30	13	24	29	18	22	21	23	

24	21	18	20	23	15	26	24	

20	21	14	27	17	25	13	13	

24	15	23	22	25	27	26	15	

22	27	23	27	22	20	17	18	

20	20	17	20	11	28	18	20	

10	15	29	16	15	16	21	30	

11	25	20	12	24	24	16	16	

18	14	17	13	27	19	24	16	

21	17	20	25	19	17	26	24	

23	10	27	19	24	28	23	20	

19	23	25	30	17	27	27	23	

19	26	10	15	17	22	12	26	

12	25	12	18	22	20	21	24	

27	30	15	20	27	18	28	25	

12	16	11	27	19	13	21	10	

28	24	11	11	17	13	19	15	

12	23	15	29	24	16	27	30	

18	16	25	30	23	17	16	15	

23	19	12	25	17	30	14	27	

30	29	21	26	15	14	27	27	

30	26	12	12	30	13	21	23	

21	29	10	14	22	24	15	16	

12	23	19	22	15	12	25	10	

11	10	22	10	18	29	17	29	

11	20	12	28	27	19	19	30	

22	13	10	15	12	23	19	18	

28	17	16	27	29	27	28	12	

29	15	18	10	22	28	15	26	

29	25	16	19	19	13	29	24	

10	30	19	27	27	28	26	16	

10	24	26	29	14	14	23	10	

15	28	25	17	11	15	21	30	

15	27	28	25	14	16	20	24	

21	19	16	19	10	14	22	27	

24	20	19	27	22	27	23	11	

24	26	17	26	24	13	30	26	

16	29	19	12	27	14	22	24	

28	25	24	12	21	26	12	29	

10	13	18	29	24	27	26	10	

25	11	18	20	19	29	20	27	

21	27	14	23	29	18	27	28	

19	29	18	11	27	22	23	16	

22	27	30	13	16	19	11	21	

19	28	12	23	22	25	30	15	

15	19	12	10	15	29	12	15	

13	21	27	29	25	14	17	19	

20	29	13	18	24	11	23	20	

15	23	26	29	24	27	28	23	

10	12	14	29	22	19	13	17	

22	25	19	17	30	22	14	22	

27	19	16	30	18	30	24	21	

15	12	14	20	22	11	14	17	

23	29	21	14	27	20	14	27	

26	21	12	11	19	10	24	12	

15	24	14	17	26	30	23	18	

23	21	29	14	12	10	10	17	

13	15	24	29	28	14	28	10	

24	30	10	14	22	19	25	16	

20	12	21	24	30	18	29	28	

26	11	26	10	12	16	16	18	

16	26	23	23	18	10	29	30	

22	14	27	11	23	19	10	29	

23	28	22	19	24	29	15	15	

20	25	16	18	16	17	10	13	

17	16	23	12	17	24	18	30	

10	16	23	17	14	12	11	14	

21	24	28	29	10	27	24	18	

30	10	15	10	13	13	26	16	

21	17	14	26	11	30	15	28	

13	27	14	28	17	11	28	15	

10	13	13	13	11	16	30	25	

11	12	28	24	14	19	15	30	

29	26	26	13	10	23	19	23	

25	12	19	27	14	11	12	14	

18	27	14	20	26	11	18	19	

29	16	25	23	12	20	10	28	

16	26	26	28	28	19	19	10	

10	14	30	19	29	25	28	26	

23	30	30	27	11	20	19	14	

14	16	19	15	15	22	15	11	

17	18	20	17	18	21	14	28	

28	19	16	29	24	24	26	30	

12	23	10	13	20	13	16	19	

30	17	10	20	30	22	23	16	

17	19	19	14	19	21	13	21	

27	27	13	25	16	17	12	12	

25	13	23	17	30	20	28	20	

12	21	23	16	23	20	28	16	

15	12	21	29	26	11	12	18	

14	19	24	29	10	13	26	12	

16	10	21	29	10	10	17	15	

21	21	10	25	12	24	17	23	

18	15	22	25	27	25	14	13	

22	19	30	26	19	10	14	21	

12	13	16	29	18	13	28	14	

30	19	16	17	19	17	21	12	

22	27	21	27	29	20	23	11	

28	21	18	23	30	17	19	24	

20	17	12	17	16	15	20	13	

10	19	18	16	28	20	14	19	

26	11	28	18	19	14	30	22	

17	18	27	18	24	17	20	20	

29	14	30	23	28	28	29	22	

15	29	19	13	16	22	21	15	

28	29	26	17	29	21	19	26	

14	16	15	23	25	14	29	19	

21	16	15	17	26	29	28	11	

14	13	10	13	11	10	26	20	

15	14	19	20	21	17	25	28	

28	15	14	28	29	19	29	26	

27	23	25	18	19	16	15	19	

13	12	13	14	12	18	10	11	

29	14	10	14	24	20	24	15	

22	27	21	29	19	18	18	12	

14	11	19	23	14	26	17	26	

10	22	22	27	22	27	27	24	

30	22	17	16	18	24	10	15	

21	15	29	27	13	11	30	29	

20	14	20	21	18	13	26	23	

26	17	12	27	12	12	23	23	

28	15	11	18	18	28	24	26	

25	14	17	27	19	28	26	12	

13	14	24	18	12	29	15	23	

23	20	22	25	15	18	16	17	

15	11	28	20	15	27	16	12	

11	21	13	23	24	16	30	18	

11	24	12	24	29	15	19	17	

19	28	25	27	14	25	11	23	

20	26	25	15	22	17	22	25	

19	11	15	26	26	25	15	29	

22	29	16	26	25	27	25	23	

28	12	12	29	15	14	12	26	

30	14	11	22	26	12	13	12	

14	26	30	29	18	22	12	20	

12	30	14	14	10	15	12	15	

23	28	23	13	16	12	24	14	

12	19	22	17	11	10	28	14	

17	23	25	18	12	26	30	14	

27	20	17	18	19	12	28	23	

12	22	19	13	11	19	14	23	

30	15	16	15	25	10	11	20	

14	15	24	17	28	18	29	27	

10	21	18	22	14	21	16	22	

18	24	20	12	15	15	22	12	

11	20	18	12	16	27	12	17	

16	29	10	12	24	26	25	13	

13	18	18	20	14	10	14	23	

19	28	26	27	15	19	22	17	

28	22	19	26	18	29	24	30	

28	23	16	18	29	29	19	15	

27	25	16	22	19	12	11	13	

18	14	21	10	25	16	21	16	

28	15	16	20	12	30	18	30	

30	19	16	22	27	23	27	26	

21	27	28	10	13	14	26	16	

15	13	23	23	23	16	23	23	

22	18	18	21	30	15	18	21	

13	25	29	30	16	29	30	26	

12	27	23	12	15	19	12	28	

30	12	22	23	18	27	27	14	

16	23	30	22	30	11	20	26	

30	19	29	13	15	13	19	21	

25	27	30	16	13	22	17	19	

23	12	29	26	23	15	26	18	

20	29	20	17	12	20	27	29	

26	19	15	17	30	11	22	17	

12	13	26	16	27	19	10	18	

21	26	28	22	20	21	24	30	

27	20	11	29	15	14	24	12	

15	21	22	12	27	29	21	30	

17	10	21	11	26	11	19	21	

28	13	19	21	11	17	16	27	

12	12	15	11	28	14	27	10	

19	25	26	20	16	16	25	19	

16	17	17	20	28	29	27	24	

29	18	10	21	22	28	19	27	

28	11	19	11	20	16	23	24	

25	13	16	10	22	26	21	25	

19	26	29	29	25	30	22	19	

30	18	21	18	26	22	21	16	

24	11	10	30	25	17	18	19	

22	12	18	24	15	12	23	28	

14	27	29	23	10	13	25	10	

25	22	15	27	27	24	10	23	

14	30	26	21	16	14	30	22	

26	20	17	30	24	21	11	22	

28	11	25	13	16	13	19	24	

21	21	23	11	26	11	29	22	

29	23	26	13	21	19	17	20	

10	20	21	20	26	10	25	26	

20	21	14	25	21	25	10	22	

12	23	28	10	21	28	25	25	

21	28	26	22	26	24	19	11	

27	10	21	18	25	16	23	22	

11	23	22	26	18	18	22	23	

19	30	17	29	27	10	18	11	

12	12	27	28	18	30	28	25	

27	19	11	15	11	26	27	18	

16	28	11	28	18	10	29	11	

26	23	26	28	22	27	11	11	

24	25	15	26	13	29	14	17	

20	16	27	25	12	23	16	17	

11	14	24	16	21	18	21	14	

12	15	25	18	30	18	12	14	

13	11	20	10	10	26	13	25	

27	20	19	16	22	28	29	10	

27	24	14	21	20	13	14	30	

17	14	28	13	27	18	24	12	

19	21	28	20	30	14	25	20	

19	27	12	30	10	24	20	30	

20	27	11	15	19	18	21	10	

27	25	19	11	24	15	25	29	

18	23	20	11	10	18	25	11	

20	24	11	20	26	11	28	24	

22	28	13	13	19	22	23	12	

14	23	11	30	23	18	13	12	

19	11	28	10	12	15	17	16	

22	10	10	13	11	18	13	16	

14	28	25	17	22	14	25	22	

17	27	16	15	13	27	18	23	

26	22	27	30	22	20	24	25	

16	23	16	28	30	27	19	25	

25	27	20	30	12	20	11	16	

23	14	16	13	24	17	20	10	

20	25	26	10	26	26	17	24	

11	17	27	11	15	12	18	13	

11	22	28	14	28	27	26	23	

23	17	15	16	10	16	26	22	

22	18	12	29	20	11	25	23	

14	11	29	16	25	11	11	10	

25	25	20	11	23	28	26	22	

15	15	25	10	30	21	16	10	

28	11	10	19	18	24	14	13	

27	22	17	28	15	13	19	23	

25	20	25	30	27	27	30	12	

21	13	21	18	22	23	30	10	

19	22	24	10	18	14	29	22	

23	16	18	25	15	27	21	19	

15	29	11	27	27	21	20	25	

13	26	26	30	28	18	29	14	

18	29	18	15	22	28	15	16	

30	30	18	25	17	19	29	11	

23	28	25	18	14	30	15	20	

18	25	16	14	14	10	29	11	

28	11	30	20	12	11	24	24	

12	28	27	30	13	28	27	10	

12	11	21	24	26	16	16	18	

27	14	27	28	13	13	14	23	

27	11	12	28	28	25	26	13	

14	15	30	18	25	29	19	13	

21	18	17	28	23	25	13	11	

14	15	21	15	21	28	13	20	

30	27	21	11	17	22	22	14	

29	10	11	23	15	10	20	17	

11	22	30	20	22	12	22	13	

25	11	13	23	15	17	22	26	

20	21	17	24	23	12	11	24	

12	26	16	16	29	21	24	14	

25	11	27	28	16	12	16	21	

22	15	10	21	15	10	18	24	

30	12	23	23	17	30	24	23	

11	18	29	19	11	29	26	23	

11	22	16	16	16	14	21	23	

13	30	16	22	26	22	11	13	

20	19	12	22	20	30	28	27	

20	18	28	15	10	29	19	19	

15	21	10	12	17	18	27	23	

25	23	27	23	29	23	29	14	

19	12	16	25	11	17	12	15	

19	16	10	15	30	15	30	26	

21	28	29	13	11	15	27	15	

24	29	11	12	22	27	23	23	

19	11	20	18	10	26	30	19	

12	26	18	16	11	17	20	11	

23	27	24	22	29	15	16	26	

13	21	25	21	23	29	16	29	

27	28	29	12	19	13	21	11	

21	12	14	26	17	28	15	25	

30	12	12	24	29	20	10	24	

26	22	23	24	14	11	20	23	

16	21	11	15	20	27	24	25	

24	13	19	30	23	22	10	10	

12	26	22	20	17	30	12	22	

24	25	19	16	22	14	20	29	

14	16	10	23	19	15	25	16	

11	25	22	24	30	24	27	13	

25	22	16	22	18	24	29	19	

20	27	20	21	16	28	25	15	

19	26	10	25	15	22	25	11	

22	25	22	28	12	17	19	22	

12	30	24	27	18	22	15	28	

29	18	29	22	24	26	23	22	

12	19	18	15	29	11	22	30	

21	23	25	14	25	30	20	19	

15	26	13	25	14	29	23	16	

12	21	19	21	17	13	24	24	

15	19	17	14	15	26	18	26	

20	19	29	15	27	11	10	21	

26	29	22	27	28	12	19	28	

12	16	18	23	23	11	17	27	

18	28	15	27	26	26	25	21	

17	19	24	29	12	14	29	24	

23	18	11	16	10	18	22	11	

28	17	18	16	29	12	15	21	

23	15	23	17	19	14	19	26	

16	24	15	21	21	20	11	16	

22	18	21	12	12	24	15	21	

23	13	15	22	18	19	22	23	

24	29	20	17	21	26	28	15	

23	27	21	17	13	17	25	16	

23	21	12	23	14	27	23	11	

27	14	18	20	26	17	21	22	

30	28	12	27	27	21	27	11	

12	26	26	19	21	29	18	18	

28	18	30	14	28	21	29	26	

21	17	20	29	14	18	26	21	

24	12	17	25	28	25	26	25	

17	14	13	23	29	28	28	23	

18	28	20	16	11	16	17	20	

10	27	18	29	18	18	25	21	

22	20	19	29	22	10	28	26	

29	20	30	17	26	19	30	24	

25	11	29	22	25	14	24	21	

14	28	20	25	12	12	22	16	

12	18	24	21	29	13	23	28	

13	18	11	27	15	19	29	17	

10	22	23	21	28	11	24	11	

10	25	25	13	12	23	26	21	

25	27	20	23	21	15	26	30	

20	20	24	16	25	15	22	19	

16	25	12	10	30	28	11	26	

29	21	26	28	26	27	25	15	

28	19	10	23	11	13	17	28	

25	18	13	21	11	23	23	23	

25	27	29	12	28	24	15	13	

30	15	12	18	28	13	27	28	

23	19	17	10	16	24	20	22	

25	17	16	15	12	10	30	22	

10	11	22	20	30	13	21	26	

23	23	24	22	16	30	18	23	

12	25	22	12	13	24	11	15	

26	16	23	27	30	28	14	12	

30	16	29	29	17	29	11	18	

21	19	21	17	24	12	28	15	

27	22	12	16	18	18	26	14	

23	16	21	28	16	25	27	20	

25	23	13	18	21	29	23	10	

23	13	29	15	24	18	20	17	

27	25	18	15	16	19	30	20	

17	29	18	27	13	22	14	24	

28	30	25	26	21	30	13	12	

11	27	17	10	30	18	17	21	

27	25	24	23	10	26	19	12	

13	14	23	21	20	22	21	18	

16	29	24	28	11	27	17	23]	

