n:1189	
m:10


W:[12095
11837
12026
11690
11659
11863
12006
12016
11732
11886]


b:[62
83
79
62
67
87
90
70
61
73
89
61
86
65
53
54
61
80
91
90
91
58
68
66
63
73
81
62
57
55
51
81
71
86
57
67
80
84
61
50
77
77
94
86
72
96
57
75
76
73
66
95
68
77
76
78
99
62
94
96
95
52
62
56
82
67
95
58
89
88
88
94
88
57
59
62
93
57
66
84
71
81
97
55
96
58
55
73
79
52
95
94
54
96
63
52
83
95
67
71
60
58
54
86
62
58
73
81
84
90
76
53
52
89
56
51
89
91
61
76
54
74
58
74
92
96
80
59
73
52
70
91
88
66
64
78
55
79
95
82
99
92
58
85
54
58
59
97
88
96
98
50
83
85
50
57
54
95
68
99
69
68
62
55
60
83
94
88
72
89
69
98
82
91
82
91
75
92
73
60
76
76
53
89
66
72
59
52
63
89
66
99
86
95
81
94
54
73
65
86
57
98
80
72
51
83
66
96
64
83
94
61
93
63
89
97
98
61
51
60
83
64
92
84
75
75
67
65
67
59
69
51
100
82
100
72
89
55
63
83
81
69
53
68
97
55
83
56
81
99
51
63
90
52
79
56
59
64
84
99
92
98
71
85
90
60
98
60
81
80
61
92
79
73
86
79
97
89
63
77
74
100
94
96
78
77
98
50
78
70
69
86
50
53
62
82
55
85
67
90
99
73
61
56
99
90
84
82
97
74
85
95
80
96
68
52
64
63
77
68
50
51
86
80
98
53
95
93
83
73
99
72
69
88
89
60
92
72
96
93
95
100
91
73
56
63
77
89
67
60
71
56
57
94
84
80
90
71
64
97
69
72
68
61
58
63
96
84
54
90
76
53
70
84
55
78
59
81
80
93
62
95
89
83
53
75
94
77
79
55
99
55
77
71
91
72
76
56
57
94
88
59
53
89
87
86
78
62
70
73
95
92
79
57
70
54
94
82
75
63
51
81
83
59
63
74
83
95
70
84
75
97
81
84
83
91
82
92
96
72
60
69
100
52
100
78
83
63
89
92
91
60
69
51
91
77
81
81
96
64
84
73
71
68
69
88
62
50
52
51
85
83
52
72
100
72
98
59
95
62
95
100
88
62
86
68
86
55
88
97
51
95
70
89
94
84
91
60
88
91
63
100
59
86
84
96
90
54
82
57
88
73
66
95
66
56
61
88
82
97
53
80
92
51
63
69
91
97
98
65
76
68
62
59
83
86
82
81
94
96
98
53
96
55
80
60
95
89
86
76
55
95
56
70
50
65
55
94
62
65
80
100
71
86
52
91
85
80
53
59
94
99
73
64
67
76
95
72
58
95
71
69
99
93
67
96
91
60
53
51
77
84
92
89
90
79
82
56
71
51
96
65
63
96
78
64
76
53
61
54
91
72
71
53
54
73
67
61
80
55
59
78
82
58
97
86
50
76
100
77
74
81
81
74
71
99
98
75
79
50
53
80
87
94
58
96
50
50
81
75
68
85
71
75
73
67
88
82
82
95
65
82
89
78
78
88
85
79
68
89
62
68
74
65
78
67
65
52
52
82
87
53
68
69
51
80
90
95
56
94
74
83
52
87
79
51
90
68
50
85
53
59
99
68
68
55
60
81
64
63
51
78
58
53
68
69
66
72
50
95
91
73
73
88
96
76
81
66
78
68
78
92
78
76
97
94
71
55
71
68
87
60
86
57
84
97
98
64
78
67
99
92
82
95
86
94
99
58
57
91
80
98
59
54
57
98
68
61
67
73
53
71
68
50
88
97
56
64
70
73
92
97
97
100
69
55
74
92
87
81
75
70
70
76
84
81
54
74
54
96
63
64
98
61
97
94
52
50
92
54
63
74
93
84
53
61
73
60
54
99
71
83
68
68
78
90
93
64
52
64
66
75
66
65
76
86
79
98
73
58
78
50
62
78
81
86
73
53
87
79
94
93
90
91
80
53
94
68
54
96
84
76
57
71
99
54
86
86
50
58
94
100
56
55
85
88
52
76
98
96
53
100
51
69
91
81
56
85
74
74
57
85
81
60
88
78
50
93
77
57
56
88
55
98
68
78
61
53
91
80
74
56
77
72
76
77
90
53
71
77
65
83
77
52
86
53
98
88
86
87
85
51
56
63
88
80
73
56
55
63
84
74
59
73
54
94
62
90
87
91
91
98
75
74
50
79
61
88
67
76
69
69
59
77
72
50
58
56
93
88
77
56
87
56
66
85
77
81
80
66
76
84
89
77
61
94
94
80
63
74
84
63
67
55
71
81
62
60
52
87
54
93
52
61
76
87
90
59
76
51
64
78
82
77
84
56
64
89
87
87
61
87
77
51
86
94
66
89
77
59
68
53
69
79
88
86
67
51
70
91
53
53
73
75
85
51
78
95
97
74
76
93
54
91
70
77
81
90
96
83
62
71
83
56
90
73
84
99
96
56
92
68
90
99
73
63
84
86
56
62
87
95
77
54
76
52
93
77
52
96
54
89
79
85
86
97
95
56
72
59
72
60
84
89
94
75
60
88
90
86
81
66
83
51
99
84
62
76
78
83
85
96
100
58
72
52
67
73
78
91
66
66
81
57
93
65
70
58
71
90
63
74
60
82
73
66
66
76
56
74
81
59
79
90
63
66
54
79
88
68
87
92
83
92
99
50
66
89
82
63
54
98
59
93
76
55
95
73
75
99
80
89
92
61
59
80
58
62
59]


w:[28	29	21	27	21	17	26	27	17	26	

28	13	22	16	27	25	15	25	11	21	

12	10	15	29	30	27	15	14	19	10	

15	18	16	24	29	18	19	20	20	11	

22	22	16	15	28	30	13	25	23	22	

19	13	11	22	28	14	15	10	20	17	

29	20	23	28	28	22	24	21	24	13	

26	23	21	16	21	20	29	12	13	26	

16	15	26	12	11	18	28	21	10	22	

19	16	23	13	25	22	14	22	16	17	

15	28	14	18	16	14	17	19	21	13	

29	17	29	25	13	20	29	24	11	20	

21	15	16	20	16	15	27	23	11	18	

28	15	15	22	24	30	13	30	11	22	

26	10	16	12	16	19	26	21	26	26	

10	17	22	14	12	13	17	15	24	17	

26	20	16	14	12	27	13	29	29	22	

25	19	10	12	28	18	29	28	26	15	

28	18	22	11	26	22	27	11	12	14	

23	22	16	16	29	12	15	26	29	26	

12	20	25	25	16	30	11	27	29	23	

14	11	27	13	15	21	13	12	15	24	

26	10	22	29	24	25	15	11	11	23	

18	30	19	27	29	22	16	17	11	11	

10	26	11	12	10	27	27	21	28	20	

18	26	19	19	10	20	11	29	23	29	

10	16	24	22	17	11	16	22	10	24	

21	27	17	16	20	30	15	17	18	13	

11	18	22	28	19	25	24	28	16	12	

27	16	26	22	12	29	18	24	28	18	

22	29	24	28	15	26	22	28	29	26	

28	26	24	19	22	11	14	25	17	16	

20	28	22	21	30	10	18	29	17	28	

27	30	28	11	22	20	19	27	11	27	

30	13	22	17	25	17	22	13	28	22	

29	25	24	21	13	12	25	22	27	14	

12	29	25	25	23	17	27	22	18	20	

20	24	13	20	24	25	23	29	23	24	

25	16	15	24	10	19	14	12	21	18	

23	29	30	13	13	29	21	13	26	29	

20	11	24	17	26	22	11	11	15	12	

23	13	15	11	17	24	29	12	20	27	

15	17	26	27	16	30	17	18	11	28	

29	18	14	11	29	16	17	16	19	14	

19	14	26	11	17	28	22	26	15	26	

16	27	25	18	28	16	13	18	13	29	

19	12	28	26	12	16	25	18	11	30	

17	30	18	21	13	17	30	29	17	16	

14	14	27	14	10	14	19	24	17	13	

27	11	10	20	28	14	26	17	30	30	

11	20	19	16	11	22	28	19	23	11	

20	27	20	13	18	20	19	17	14	27	

15	27	15	17	24	23	23	18	15	23	

15	18	12	17	27	13	10	20	23	30	

28	21	22	28	26	24	28	25	13	27	

29	25	29	22	27	10	18	23	27	26	

18	30	11	13	29	29	15	24	20	10	

14	21	11	19	23	19	14	14	13	13	

14	28	11	23	30	18	22	10	26	23	

15	18	26	26	22	22	19	12	29	11	

30	20	26	24	15	20	19	21	13	22	

21	12	11	24	16	17	27	15	24	25	

26	25	13	26	24	22	15	17	16	26	

10	30	27	16	27	24	17	25	23	19	

16	24	27	25	16	11	16	15	21	22	

26	17	21	22	18	13	26	12	19	15	

30	17	14	30	29	26	15	14	25	24	

19	20	18	10	19	24	21	10	26	30	

11	10	27	15	11	14	12	28	13	30	

26	16	17	21	21	27	20	17	25	12	

29	15	23	19	24	20	26	15	11	15	

10	24	19	11	17	23	16	18	30	26	

19	29	16	22	30	27	25	11	19	26	

18	17	13	15	12	20	27	12	19	16	

14	21	22	15	30	28	16	14	20	12	

11	30	29	18	10	22	20	14	15	14	

12	27	11	21	23	19	25	26	14	25	

22	15	20	11	17	26	16	29	25	14	

30	24	12	26	23	25	10	26	12	14	

26	20	25	27	25	21	14	18	25	12	

17	20	12	26	13	10	18	22	14	18	

22	17	15	26	17	12	12	25	30	21	

24	18	30	30	14	30	22	23	18	21	

23	12	11	18	27	22	26	11	28	23	

12	26	23	13	20	11	11	28	24	24	

24	14	27	12	20	14	19	13	21	21	

14	25	24	23	12	30	28	18	18	13	

10	24	14	21	19	19	30	20	18	21	

28	21	16	28	28	22	24	15	23	16	

10	24	25	15	13	25	28	21	21	16	

20	14	23	10	18	28	20	23	27	25	

26	17	24	23	16	16	16	14	23	25	

28	29	13	18	16	16	28	22	25	26	

30	10	29	12	17	16	16	25	20	17	

29	19	19	25	14	21	30	10	28	13	

19	13	15	23	21	29	15	24	19	19	

25	25	16	29	27	26	15	25	25	30	

27	30	24	29	12	23	30	14	22	15	

19	17	18	17	16	28	20	19	18	24	

12	26	10	16	17	14	16	30	21	28	

16	13	23	30	12	12	25	16	20	17	

27	16	20	19	18	18	12	16	22	28	

23	14	16	11	20	25	17	25	21	27	

12	23	20	22	12	18	30	20	17	19	

15	10	19	28	18	19	21	20	25	27	

30	13	23	25	22	29	25	10	12	29	

19	28	21	29	30	17	26	27	13	19	

22	14	29	25	18	16	25	29	10	26	

20	29	14	15	24	25	25	24	15	11	

19	25	27	20	15	28	30	27	19	11	

25	16	27	18	27	14	24	25	29	15	

26	21	17	13	18	11	28	18	20	11	

10	10	12	12	27	18	17	29	21	20	

23	30	27	22	22	30	13	23	17	10	

26	12	13	23	21	29	24	28	13	20	

19	15	11	18	25	29	20	27	18	22	

17	23	30	30	17	19	27	15	17	24	

20	11	13	12	18	10	19	13	23	28	

21	12	18	21	13	16	13	22	21	17	

29	25	14	16	25	14	19	28	26	14	

30	25	16	19	14	19	24	26	22	16	

16	13	10	14	24	16	10	16	27	14	

27	29	30	29	23	13	19	12	11	30	

22	24	25	19	22	30	25	29	13	23	

18	11	15	17	25	12	27	18	29	16	

10	24	11	17	19	28	20	30	14	16	

18	23	14	22	20	29	27	25	25	21	

21	16	20	22	12	20	23	28	19	28	

26	18	15	22	24	10	28	12	12	12	

11	15	20	17	16	22	13	17	26	23	

18	22	30	16	29	20	21	14	18	20	

30	27	29	22	25	15	10	11	26	26	

30	24	24	10	30	16	14	29	16	30	

15	16	12	19	23	18	22	23	18	17	

23	17	10	28	25	11	27	17	28	16	

20	20	27	30	26	18	12	29	29	15	

27	15	12	15	11	18	25	28	28	11	

13	25	15	26	29	30	13	27	25	26	

10	27	11	30	16	30	14	13	10	15	

13	27	18	10	12	27	19	27	13	28	

17	14	22	29	19	30	15	21	16	10	

17	29	26	12	23	24	15	10	21	10	

16	23	14	21	10	13	12	29	20	15	

13	14	27	17	17	18	13	23	24	21	

14	26	24	22	21	25	24	20	14	20	

30	18	23	18	15	20	21	30	19	23	

19	16	13	24	22	12	18	24	28	17	

21	19	22	20	12	12	11	30	27	25	

17	14	20	29	16	24	23	29	27	15	

23	17	11	29	13	19	19	18	16	26	

10	24	27	11	12	25	25	18	12	23	

23	13	21	16	12	26	24	14	17	29	

13	29	13	20	18	13	25	18	23	27	

18	29	29	21	24	18	26	21	26	30	

20	29	19	19	27	14	22	19	27	28	

24	15	24	20	10	19	27	18	23	15	

12	21	23	30	15	24	10	23	15	12	

18	27	28	14	14	11	15	17	24	30	

19	19	26	14	13	16	15	29	13	10	

13	19	20	20	17	23	23	10	16	26	

28	25	25	10	21	13	29	12	14	20	

28	19	25	15	21	26	29	15	20	15	

28	30	12	10	15	15	16	23	17	17	

14	22	21	16	24	23	30	12	10	12	

15	25	20	14	27	20	25	30	29	21	

27	10	12	11	18	26	20	24	26	13	

14	28	12	26	18	22	14	15	23	25	

26	10	27	14	30	19	14	13	14	20	

29	27	22	10	17	19	12	13	17	20	

28	12	14	21	20	14	15	27	24	18	

24	27	17	26	21	23	23	19	19	27	

27	20	12	20	16	24	24	23	19	26	

14	13	17	30	20	12	14	16	30	16	

22	19	27	18	17	30	29	26	16	20	

11	25	28	10	21	10	28	14	29	22	

25	20	23	19	17	17	15	16	17	30	

11	29	18	23	16	27	29	23	23	12	

15	27	13	12	23	18	21	15	12	24	

15	25	20	21	26	11	16	30	19	29	

14	14	10	27	30	14	27	24	20	28	

11	22	24	27	10	11	23	28	18	18	

27	23	24	26	16	28	13	26	26	25	

30	10	27	22	24	10	25	16	21	22	

24	11	18	23	18	11	30	22	14	16	

14	26	24	22	10	11	29	22	11	22	

23	13	29	18	17	28	24	20	17	17	

30	15	30	27	19	18	17	15	28	29	

29	13	20	16	20	10	21	15	18	14	

18	24	14	28	12	22	19	28	23	18	

28	27	17	25	23	12	21	22	20	24	

24	21	17	23	15	17	14	27	17	18	

13	30	21	18	27	15	29	21	14	24	

28	12	25	23	17	20	11	13	24	16	

19	29	10	12	30	17	30	29	11	15	

26	30	26	28	22	26	29	20	29	19	

15	24	15	19	21	30	14	25	13	25	

15	13	30	15	15	23	17	21	17	10	

12	19	17	21	22	25	21	19	20	21	

13	26	19	18	11	22	17	28	10	14	

27	16	26	16	24	11	22	20	10	12	

11	12	21	14	12	21	11	28	30	16	

20	12	23	16	24	24	26	23	22	25	

18	28	26	15	29	22	28	24	13	17	

29	25	24	14	29	21	15	20	10	15	

15	16	18	20	19	22	14	27	21	28	

29	10	18	22	19	13	28	29	27	30	

25	11	23	15	11	20	23	18	25	16	

26	26	11	30	29	26	15	25	22	17	

11	27	14	13	18	29	19	23	30	18	

17	12	26	16	22	17	29	29	29	19	

13	19	26	27	13	28	15	11	22	15	

11	14	24	10	27	27	17	14	11	10	

11	22	18	10	19	20	29	24	16	24	

12	26	17	17	10	13	14	21	10	19	

11	22	21	21	10	21	13	19	26	14	

27	14	27	21	12	29	16	22	15	23	

17	16	12	19	30	24	16	14	13	23	

12	21	15	22	18	19	14	21	16	15	

24	15	12	19	18	22	28	22	27	10	

22	13	20	21	17	27	26	28	18	28	

27	11	18	15	28	21	16	10	28	14	

13	16	25	13	14	25	21	30	25	15	

28	11	26	19	27	25	29	13	21	22	

23	13	22	14	22	15	10	19	26	29	

26	14	12	14	27	18	29	11	10	11	

22	22	22	18	30	13	26	14	13	20	

26	27	30	23	26	14	26	21	19	24	

22	21	25	23	23	15	27	17	13	14	

28	22	29	26	20	20	22	21	17	27	

20	21	13	23	22	28	15	10	15	15	

12	23	13	21	18	22	15	17	29	12	

11	16	21	23	13	16	20	13	10	14	

16	21	22	23	13	16	20	17	23	13	

21	24	13	28	21	24	19	28	23	12	

21	10	11	19	30	30	29	18	28	19	

17	28	25	16	26	10	28	19	14	23	

18	10	10	26	19	13	20	15	13	30	

24	30	26	15	18	22	15	23	12	26	

27	16	25	13	18	27	16	20	19	18	

12	21	22	26	16	26	24	10	14	10	

20	20	18	20	14	30	27	17	27	19	

15	24	17	17	21	23	26	13	28	22	

19	27	26	26	25	26	17	11	16	13	

25	27	10	24	15	24	13	11	26	29	

14	30	17	20	29	13	29	17	19	23	

13	26	21	12	14	18	16	29	18	17	

26	16	21	18	13	27	13	26	18	27	

17	19	20	17	11	15	24	15	21	10	

11	27	27	27	29	18	22	21	17	26	

19	18	16	15	26	17	10	28	22	22	

25	12	26	17	29	13	29	28	16	21	

22	14	25	21	11	26	20	12	15	24	

29	25	23	26	19	21	11	18	18	11	

30	22	27	18	24	29	11	24	22	22	

24	25	14	15	21	10	19	30	25	18	

14	14	22	14	16	23	23	23	22	16	

30	16	17	16	29	20	14	23	28	11	

14	24	30	26	17	26	17	28	19	26	

23	13	29	17	16	29	18	13	25	16	

12	23	16	27	14	21	28	11	23	25	

23	15	26	25	13	14	14	15	26	27	

19	20	21	16	14	16	30	17	23	26	

21	12	30	28	19	30	14	25	22	26	

28	16	20	26	14	25	17	24	26	30	

12	27	18	23	10	18	22	30	21	21	

24	22	16	29	23	24	30	28	11	15	

20	12	25	20	11	12	29	19	16	29	

28	14	15	17	17	14	16	20	11	18	

28	19	27	13	22	16	11	23	28	17	

22	14	13	12	10	22	22	27	23	18	

16	23	12	27	21	29	14	22	15	27	

19	22	20	26	14	27	25	26	18	13	

22	25	22	17	25	15	27	15	14	15	

24	16	23	21	20	18	16	25	26	23	

23	16	27	27	13	16	18	25	10	22	

14	13	17	17	20	30	23	24	12	29	

29	26	16	17	22	22	26	17	28	30	

29	16	19	21	28	18	10	24	29	20	

28	27	23	23	28	11	20	20	23	24	

29	15	20	19	13	13	27	15	18	28	

17	15	11	15	12	25	27	18	12	15	

12	11	20	22	15	30	21	24	30	27	

24	19	16	14	27	29	22	21	12	17	

29	12	30	12	13	13	25	16	11	27	

19	14	13	25	18	10	14	27	18	13	

26	28	27	25	26	12	19	12	27	19	

28	28	24	24	18	10	27	18	20	25	

23	12	20	24	24	15	21	21	17	23	

22	22	20	29	20	26	25	10	18	13	

11	17	11	22	21	13	26	26	17	15	

30	28	17	25	20	26	20	14	18	16	

28	25	29	24	28	15	20	14	24	23	

14	22	13	18	16	20	21	28	17	24	

15	10	29	13	11	28	26	21	16	15	

28	28	29	28	12	22	13	14	28	23	

23	26	15	15	14	24	12	19	21	17	

23	22	19	15	15	15	18	13	23	27	

18	19	14	23	14	19	11	20	29	12	

11	16	21	20	18	12	18	29	27	30	

19	18	28	12	10	12	19	13	10	13	

30	26	17	24	29	29	20	10	26	29	

15	19	14	12	12	18	30	11	12	22	

16	26	13	11	11	27	23	10	14	12	

30	16	26	27	10	30	24	24	16	13	

29	15	23	17	16	13	15	12	23	16	

30	25	16	30	25	15	13	11	15	21	

22	16	16	19	28	24	27	15	20	24	

25	23	23	16	10	18	15	10	14	16	

18	19	25	29	29	28	21	26	16	14	

17	12	19	26	12	15	24	10	30	25	

29	27	16	15	16	19	14	15	17	26	

30	22	15	23	22	17	13	26	10	22	

23	18	23	26	19	26	17	26	13	21	

30	19	30	25	19	26	10	14	15	10	

24	11	19	27	14	11	26	23	13	21	

13	30	18	13	19	25	20	16	19	11	

26	16	20	24	29	11	14	23	23	11	

21	14	12	23	24	22	12	20	27	13	

17	19	16	10	10	10	24	30	29	20	

30	12	21	18	30	24	20	17	12	18	

27	15	14	20	26	25	10	20	12	24	

12	24	15	25	22	26	25	18	15	14	

19	10	18	15	12	24	21	29	16	20	

19	25	22	19	24	30	19	26	21	11	

25	28	25	30	17	24	12	30	17	11	

16	28	13	22	18	24	19	22	27	11	

17	22	14	11	20	19	22	21	13	15	

10	30	14	20	27	23	29	20	16	17	

27	26	29	27	30	27	12	19	20	24	

17	17	24	13	12	21	17	27	14	27	

27	11	22	25	14	24	16	29	12	20	

15	26	17	11	15	21	12	28	12	15	

22	10	22	27	20	12	23	16	27	27	

18	21	29	11	20	19	18	23	15	14	

23	29	19	27	28	20	29	16	22	13	

17	26	22	22	27	26	28	26	20	23	

20	20	20	10	24	30	29	25	22	28	

12	22	21	30	20	22	24	14	27	20	

24	16	21	21	26	13	16	14	21	29	

24	23	16	19	22	17	13	28	20	19	

30	10	12	25	30	21	13	16	12	20	

23	19	13	17	27	21	22	24	30	10	

26	30	16	26	26	29	17	11	11	21	

29	15	27	18	27	17	13	13	15	19	

28	25	21	23	23	17	22	27	17	25	

30	13	23	12	29	28	11	23	24	28	

25	25	12	10	14	30	10	30	24	18	

28	29	27	29	19	11	29	16	17	26	

15	25	18	29	14	16	29	10	29	30	

24	26	25	14	23	19	21	21	28	27	

20	20	29	13	21	19	12	17	19	12	

19	11	13	16	20	16	17	12	21	22	

26	15	28	21	22	26	27	28	21	29	

25	10	13	13	18	30	25	30	21	13	

27	16	17	12	20	25	13	30	12	28	

13	17	29	17	21	23	14	19	17	22	

21	25	23	14	27	27	11	10	26	13	

26	24	23	11	22	12	10	18	10	16	

21	29	29	30	12	23	17	29	11	19	

21	17	23	21	14	20	28	11	20	26	

28	28	23	21	25	27	17	10	11	18	

20	22	26	22	10	29	11	10	10	13	

25	13	24	16	15	23	28	17	11	15	

27	22	11	11	27	25	20	24	12	30	

20	28	13	16	19	17	15	15	18	29	

28	19	25	10	27	17	23	27	24	18	

18	20	23	17	10	11	28	24	16	18	

21	30	18	27	12	15	13	17	22	12	

27	23	14	21	21	15	17	11	19	29	

11	13	10	12	11	28	23	29	16	22	

15	12	24	13	22	17	15	22	13	19	

27	15	13	13	19	15	29	26	21	27	

24	17	25	24	10	16	25	10	10	10	

22	15	26	10	21	18	20	29	15	26	

22	26	17	14	10	13	26	15	21	18	

30	14	24	23	27	26	28	14	23	11	

21	12	27	16	23	21	21	27	15	13	

10	21	15	24	15	29	13	30	17	22	

14	20	12	23	15	16	16	12	16	24	

13	30	25	15	25	30	10	14	25	13	

21	15	15	21	26	16	23	26	24	12	

20	26	10	25	14	24	25	20	24	22	

21	14	20	21	30	20	14	16	26	21	

27	21	21	15	22	14	29	17	28	24	

28	25	26	18	13	28	11	23	21	13	

10	21	15	22	16	15	26	17	12	12	

20	13	26	18	26	10	10	22	30	30	

19	15	25	15	13	27	27	30	22	14	

22	21	19	27	26	11	19	29	13	26	

27	22	29	15	24	12	25	15	19	15	

20	11	13	13	19	15	15	29	26	19	

13	19	28	22	30	11	22	13	30	20	

12	28	14	22	19	22	18	27	15	18	

21	12	15	21	21	30	16	15	14	18	

10	18	25	30	29	26	12	29	14	23	

14	16	18	25	27	27	19	22	14	24	

20	21	18	16	23	19	27	20	12	25	

23	28	17	11	24	19	14	17	14	19	

16	22	23	20	11	25	11	15	17	19	

20	29	22	10	23	28	28	16	23	14	

27	22	27	28	17	14	29	30	26	23	

26	20	27	25	11	13	15	23	28	25	

22	24	19	27	12	28	25	23	18	21	

21	27	30	24	13	15	27	13	12	16	

30	27	14	11	17	18	18	23	17	11	

26	27	18	26	30	23	22	14	27	24	

10	30	19	19	11	20	29	24	15	30	

26	10	28	10	13	20	22	29	11	24	

21	27	14	24	21	13	22	19	11	18	

21	16	22	16	18	20	30	12	22	22	

12	30	22	19	26	30	21	11	29	22	

23	16	15	29	25	19	11	21	14	18	

26	16	12	30	15	20	12	27	21	19	

29	21	21	18	26	20	17	30	21	17	

18	30	10	17	11	16	25	26	25	30	

19	24	24	24	30	25	16	22	11	21	

28	13	11	27	30	12	10	30	15	15	

14	12	14	12	29	27	10	24	10	13	

19	16	14	15	11	16	22	29	26	10	

20	28	24	10	27	15	17	12	30	14	

17	30	27	28	20	11	12	17	28	29	

17	25	13	21	21	14	17	13	30	15	

14	25	10	17	12	23	18	24	26	15	

28	29	15	25	28	15	29	26	22	25	

27	27	28	13	16	14	22	29	23	16	

16	27	24	19	15	12	27	23	30	29	

27	29	11	13	27	20	20	24	23	27	

19	16	20	12	24	18	20	24	19	16	

25	18	18	26	27	30	16	24	13	16	

14	17	30	22	18	10	25	18	24	19	

12	24	27	25	28	17	16	29	30	23	

21	17	24	21	24	18	20	11	27	13	

16	14	25	22	16	12	26	21	24	11	

23	19	16	10	30	27	18	19	18	29	

11	20	30	14	28	16	27	14	23	21	

16	20	14	13	30	29	17	28	20	26	

27	30	29	19	11	23	22	10	20	16	

20	13	19	21	19	13	20	30	16	18	

29	26	16	17	12	27	13	15	18	23	

11	19	30	17	26	22	30	24	10	24	

24	22	22	25	17	24	21	20	26	25	

23	18	29	13	16	18	14	24	17	11	

18	13	24	22	27	24	17	29	25	18	

14	28	30	23	22	21	21	29	13	15	

10	21	11	13	13	10	24	27	30	24	

26	28	13	25	22	26	29	14	12	26	

12	15	30	10	18	24	12	16	22	15	

21	11	26	22	15	27	29	30	21	19	

14	14	26	19	19	19	26	15	21	19	

27	25	26	30	30	20	28	10	26	11	

26	18	11	26	23	23	12	30	22	29	

27	28	30	16	30	18	24	16	13	22	

25	10	21	17	30	25	29	30	21	26	

18	27	26	26	17	18	27	25	30	18	

19	29	14	22	30	18	15	25	18	13	

17	22	14	10	14	26	18	15	16	14	

23	29	12	24	12	21	16	28	10	23	

11	10	29	30	17	11	22	14	27	26	

21	18	12	23	18	17	27	21	21	27	

20	11	28	12	14	12	21	11	18	26	

10	30	29	13	13	11	29	25	22	21	

28	24	16	20	29	11	17	28	10	24	

10	15	27	24	10	15	25	11	21	26	

27	17	20	19	30	30	16	27	23	17	

30	29	30	15	10	30	10	11	22	28	

22	17	22	18	14	26	17	27	24	12	

16	17	26	21	20	12	27	10	16	14	

10	23	14	15	18	25	27	17	30	30	

15	19	19	25	15	27	25	14	20	12	

16	18	24	14	16	23	29	17	27	13	

11	18	28	30	23	12	14	21	17	28	

17	17	24	25	23	29	28	12	18	25	

23	24	10	18	22	28	24	30	11	23	

27	10	28	29	14	10	18	19	21	21	

24	11	11	18	14	11	18	12	23	10	

13	12	18	27	14	29	17	15	17	14	

30	20	27	29	13	19	12	21	21	30	

17	30	19	26	30	16	15	12	26	15	

30	12	24	13	10	13	21	16	18	21	

13	17	24	12	17	11	23	12	30	18	

27	11	28	26	14	17	10	10	20	16	

16	25	30	14	22	23	11	24	25	27	

26	27	27	10	30	22	17	19	29	25	

24	21	29	25	12	19	17	19	12	22	

28	30	20	10	24	23	15	13	16	29	

23	17	12	25	25	20	13	20	29	30	

16	17	20	14	27	11	19	21	16	18	

19	17	12	23	30	13	30	17	18	11	

12	10	15	21	20	23	13	27	14	23	

25	19	13	26	11	19	26	27	16	14	

12	27	11	29	14	11	24	20	26	22	

22	22	14	16	30	24	26	14	26	16	

11	30	11	12	11	19	26	21	20	29	

27	25	25	21	30	21	16	13	25	11	

11	20	29	14	16	20	25	23	22	25	

22	30	15	24	16	24	20	30	29	25	

15	23	21	20	16	21	17	18	16	30	

14	18	16	22	27	26	12	30	28	25	

27	28	17	18	21	21	27	17	17	20	

24	28	27	29	18	26	13	13	16	16	

10	19	19	24	24	10	15	30	29	19	

24	11	22	12	27	10	18	26	15	25	

20	12	13	14	29	26	19	26	23	23	

21	27	26	26	29	11	18	24	28	12	

20	20	23	18	23	11	13	28	10	27	

11	27	23	12	30	30	26	13	10	19	

27	19	18	21	21	16	17	11	29	25	

10	25	13	19	15	17	13	13	28	11	

26	26	21	12	12	23	23	11	24	29	

18	25	20	13	11	17	28	20	19	13	

18	11	17	10	23	15	28	10	22	28	

17	30	27	17	23	13	26	13	29	30	

13	19	11	14	20	18	26	28	30	20	

23	14	15	16	10	18	18	17	28	25	

11	13	24	21	16	30	22	23	13	10	

27	28	23	22	27	29	26	22	21	19	

16	29	21	19	12	12	12	19	11	23	

17	14	16	12	20	27	10	30	23	12	

11	23	16	16	16	18	27	13	29	29	

19	13	26	12	21	10	12	13	27	29	

13	22	24	29	22	29	13	13	16	17	

21	18	23	10	24	14	18	29	20	10	

14	29	22	19	14	28	20	20	16	16	

21	20	15	16	21	28	17	28	13	20	

26	21	12	14	18	30	18	27	24	15	

12	15	30	30	16	22	18	25	24	24	

20	26	11	11	29	17	26	22	19	12	

14	27	21	17	16	27	12	17	29	23	

29	10	26	18	25	26	27	11	10	29	

30	27	18	29	27	11	12	30	24	23	

12	15	12	14	24	20	16	18	30	12	

30	10	23	12	15	11	19	12	20	16	

28	28	26	25	11	18	30	15	26	28	

18	16	27	28	16	29	23	27	24	28	

25	16	18	28	26	30	10	22	17	18	

27	11	28	25	22	18	27	19	24	22	

23	12	20	11	12	23	29	28	17	12	

18	30	14	21	23	17	16	17	22	12	

13	12	12	20	18	28	25	19	28	21	

19	12	22	16	14	10	29	27	14	14	

18	14	21	23	11	12	15	25	18	23	

25	10	19	15	12	25	30	29	22	13	

12	13	21	14	25	29	28	25	27	12	

17	27	20	28	11	11	16	29	14	12	

22	11	27	11	23	29	23	24	16	23	

23	28	27	18	16	18	11	29	16	28	

10	13	17	18	22	24	15	15	29	25	

30	17	21	15	10	29	30	29	19	21	

22	22	18	14	29	11	26	30	12	16	

29	23	30	16	18	28	14	27	18	13	

19	17	17	26	19	10	13	17	16	29	

27	11	26	11	21	26	10	10	30	18	

27	10	10	12	21	18	24	19	27	23	

17	23	21	12	22	18	29	11	13	25	

22	27	14	28	15	13	16	24	11	15	

27	19	21	16	20	21	12	18	18	23	

20	19	15	22	19	25	25	17	27	20	

29	20	11	25	17	10	25	12	23	16	

22	12	28	14	17	16	23	21	11	17	

20	23	18	17	16	25	10	28	27	28	

18	10	23	11	21	14	30	15	26	22	

30	22	15	21	30	15	19	29	28	13	

25	12	16	26	28	11	20	22	26	28	

30	11	29	17	24	16	14	14	28	30	

15	20	27	28	24	11	25	19	17	22	

29	23	13	18	11	22	24	22	17	25	

13	21	16	23	19	13	24	13	23	24	

14	19	12	19	28	19	17	24	22	18	

12	30	18	19	19	17	16	20	18	10	

23	15	25	15	15	25	16	20	11	20	

30	18	17	11	27	14	10	18	10	24	

23	23	16	18	17	10	26	16	27	13	

30	27	16	16	29	10	19	21	28	25	

16	15	19	16	24	29	12	28	18	13	

23	23	13	12	14	29	17	11	16	26	

27	25	23	21	28	25	23	21	26	20	

18	10	14	14	22	30	20	25	12	20	

28	21	23	15	26	26	15	28	23	20	

21	14	27	20	16	20	24	30	11	30	

23	11	24	15	15	18	21	27	24	27	

22	26	21	28	22	24	21	27	18	16	

11	20	12	20	26	23	17	15	24	22	

25	10	16	28	12	18	25	29	16	19	

28	30	10	15	13	28	19	11	24	25	

25	20	28	19	27	22	10	16	24	19	

21	11	24	24	13	30	13	24	10	24	

23	11	13	16	10	18	18	20	20	21	

15	16	23	30	22	13	22	21	19	28	

21	20	17	28	10	20	11	19	22	26	

24	27	18	16	12	11	15	18	28	29	

13	27	15	19	26	12	13	12	15	26	

30	22	15	29	24	12	21	10	11	20	

16	19	20	17	12	28	21	19	25	18	

29	20	12	30	29	17	24	24	30	17	

22	17	14	21	28	12	30	18	15	24	

24	19	11	30	28	13	29	24	22	16	

16	26	22	27	29	12	23	23	24	11	

13	15	26	15	17	16	10	22	30	25	

25	13	16	28	10	12	25	22	24	11	

22	15	14	13	27	29	11	22	24	22	

23	23	11	27	23	30	29	23	15	17	

26	12	30	28	11	12	21	28	29	29	

14	15	16	28	11	19	20	12	14	25	

24	26	24	29	17	20	18	23	29	15	

16	27	27	23	18	18	27	28	28	23	

12	14	13	21	13	24	17	28	20	10	

15	12	18	18	30	29	28	25	12	17	

27	28	12	11	16	24	13	27	28	21	

21	21	26	26	21	20	22	16	13	22	

18	14	19	29	26	13	24	20	13	30	

16	15	12	15	22	14	10	22	12	19	

20	26	24	11	21	19	30	25	28	15	

22	19	17	15	12	30	25	13	27	20	

26	19	13	12	13	29	19	26	21	30	

14	23	21	22	16	29	16	13	29	27	

23	26	17	15	29	27	17	25	17	23	

12	19	19	19	18	27	17	23	11	10	

14	25	26	18	14	23	30	20	16	23	

23	29	16	17	10	15	26	23	11	20	

25	30	12	19	19	30	30	26	27	23	

28	17	18	12	12	24	10	22	11	11	

22	30	23	30	25	15	14	17	20	24	

11	27	18	27	25	23	17	22	11	30	

10	10	27	22	14	22	27	20	20	20	

11	10	24	10	23	24	13	29	23	19	

19	10	28	17	17	14	19	15	24	23	

15	15	15	16	13	18	26	25	22	26	

15	13	21	17	11	24	11	11	13	18	

14	19	23	13	25	10	13	30	19	30	

24	16	26	22	22	13	16	24	22	29	

30	30	10	13	30	12	23	24	13	19	

29	13	11	30	12	16	14	10	20	11	

29	18	16	28	27	25	22	24	26	26	

25	22	25	27	30	29	29	15	11	19	

16	17	27	14	17	17	25	15	29	28	

12	26	29	20	21	21	30	29	14	25	

24	24	21	18	23	11	27	20	30	24	

10	28	12	16	23	11	10	12	27	16	

12	13	14	11	29	13	16	28	23	28	

28	30	11	20	17	23	18	28	26	19	

13	16	29	15	19	11	10	17	26	19	

21	21	29	24	18	24	28	19	17	18	

13	18	20	14	17	27	18	28	14	12	

21	12	26	16	26	13	26	14	25	24	

15	27	16	20	27	19	22	27	29	11	

15	24	23	16	29	10	12	15	20	28	

18	21	13	21	18	14	25	26	11	29	

25	13	12	28	19	30	10	29	24	16	

22	23	30	17	23	15	19	11	16	13	

15	11	28	15	11	13	13	13	16	13	

26	13	14	29	16	24	15	24	15	15	

20	12	23	28	25	21	19	18	18	25	

11	28	18	27	23	25	29	14	21	25	

10	28	13	14	29	19	16	14	30	22	

30	11	15	24	11	16	18	12	20	17	

14	15	29	27	16	25	20	28	29	14	

28	20	23	14	30	14	17	16	22	19	

29	12	30	11	21	24	12	27	11	29	

30	11	24	18	26	16	28	14	18	28	

24	18	30	14	24	24	18	19	26	18	

28	12	17	24	17	26	11	11	29	26	

22	19	24	20	15	17	22	15	24	20	

22	27	14	29	10	28	17	29	29	28	

11	13	10	20	11	12	30	10	11	20	

10	18	22	26	10	28	26	12	23	22	

23	18	17	27	15	27	14	12	16	24	

24	21	27	29	11	13	22	26	21	12	

29	22	25	13	30	29	13	24	23	13	

22	21	18	26	11	24	25	29	28	22	

23	18	17	21	15	29	21	30	25	17	

16	23	22	21	29	26	14	29	14	13	

21	20	15	19	11	19	12	18	12	30	

20	16	29	23	18	11	30	28	30	21	

12	18	18	22	11	20	16	18	23	11	

19	30	12	28	11	14	26	27	22	14	

12	22	23	10	20	15	30	16	12	14	

29	13	21	14	19	25	21	24	16	27	

13	12	20	14	21	28	30	22	26	28	

27	26	23	29	26	16	20	28	16	10	

13	26	16	27	11	29	13	11	12	23	

30	23	29	29	11	18	15	26	22	27	

12	14	21	12	26	14	20	27	23	14	

12	11	24	21	13	23	22	15	30	20	

23	11	21	11	13	17	12	30	20	27	

15	15	30	16	22	22	10	22	28	21	

26	30	14	21	10	29	17	20	15	29	

25	13	16	26	10	26	23	23	14	10	

18	29	12	29	13	13	13	19	21	12	

15	17	12	16	24	22	24	22	10	29	

15	18	30	13	24	18	17	13	14	16	

10	15	17	11	13	13	20	15	25	20	

15	22	26	21	24	13	25	15	16	24	

30	13	22	19	27	11	29	10	27	22	

23	28	27	20	16	16	12	25	12	10	

14	13	20	28	23	25	16	21	18	16	

24	28	27	13	13	30	29	30	13	22	

13	21	23	19	21	30	15	23	22	29	

18	24	13	22	29	17	28	23	23	13	

12	10	11	26	19	16	24	25	11	17	

22	25	11	15	20	24	25	19	15	26	

11	16	21	23	15	22	23	26	12	12	

30	18	18	10	17	23	26	18	11	30	

23	18	25	18	17	20	22	15	30	23	

28	24	18	11	20	19	27	13	21	14	

25	26	10	24	30	20	23	18	21	10	

26	23	24	28	11	14	12	12	26	28	

12	29	26	29	14	12	19	30	28	16	

25	18	30	26	18	13	16	26	30	16	

28	17	28	24	30	24	24	14	28	15	

21	12	20	14	12	10	11	29	25	14	

20	25	21	20	13	13	30	13	28	15	

24	16	28	15	23	11	11	10	11	18	

19	16	20	11	28	17	26	11	14	19	

18	25	20	24	30	20	17	28	23	28	

26	21	12	24	27	18	19	21	27	23	

20	29	25	23	22	24	19	28	28	15	

13	14	22	14	23	19	23	11	22	17	

25	30	25	19	13	30	17	12	17	14	

20	22	25	13	11	15	28	14	19	12	

17	20	19	16	23	24	14	11	30	14	

24	17	14	17	28	21	12	30	18	15	

18	22	12	21	19	25	24	24	27	26	

22	29	27	30	25	11	21	12	10	23	

24	19	15	11	24	11	11	26	16	27	

19	23	22	29	22	24	18	22	22	14	

23	18	28	26	17	30	17	13	22	25	

29	17	22	25	29	18	27	25	13	11	

16	13	21	15	15	29	14	13	28	14	

21	22	26	24	19	29	24	24	14	21	

25	30	14	25	12	26	29	11	20	16	

11	19	22	12	17	24	16	29	30	30	

20	16	12	17	17	23	27	30	14	23	

10	19	20	20	15	11	20	25	25	15	

30	13	15	14	15	17	11	16	10	21	

15	26	20	28	19	14	16	14	29	22	

14	12	12	13	30	15	16	12	18	25	

13	26	18	21	19	11	29	16	15	17	

20	12	23	12	12	11	27	23	18	18	

11	27	24	10	16	29	15	24	21	28	

10	15	25	13	27	19	19	23	22	20	

25	23	11	27	28	27	14	24	28	16	

20	23	23	16	10	16	27	30	16	17	

10	26	18	20	16	18	14	25	23	11	

28	11	28	16	13	18	14	27	11	10	

23	11	26	17	25	24	12	14	20	28	

28	29	24	24	13	30	20	27	15	26	

12	16	17	14	20	22	25	26	10	16	

10	14	10	30	13	26	11	18	21	15	

25	20	21	18	15	21	29	30	13	30	

18	22	16	18	29	10	11	17	29	25	

18	29	19	11	20	30	10	18	23	30	

13	20	13	11	12	21	12	11	24	24	

28	11	28	14	10	25	28	22	30	29	

20	17	20	15	24	30	17	20	27	26	

14	15	19	28	19	23	14	20	25	23	

16	26	18	10	13	16	14	21	23	27	

29	17	13	10	24	10	18	27	20	17	

26	15	16	13	21	20	19	18	14	25	

24	23	11	21	16	11	24	11	10	16	

13	18	21	16	21	23	30	25	16	30	

29	23	18	19	20	15	21	16	23	29	

13	23	10	24	29	23	24	22	13	18	

19	13	17	17	13	18	29	28	13	24	

21	25	17	12	15	11	19	22	30	23	

26	21	10	29	19	13	16	13	11	26	

20	18	13	26	28	23	22	11	30	24	

13	16	24	21	11	24	18	12	18	26	

20	13	24	15	13	11	21	14	30	29	

19	22	29	29	13	24	30	14	27	14	

30	26	22	15	22	23	13	11	24	25	

29	18	18	16	22	22	19	30	13	13	

19	23	22	27	18	13	25	17	27	16	

12	10	19	20	12	15	14	28	24	28	

28	22	22	27	12	10	13	15	18	17	

20	30	19	20	30	15	12	18	13	30	

22	27	26	29	16	29	11	18	21	17	

24	30	21	15	17	18	30	18	10	30	

16	13	13	21	21	13	25	20	29	16	

17	24	18	11	27	19	29	23	21	24	

26	30	25	16	11	22	23	30	30	25	

29	30	10	23	11	12	17	13	25	17	

20	24	15	29	24	18	19	24	22	13	

25	11	26	16	20	16	10	22	17	22	

17	26	15	13	27	14	22	25	25	27	

14	14	18	17	19	15	29	27	28	29	

19	26	18	13	21	11	20	25	12	11	

20	15	16	17	14	10	19	11	16	17	

30	19	26	24	16	18	27	15	23	16	

11	24	13	14	30	21	27	24	11	20	

12	29	28	12	14	16	18	23	12	26	

24	22	27	15	22	25	12	22	16	29	

16	19	20	14	22	19	23	14	29	18	

17	20	11	10	18	11	12	15	25	13	

25	16	26	17	10	15	28	15	19	27	

16	26	20	22	17	13	17	24	25	29	

28	18	28	17	24	29	10	22	20	21	

19	11	11	21	29	14	25	14	11	15	

22	17	24	20	10	21	22	27	11	22	

30	22	11	20	28	13	23	15	15	26	

20	12	17	14	15	20	18	13	19	20	

16	21	14	25	27	20	14	12	28	25	

16	25	19	22	20	17	23	19	14	17	

24	28	16	12	16	19	17	14	11	30	

12	14	12	22	19	10	30	10	12	19	

26	24	16	20	21	11	11	23	25	26	

30	13	22	16	21	30	19	24	12	29	

14	11	30	26	20	19	17	25	29	29	

28	15	23	27	30	18	29	23	26	11	

10	11	21	17	18	17	11	29	28	10	

13	12	27	19	24	19	10	22	30	15	

25	16	21	14	21	19	22	24	18	26	

25	27	23	28	13	27	21	20	10	19	

28	11	28	28	23	26	14	24	25	11	

18	23	26	10	22	16	10	23	28	11	

24	18	21	19	25	28	17	12	10	24	

15	11	22	17	24	28	19	18	16	30	

29	19	12	26	15	25	20	15	24	25	

19	14	22	10	30	12	29	25	14	12	

18	19	12	14	16	29	15	27	21	12	

20	20	26	11	21	26	16	28	19	12	

26	28	26	11	30	26	23	11	30	29	

28	19	23	26	15	11	10	10	14	23	

15	17	27	25	17	19	27	19	17	28	

24	28	23	15	28	26	26	19	15	22	

15	15	24	10	16	18	17	30	18	16	

29	24	11	22	16	11	30	15	21	15	

25	18	23	25	12	22	30	14	21	10	

17	30	29	12	16	29	10	19	11	11	

28	16	26	23	17	14	27	15	12	16	

19	29	26	20	27	20	28	20	23	26	

21	30	24	29	11	18	14	10	14	18	

24	17	25	29	18	27	16	15	16	30	

26	10	11	29	11	30	23	13	21	12	

26	13	12	17	14	19	14	21	28	24	

15	21	25	12	26	23	17	25	14	19	

21	25	29	18	24	30	13	24	20	21	

12	21	16	26	17	30	28	19	22	16	

15	20	12	24	28	23	23	10	21	18	

10	27	20	28	29	11	26	28	13	10	

24	15	23	22	21	11	13	10	19	26	

13	23	27	20	24	19	22	22	26	10	

14	12	24	17	25	22	22	25	12	27	

15	26	27	26	27	18	10	28	30	14	

21	12	30	13	19	24	17	13	30	15	

30	26	14	15	27	15	27	28	16	27	

20	28	28	12	19	23	11	16	22	14	

23	24	29	30	13	10	17	23	28	10	

23	26	27	24	25	21	22	18	12	12	

19	10	30	23	13	13	27	19	13	29	

15	11	23	12	12	21	23	21	19	15	

28	19	26	16	22	30	13	30	16	14	

21	22	22	18	23	21	27	15	28	21	

27	19	22	27	11	12	22	19	12	30	

17	25	17	13	27	27	16	17	28	10	

27	17	17	14	21	22	27	24	16	11	

23	30	28	15	17	19	12	12	19	23	

17	26	24	28	14	14	15	23	15	23	

10	15	17	17	10	28	30	20	13	10	

16	17	12	14	13	28	13	27	23	14	

25	26	25	17	10	28	26	24	15	27	

19	15	10	11	24	15	11	16	21	11	

15	17	10	28	27	28	15	12	29	22	

12	18	18	21	12	25	17	26	21	15	

24	14	29	16	10	14	23	17	24	29	

22	13	27	16	20	22	26	14	19	14	

13	18	15	25	21	11	21	18	16	22	

22	15	26	27	15	14	25	20	20	15	

18	24	28	19	13	11	26	24	15	15	

23	16	11	12	10	24	29	10	12	28	

26	22	18	17	12	25	21	24	17	25	

25	24	27	11	19	14	28	14	20	13	

18	20	23	15	30	12	29	16	14	11	

19	25	29	14	14	20	13	22	21	14	

21	11	19	22	20	26	10	14	17	13	

29	25	15	16	17	11	24	22	14	29	

16	12	23	30	29	26	28	23	12	18	

15	19	14	17	10	28	10	22	27	22	

11	19	27	15	30	18	24	29	10	24	

19	19	27	14	24	12	29	30	18	14	

25	25	20	26	18	28	30	19	19	16	

20	19	15	24	10	18	30	29	19	27	

19	23	19	16	30	16	10	28	18	29	

29	17	27	17	27	27	20	29	24	14	

13	16	30	21	28	10	15	20	19	11	

30	27	18	15	14	19	27	22	15	29	

24	24	15	17	27	27	23	11	20	18	

29	23	10	12	20	23	28	21	27	28	

21	25	21	11	24	12	18	14	10	28	

14	28	17	11	22	22	16	19	16	16	

17	17	25	30	10	23	28	10	26	28	

27	23	23	27	23	18	18	30	16	16	

23	13	27	27	19	27	12	11	12	20	

29	26	18	22	20	24	13	18	25	18	

23	12	16	13	26	20	15	20	13	21	

25	29	26	26	10	30	30	16	28	21	

28	15	24	16	21	16	29	20	24	13	

27	19	21	28	21	19	10	11	12	27	

12	13	21	22	10	12	30	29	14	18	

12	29	18	25	23	15	24	28	27	20	

19	13	19	13	16	21	12	18	20	14	

30	25	20	19	26	24	30	28	19	26	

13	22	29	19	24	27	11	11	17	11	

12	30	26	18	21	18	18	27	15	22	

30	14	10	15	11	15	21	11	14	25	

20	24	19	25	16	29	17	12	22	29	

19	26	23	24	26	10	24	17	21	24	

25	29	23	30	19	25	12	29	19	22	

12	27	25	26	27	29	30	18	14	27	

15	11	24	26	13	25	16	29	10	15	

18	14	30	13	28	29	21	15	29	17	

22	13	19	12	19	21	29	22	16	13	

11	12	23	15	29	27	14	26	23	20	

30	24	26	30	14	19	14	22	23	26	

28	21	29	24	23	27	20	16	23	22	

27	10	17	18	12	17	12	25	13	14	

21	21	29	23	28	13	30	22	23	15	

23	21	15	11	16	30	30	14	20	23	

17	13	14	19	21	21	13	23	23	15	

12	30	16	21	11	14	15	17	22	16	

27	30	29	30	17	14	14	20	19	12	

18	23	11	27	10	11	17	10	10	23	

30	16	21	12	25	20	17	21	10	15	

16	16	25	12	13	24	24	20	12	14	

14	29	16	14	11	13	26	23	11	10	

30	10	12	15	21	29	30	23	18	21	

22	20	25	12	14	24	16	27	11	29	

19	19	23	24	13	21	25	10	21	10	

13	18	20	13	23	14	29	20	14	14	

12	19	25	13	17	18	21	30	26	23	

14	25	19	27	20	13	11	21	14	27	

27	28	22	22	30	23	20	18	10	21	

13	18	30	22	20	24	14	12	25	27	

19	25	19	17	11	27	27	18	19	14	

21	11	12	23	18	29	24	25	22	19	

25	28	12	12	15	20	13	10	10	14	

22	10	27	15	21	30	20	17	16	25	

19	12	16	30	29	21	25	10	20	28	

21	23	11	11	23	20	19	22	21	25	

19	21	22	21	11	29	11	29	16	10	

23	10	24	12	12	14	14	27	12	10	

15	23	23	16	28	28	26	21	15	19	

23	17	26	16	24	19	18	27	23	21	

12	21	10	10	15	27	18	11	11	21	

27	14	20	22	26	16	20	25	14	22	

24	14	28	13	16	13	23	23	28	15	

26	25	13	11	11	18	22	16	19	20	

12	25	10	11	11	27	23	24	13	11	

18	14	10	22	10	11	28	12	11	15	

20	17	10	20	16	20	19	13	14	15	

12	28	23	27	29	28	27	14	13	29	

27	12	25	14	20	16	28	16	26	25	

13	23	26	23	28	16	20	19	25	26	

21	25	23	19	15	24	30	20	13	24	

13	28	18	27	13	25	13	16	20	20	

21	11	22	16	12	13	13	18	29	13	

25	26	22	10	19	12	14	27	30	23	

16	11	29	21	23	28	27	24	29	25	

29	21	15	21	13	23	24	18	21	18	

22	28	18	30	25	27	17	26	18	20	

25	25	15	12	14	26	14	21	11	21	

16	24	27	20	28	30	22	22	10	10	

19	19	28	22	25	21	14	14	17	28	

20	19	12	13	19	15	27	13	15	24	

22	21	18	28	18	17	26	25	17	30	

29	22	27	30	29	16	10	20	10	13	

24	12	11	10	14	17	26	24	25	19	

19	17	10	14	18	12	22	24	30	13	

24	11	22	19	11	13	26	29	14	26	

24	14	24	20	19	19	17	15	18	16	

19	14	26	27	23	17	13	10	21	16	

29	19	19	20	27	15	16	14	12	15	

25	12	27	14	26	18	21	22	28	11	

25	25	28	29	14	10	23	11	15	27	

23	10	28	12	22	24	28	29	10	16	

24	16	15	14	20	24	16	30	11	12	

16	30	29	15	22	25	28	14	22	13	

13	28	19	21	27	25	22	16	27	26	

22	24	15	27	10	25	30	30	26	25	

15	15	23	13	18	28	16	21	17	15	

23	17	30	17	27	22	26	30	15	19	

20	10	29	29	11	23	25	29	20	19	

28	23	21	20	10	18	17	27	22	24	

26	16	10	27	15	11	26	16	26	24	

24	18	30	26	20	19	19	12	11	28	

13	16	13	19	28	26	29	25	24	22	

22	24	28	28	19	27	29	10	24	15	

25	14	18	12	12	21	18	20	18	16	

16	26	10	14	12	27	22	28	24	10	

26	15	14	13	16	26	29	28	26	25	

13	10	10	15	17	14	24	19	19	28	

10	27	26	21	21	24	18	24	11	30	

21	18	24	12	30	10	15	17	22	12	

23	24	27	12	15	21	24	27	24	30	

17	20	24	29	17	12	13	22	17	29	

17	10	29	25	25	22	24	16	13	25	

18	13	23	18	14	15	29	25	17	19	

16	16	20	24	30	19	29	10	13	17	

21	14	15	22	16	11	23	22	15	21	

28	18	30	18	20	30	11	15	26	21	

17	24	30	27	30	23	11	30	23	19	

14	27	30	28	10	22	25	25	14	13	

27	15	26	25	20	21	21	21	21	29	

18	10	29	16	24	23	15	21	10	28	

25	16	10	29	30	24	14	21	25	23	

21	17	27	24	18	20	20	22	18	11	

27	22	15	16	25	18	11	25	19	15	

29	29	16	23	21	28	18	22	14	28	

17	28	26	30	30	21	29	28	27	13	

12	26	25	18	29	16	30	21	26	16	

25	19	13	24	13	26	23	13	16	14	

11	19	22	14	13	14	26	22	27	23	

13	11	18	14	21	28	18	15	21	26	

15	19	23	27	26	17	17	16	17	10	

30	15	11	18	19	27	17	26	26	28	

14	26	11	13	21	18	29	12	30	29	

13	11	19	14	27	14	28	24	21	15	

10	15	20	22	19	10	27	17	13	19	

24	26	14	23	21	24	25	25	16	21	

21	29	26	26	20	29	16	12	25	21	

19	11	29	22	18	20	18	11	11	28	

15	26	13	23	15	13	29	16	22	24	

24	24	24	23	14	28	22	12	23	20	

10	26	10	27	26	18	25	19	16	26	

20	11	29	28	23	25	26	12	27	28	

15	30	20	30	22	27	18	14	29	24	

13	13	20	26	20	23	23	25	21	27	

12	15	21	26	15	16	21	12	10	14	

14	19	24	26	20	17	26	14	15	11	

11	17	15	15	14	27	15	15	26	29	

26	20	26	23	20	16	24	19	29	20	

10	16	27	14	22	15	10	11	10	10	

24	14	22	12	28	12	14	12	17	17	

25	17	18	13	14	22	15	12	20	13	

29	12	28	15	20	13	17	12	23	29	

29	30	18	17	28	22	29	27	21	15	

29	28	16	18	16	24	29	12	28	19	

11	23	23	11	15	15	23	20	10	25	

15	16	28	23	17	25	26	10	25	13	

16	15	30	14	28	17	17	17	23	16	

14	25	12	30	20	11	11	24	12	17	

13	20	30	14	10	30	26	15	26	20	

10	18	16	11	17	26	11	11	22	20	

18	25	20	21	17	21	20	16	26	16	

14	23	27	18	12	28	30	21	30	30	

27	18	10	28	18	23	20	22	28	27	

16	22	21	30	20	26	21	29	18	27	

10	28	28	27	28	11	29	23	26	12	

11	14	16	25	17	10	17	17	15	13	

24	20	16	24	20	15	21	19	21	24	

19	21	16	19	12	27	20	25	27	14	

17	14	24	19	12	22	18	30	13	23	

13	25	14	15	23	27	11	19	12	21	

28	27	28	24	19	23	28	30	27	27	

10	16	22	30	17	20	19	23	16	11	

10	12	29	25	25	16	20	27	11	25	

22	17	29	11	14	11	13	27	21	29	

20	20	10	24	12	20	19	27	30	14	

23	11	13	18	14	29	30	10	29	29	

27	25	13	18	23	21	21	13	14	19	

21	20	20	26	10	29	27	19	23	25	

21	15	16	26	28	18	28	27	17	26	

19	29	15	13	10	12	18	28	14	25	

14	30	15	17	14	10	14	12	13	16	

19	18	22	21	18	11	29	11	16	16	

28	17	28	22	11	19	22	30	22	29	

24	13	12	10	11	21	25	18	10	27	

20	20	10	14	15	15	27	12	18	19	

14	20	28	23	26	12	20	13	12	23	

30	20	25	20	15	15	11	27	25	20	

18	25	24	21	11	22	28	23	21	17	

20	22	30	22	13	11	30	26	10	17	

15	27	12	18	12	16	11	29	13	27	

13	26	22	17	30	10	28	13	25	13	

13	27	23	18	22	13	19	23	17	23	

27	25	20	26	29	10	30	24	24	21	

13	11	13	23	10	23	14	17	10	13	

23	29	14	21	20	18	22	22	11	24	

22	19	27	25	16	10	28	30	14	20	

28	19	30	14	26	15	25	29	11	23	

11	15	16	19	28	28	13	19	11	20	

28	19	22	15	15	21	16	30	15	13	

26	30	11	11	20	21	21	18	20	14	

24	14	26	24	26	16	26	22	13	19	

21	15	15	26	15	23	29	21	22	22	

22	27	21	18	15	11	12	23	26	15	

12	14	10	26	14	17	25	29	14	21	

17	14	22	21	28	20	12	29	10	18	

24	18	26	26	29	28	13	30	29	20	

14	26	17	13	18	19	18	30	24	14	

24	24	16	27	12	18	11	26	14	11	

16	22	13	14	26	18	13	11	21	10	

26	20	16	21	22	17	19	23	26	12	

29	11	10	25	28	19	10	27	26	10	

23	26	13	19	15	26	30	24	30	16	

13	24	22	23	19	29	24	20	16	10	

30	13	16	23	12	11	19	23	11	27	

27	29	12	10	21	26	26	15	24	18	

25	18	21	15	17	27	16	18	19	16	

18	30	29	13	28	19	12	17	20	18	

11	26	30	19	25	30	12	12	18	10	

28	29	14	19	26	11	27	28	19	28	

28	16	30	13	16	11	16	24	29	18	

23	28	10	14	28	10	15	11	14	15	

17	11	12	19	11	13	19	17	20	18	

19	30	14	19	10	20	14	29	29	30	

26	12	29	22	16	11	23	10	24	13	

25	30	12	22	28	27	26	21	14	14	

23	13	21	24	22	13	18	21	23	29	

10	10	17	17	20	24	19	18	16	28	

21	24	27	18	14	16	23	10	11	26	

24	17	21	14	28	21	24	24	17	23	

12	10	10	23	24	14	11	16	21	23	

13	13	19	14	26	20	18	19	19	23	

26	17	30	13	28	17	18	15	22	29	

17	12	22	11	17	17	21	10	24	21	

21	30	25	16	19	18	11	12	20	10	

12	15	20	13	30	15	10	12	30	12	

15	24	11	24	17	10	17	20	11	27	

13	18	27	29	30	22	29	11	11	19	

23	30	11	23	23	13	15	21	21	10	

26	19	26	14	27	25	19	23	15	13	

17	27	22	22	23	19	28	11	28	13	

12	17	24	30	19	14	24	23	13	13	

10	25	27	21	24	14	24	19	30	11	

15	27	10	15	17	24	20	16	25	27	

27	18	22	30	13	15	20	30	11	12	

29	16	12	27	12	26	24	16	14	11	

28	18	18	11	17	28	30	13	23	24	

23	27	17	29	11	12	17	18	25	10	

23	24	30	18	20	20	12	18	22	10	

12	24	25	12	29	25	21	24	28	17	

14	25	16	12	19	11	21	19	12	20	

28	24	19	10	27	12	18	19	24	28	

23	10	23	13	27	26	19	12	27	25	

26	18	10	15	15	19	17	29	11	20	

23	16	28	29	18	15	23	21	28	11	

18	19	21	22	11	25	20	23	25	25	

21	15	27	19	24	15	30	28	10	12	

10	10	22	30	28	21	10	28	14	15	

19	14	28	18	28	25	18	29	17	14	

16	22	21	14	16	26	12	27	18	11	

12	19	30	20	12	25	24	11	10	13	

20	14	23	18	17	20	19	11	15	27	

18	26	28	25	21	12	30	20	13	18	

10	29	19	17	28	10	27	11	21	24	

17	27	23	22	18	20	17	13	20	20	

24	27	13	18	15	15	27	18	26	14	

18	14	26	26	15	18	22	16	27	12	

23	27	16	26	20	14	30	17	13	12	

19	16	10	26	30	18	19	22	12	22	

29	27	25	26	13	29	27	13	25	15	

28	10	22	25	27	19	30	18	22	15	

18	29	17	21	10	24	20	13	26	10	

21	20	13	17	18	14	30	15	11	26	

10	10	17	11	16	25	22	15	25	11	

15	21	30	28	30	12	11	21	24	19	

28	29	10	21	29	17	24	14	27	17	

28	12	22	25	29	23	20	21	30	23	

22	16	13	16	11	19	10	25	20	17	

21	24	28	20	27	14	12	25	10	14	

24	22	11	30	23	18	27	28	14	17	

15	22	23	17	12	18	28	14	17	24	

22	19	20	30	24	15	22	26	27	16	

27	15	16	13	20	25	10	18	20	29	

17	21	16	26	17	29	16	15	25	10	

14	19	30	13	24	12	23	21	16	19	

19	26	14	14	10	15	24	13	20	12	

29	26	19	19	15	19	30	14	30	28	

28	14	24	24	16	23	16	23	24	29	

28	29	27	22	12	27	21	24	18	19	

17	26	16	21	27	29	28	16	17	19	

19	14	27	30	14	22	29	10	13	18	

11	21	23	30	12	25	23	20	10	10	

26	23	26	19	12	10	12	11	15	29	

25	20	30	15	27	22	19	29	27	26	

29	19	24	21	25	11	10	21	19	18	

30	28	23	11	19	26	13	28	15	30	

29	24	22	24	14	28	15	23	11	18	

15	13	16	29	29	30	29	16	30	19	

10	27	24	22	25	18	24	16	20	30	

19	28	30	14	22	24	13	26	11	20	

11	24	12	12	11	24	23	25	18	24	

25	27	22	22	21	19	26	29	29	13	

30	21	11	24	19	21	21	28	19	28	

11	13	22	29	20	27	29	22	15	19	

18	15	17	29	11	14	19	17	16	17	

17	13	17	25	15	30	13	30	13	10	

21	12	15	29	15	30	18	12	28	22	

23	10	14	23	22	28	29	29	17	16]	

