n:1193	
m:6


W:[12023
11984
11906
11899
12090
11938]


b:[78
78
86
88
67
93
84
84
82
71
66
74
57
87
74
95
67
74
61
86
57
100
65
64
57
94
64
54
87
62
76
55
72
82
100
90
80
50
99
65
80
75
58
55
82
76
51
74
88
79
65
59
59
87
70
73
75
87
72
68
98
97
99
64
84
60
93
90
80
70
66
97
61
60
85
63
95
72
52
79
51
90
76
88
77
52
90
85
76
69
94
72
83
70
75
54
61
85
83
87
97
51
80
70
81
75
92
93
86
50
82
95
96
97
67
68
69
76
78
55
91
64
51
61
59
73
69
72
95
77
78
55
60
95
61
64
53
88
79
99
89
88
62
82
98
66
53
60
70
97
91
68
61
74
57
98
94
77
99
75
89
93
84
75
89
100
64
64
70
63
51
70
76
66
87
56
64
98
87
59
96
82
53
66
75
97
81
89
60
83
50
60
88
61
84
52
58
58
58
91
59
86
76
72
63
55
66
92
92
92
96
84
50
82
76
66
85
53
68
53
88
75
57
58
85
89
73
65
80
75
51
69
82
67
71
95
54
81
95
69
97
96
60
79
92
63
96
61
65
86
98
71
81
95
99
66
69
70
89
83
86
62
64
97
52
75
62
77
58
67
54
82
60
73
72
98
82
87
73
69
73
65
75
97
58
64
79
53
91
71
60
91
54
57
71
75
96
54
67
92
63
89
78
55
54
73
54
70
81
84
58
88
72
97
92
91
65
62
92
69
79
52
94
51
71
59
89
67
82
87
83
73
61
77
57
64
91
65
100
63
81
89
96
72
85
69
61
70
96
86
89
54
93
98
65
74
98
93
68
96
85
74
57
75
56
76
61
98
95
96
79
78
85
72
59
78
95
98
51
59
100
91
90
73
87
50
78
67
74
63
88
68
87
82
91
98
56
99
81
56
65
53
98
63
78
69
91
84
77
67
97
83
66
59
95
55
66
71
66
84
71
50
96
99
73
94
72
89
96
89
83
60
65
54
96
92
62
59
95
50
87
57
91
64
100
79
92
100
67
57
79
97
75
51
97
87
96
74
52
61
65
94
96
80
53
57
50
100
65
59
66
84
81
73
66
94
64
75
64
99
62
68
70
55
89
61
63
54
93
58
91
57
59
51
69
82
88
98
58
60
76
51
71
58
93
78
77
97
65
59
89
64
90
61
54
76
75
84
55
81
64
80
51
76
72
68
100
88
75
61
64
66
53
54
58
68
74
73
81
66
93
77
79
59
73
90
90
97
80
55
86
62
73
52
50
55
69
76
95
71
72
59
92
100
74
59
82
74
90
79
85
100
96
63
94
65
64
100
55
88
64
90
52
52
93
85
97
71
100
82
70
61
87
57
100
96
79
71
98
79
72
91
72
94
50
100
81
77
81
88
96
68
83
51
80
63
90
79
50
84
96
58
56
74
89
73
61
65
97
69
93
91
71
82
68
57
79
79
58
69
80
93
65
66
71
59
59
75
68
95
58
65
51
54
55
82
80
65
88
97
94
94
63
79
78
83
87
85
80
54
55
65
90
70
56
57
92
68
58
60
81
91
89
81
67
58
98
69
98
70
84
83
50
97
83
79
53
69
68
59
63
62
62
56
50
73
66
80
100
80
63
52
74
84
91
82
62
97
66
94
78
62
91
54
100
58
79
84
61
50
93
94
66
64
75
84
89
80
68
61
99
66
80
96
64
65
56
64
83
83
58
62
84
92
81
64
69
78
86
100
52
89
83
90
86
54
74
65
90
65
56
85
62
73
99
94
63
81
94
66
73
67
85
100
93
86
58
64
63
66
64
57
61
65
95
87
76
64
87
74
77
58
76
87
100
79
72
91
55
87
79
55
64
56
88
94
59
64
86
55
54
54
54
73
59
97
50
65
60
76
59
86
77
100
96
95
100
66
65
86
76
58
51
59
69
75
82
66
54
78
92
56
70
86
76
80
56
66
61
83
62
95
58
87
57
84
62
76
94
67
78
78
57
55
51
74
72
78
77
65
96
62
86
64
80
78
53
75
70
60
63
75
88
55
58
86
71
74
69
63
87
99
94
54
95
52
72
67
94
82
65
92
96
69
68
57
57
92
72
54
78
96
66
97
80
52
88
84
97
63
53
73
81
64
93
60
95
63
63
78
50
92
50
74
55
50
81
66
50
53
85
92
56
98
53
99
65
82
96
82
65
55
53
79
78
97
63
58
68
84
63
50
57
96
92
70
63
57
64
54
93
82
81
65
53
94
58
61
92
91
83
68
83
76
97
74
87
88
61
52
69
64
61
84
86
63
90
52
67
61
53
85
50
55
94
96
81
99
63
97
76
91
52
75
64
53
100
93
81
69
82
95
80
100
73
77
60
68
70
93
63
81
60
97
71
54
91
84
66
62
78
72
82
82
73
90
64
54
60
84
82
78
71
68
97
50
70
60
62
79
83
72
91
54
58
74
92
54
52
51
65
56
58
60
53
75
65
52
65
60
67
50
78
98
53
82
64
59
50
61
60
91
65
77
75
81
50
76
80
61
81
67
65
86
70
65
81
58
66
60
50
56
88
74
66
73
73
69
82
54
77
92
85
77
54
73
62
82
75
58
88
69
76
82
74
82
85
73
53
91
86
92
94
71
96
98
86
73
64
78
99
96
72
69
83
85
63
72
85
87
98
66
79
73
80
88
67
62
73
67
65
90
79
78
95
88
57
87
65
92
63
71
55]


w:[27	16	30	28	22	23	

22	26	16	16	15	11	

26	11	27	15	28	15	

14	17	10	19	11	11	

26	22	18	23	18	27	

22	14	12	30	28	18	

29	19	16	21	21	23	

11	20	29	30	10	27	

28	30	16	12	23	30	

22	21	10	28	22	14	

30	24	30	10	28	28	

15	12	24	29	18	12	

20	29	12	18	19	14	

11	29	24	25	13	29	

22	18	18	15	29	22	

26	21	22	11	19	15	

19	25	27	26	21	12	

27	28	21	12	27	16	

22	15	17	10	14	15	

21	17	18	17	12	20	

19	29	22	16	30	15	

28	19	23	30	13	21	

24	15	12	18	13	24	

22	13	13	19	26	14	

25	27	10	21	17	12	

12	14	13	22	27	16	

18	28	10	22	30	14	

18	25	27	22	14	26	

22	27	16	28	29	25	

23	12	13	22	30	12	

29	17	11	29	14	28	

25	15	30	15	16	29	

27	18	25	18	15	26	

26	17	23	19	11	17	

11	13	18	28	23	27	

14	27	22	22	11	19	

22	25	22	20	14	26	

30	10	19	26	19	30	

20	14	26	24	30	14	

16	19	11	14	17	15	

29	13	20	23	16	14	

20	15	28	11	21	26	

11	19	24	14	28	24	

23	27	24	23	22	30	

18	20	18	25	28	11	

10	11	29	22	17	29	

13	10	15	30	25	28	

24	26	13	23	15	12	

26	23	15	20	27	15	

21	26	28	27	18	14	

10	18	28	24	15	14	

13	24	10	25	29	15	

30	26	18	13	15	19	

28	25	15	26	28	14	

28	29	16	16	27	22	

24	11	29	24	21	13	

12	12	14	11	16	24	

23	11	18	15	24	21	

21	20	23	28	16	29	

26	20	14	19	22	23	

18	19	20	22	27	30	

28	14	24	19	25	25	

13	25	30	24	27	27	

21	13	28	15	12	17	

13	29	10	21	24	12	

12	27	27	16	13	26	

24	29	20	18	10	30	

13	20	17	22	17	14	

29	30	23	28	13	19	

17	27	23	24	26	21	

26	21	15	29	20	24	

18	29	10	23	25	21	

22	19	21	28	13	15	

18	25	20	22	23	10	

28	21	29	28	22	12	

14	26	28	28	23	10	

18	27	23	17	10	11	

25	17	27	10	13	30	

11	21	30	21	19	27	

27	24	22	25	18	18	

22	18	18	18	15	26	

24	10	18	29	25	24	

18	19	26	18	15	10	

25	10	11	26	26	18	

22	28	17	30	24	27	

24	19	24	14	18	24	

19	17	16	18	19	13	

28	23	16	30	29	30	

13	30	11	21	13	26	

23	10	11	29	24	13	

26	20	16	17	12	10	

21	11	24	17	17	18	

22	20	29	22	19	14	

25	12	13	11	24	13	

12	28	12	24	30	23	

28	19	25	21	29	18	

24	16	14	21	13	13	

19	29	22	17	27	30	

12	28	28	17	23	14	

29	19	22	18	24	22	

26	28	11	12	14	28	

15	13	10	30	15	20	

16	20	13	21	17	14	

18	16	26	10	26	13	

19	24	15	11	26	20	

23	24	22	26	19	23	

22	24	24	14	21	28	

27	11	26	26	11	22	

19	15	24	14	16	10	

29	16	28	18	25	10	

23	15	19	24	23	13	

16	27	13	17	20	21	

13	19	13	30	11	18	

24	24	29	30	14	19	

22	22	18	15	21	13	

26	18	28	22	23	30	

14	21	12	29	11	28	

15	16	30	28	29	13	

27	10	13	18	16	30	

13	28	23	18	14	29	

21	11	27	24	10	14	

18	27	12	22	13	21	

14	21	10	15	11	25	

26	14	20	27	24	15	

13	13	25	27	17	23	

23	28	10	12	25	29	

13	30	26	20	11	15	

27	29	26	12	19	25	

18	13	12	18	20	20	

22	25	18	23	29	29	

16	13	30	29	11	14	

16	27	23	13	12	17	

10	22	22	10	17	14	

28	20	23	27	11	15	

26	17	16	12	11	13	

13	13	28	12	30	26	

30	24	17	10	29	12	

11	17	29	14	15	29	

27	18	22	11	17	17	

29	27	16	11	28	25	

12	29	26	28	27	27	

19	16	17	30	24	21	

13	28	27	28	29	26	

18	13	12	21	19	20	

29	21	30	21	29	21	

18	12	18	13	18	23	

26	22	13	20	12	18	

26	10	25	28	12	25	

23	28	21	26	16	18	

25	29	27	25	29	25	

13	28	10	22	21	29	

27	24	25	30	17	28	

22	16	19	27	29	21	

13	12	29	30	15	28	

21	17	21	30	14	20	

16	27	24	11	21	30	

24	23	23	25	19	27	

20	17	18	17	20	21	

12	20	30	19	30	29	

15	21	23	28	15	15	

10	27	26	12	21	20	

12	27	14	12	11	18	

26	26	27	21	29	22	

18	26	30	14	12	25	

22	16	28	18	11	19	

23	30	20	23	20	12	

14	15	24	21	14	22	

21	22	20	15	21	20	

13	10	20	28	26	17	

17	18	20	20	24	28	

10	22	11	10	23	19	

21	18	24	29	21	24	

27	22	27	22	11	19	

21	19	11	18	12	12	

10	20	28	24	10	21	

19	16	14	10	24	12	

15	30	28	21	29	22	

29	23	11	11	28	15	

26	10	22	15	30	18	

28	14	13	21	25	19	

24	14	21	26	14	18	

12	22	19	11	27	17	

14	16	19	10	29	26	

14	13	17	16	24	20	

23	30	28	29	10	26	

24	24	23	10	27	17	

25	14	28	21	26	23	

21	10	19	22	23	23	

23	16	16	11	16	17	

20	17	18	19	13	15	

26	17	12	10	24	18	

29	27	30	22	19	18	

26	25	24	27	18	18	

25	17	19	28	23	30	

28	30	17	11	22	29	

24	18	14	19	11	26	

10	10	10	25	29	19	

12	26	19	20	25	16	

28	23	27	20	23	13	

28	30	28	30	12	11	

14	26	29	18	18	21	

15	27	17	18	24	30	

16	13	26	17	20	26	

24	21	10	11	16	20	

27	24	20	15	22	10	

24	14	17	29	22	27	

20	26	15	25	29	12	

21	19	18	26	29	11	

30	10	18	10	24	23	

21	24	11	25	29	12	

24	24	10	30	22	16	

19	14	18	30	22	16	

19	21	28	10	25	12	

27	26	23	22	26	16	

16	18	26	10	16	17	

18	22	24	14	19	20	

27	15	16	13	13	13	

23	27	25	17	22	30	

13	18	12	19	15	22	

18	29	24	26	23	11	

28	16	20	17	19	10	

26	17	25	22	22	16	

24	12	24	24	12	13	

18	28	22	11	26	29	

15	13	22	25	22	13	

24	28	20	18	25	23	

10	18	29	16	22	22	

15	13	29	15	12	17	

11	17	12	29	20	30	

29	23	14	12	21	12	

13	28	25	29	14	23	

24	19	21	27	22	18	

14	23	16	11	16	28	

18	30	26	28	25	11	

27	26	12	12	20	15	

21	18	20	18	30	27	

14	20	15	11	20	15	

17	28	26	18	23	13	

16	24	29	14	29	21	

10	30	11	21	26	10	

21	29	20	16	26	12	

12	18	26	15	11	29	

22	25	10	14	23	28	

28	11	15	29	16	17	

30	26	14	10	10	21	

18	18	22	23	16	13	

19	27	19	28	13	27	

22	21	17	12	14	23	

16	22	27	21	21	21	

16	30	19	28	13	12	

20	18	26	28	17	17	

28	16	29	24	20	18	

11	11	15	20	29	20	

21	26	25	18	16	28	

16	15	15	19	10	19	

24	10	12	26	12	22	

17	26	13	23	30	12	

19	15	26	15	10	23	

16	21	19	13	21	24	

13	14	14	19	26	18	

27	20	13	12	12	23	

11	12	12	12	18	10	

21	29	14	20	22	16	

30	13	12	19	16	25	

17	23	18	12	23	23	

16	28	12	24	28	25	

22	25	25	10	24	19	

20	29	14	22	26	10	

29	16	19	20	27	28	

28	30	30	20	18	27	

18	17	18	27	20	28	

10	10	11	18	25	19	

23	17	27	10	30	11	

10	21	29	15	27	22	

25	21	15	27	11	27	

18	28	22	25	21	23	

22	24	21	13	22	18	

21	26	12	20	13	13	

12	30	22	29	13	29	

23	10	11	15	22	25	

11	30	15	24	20	26	

12	22	15	25	18	14	

10	23	11	20	14	22	

10	23	25	24	25	16	

12	28	26	20	27	19	

13	22	19	14	15	11	

20	21	30	21	23	27	

13	14	15	26	28	18	

10	18	14	21	16	29	

25	24	23	28	15	21	

28	21	11	19	28	12	

24	30	18	21	25	19	

13	23	21	26	18	16	

22	24	25	25	26	17	

26	17	10	29	19	30	

19	21	12	21	15	11	

18	21	12	26	10	25	

20	19	29	10	26	28	

24	26	25	11	25	22	

19	23	15	27	11	14	

19	24	12	15	14	17	

14	19	24	21	16	21	

17	10	30	27	28	23	

19	18	15	22	18	13	

13	12	10	15	11	19	

26	27	22	19	29	12	

16	24	27	16	10	19	

21	19	15	18	25	21	

10	26	14	18	15	21	

10	30	18	21	12	22	

22	28	10	21	21	28	

25	28	30	23	26	10	

13	22	16	29	12	22	

25	16	29	19	13	26	

23	27	23	17	13	30	

29	11	16	11	20	22	

16	14	15	24	10	27	

22	25	12	16	26	12	

22	13	29	26	17	22	

29	30	13	13	22	13	

21	20	18	19	16	29	

22	13	19	20	13	10	

16	22	14	21	30	23	

20	15	28	17	19	19	

26	14	24	15	17	19	

11	14	17	12	25	12	

29	25	22	27	16	27	

19	19	27	23	20	23	

18	15	26	24	28	26	

15	10	21	23	17	24	

26	16	10	24	21	28	

10	10	15	29	28	25	

28	16	11	29	15	18	

13	30	10	10	16	18	

22	28	25	13	17	18	

25	19	27	27	30	20	

16	13	29	28	17	15	

24	14	30	25	23	30	

20	17	19	13	29	11	

29	27	12	27	23	22	

29	28	27	18	14	27	

26	15	29	10	13	24	

12	10	10	27	22	28	

10	21	21	30	24	14	

29	15	23	19	14	14	

24	21	12	13	14	12	

30	11	29	12	12	20	

21	23	30	30	12	18	

26	16	26	29	20	22	

16	16	16	20	29	26	

21	21	16	18	23	11	

10	18	13	20	25	17	

18	15	24	18	24	25	

12	12	29	13	23	30	

17	26	19	14	22	23	

19	12	14	19	10	15	

19	11	20	12	30	10	

24	28	17	26	10	12	

21	13	24	16	21	27	

20	19	26	10	22	18	

18	19	15	15	27	19	

26	18	26	30	25	26	

25	26	23	21	25	20	

19	13	25	22	26	23	

22	12	19	16	20	20	

29	28	27	10	15	30	

11	17	30	21	26	25	

12	21	17	30	18	28	

20	22	18	13	21	22	

17	12	28	18	19	26	

28	23	22	13	19	30	

11	20	19	21	20	21	

13	20	21	28	23	13	

24	27	13	14	18	16	

25	30	20	29	24	20	

27	11	10	20	21	15	

21	15	11	24	24	29	

12	12	25	18	17	12	

14	29	19	22	30	18	

28	22	26	25	25	17	

27	27	11	21	24	22	

26	14	12	13	25	10	

10	30	17	13	30	22	

19	17	16	10	25	11	

27	26	20	16	22	28	

14	16	30	22	15	11	

21	27	15	15	11	29	

12	23	29	27	12	13	

30	15	20	12	13	21	

12	22	30	11	18	21	

26	10	16	27	18	29	

29	19	21	11	29	14	

16	24	21	22	14	19	

14	28	17	12	14	16	

26	21	27	21	10	29	

22	22	24	12	10	25	

22	29	10	15	23	26	

14	18	24	25	13	23	

14	19	20	19	10	20	

19	14	26	17	28	13	

21	26	19	22	30	16	

29	23	12	17	14	11	

18	26	27	28	19	14	

24	11	16	26	30	12	

14	26	14	11	23	17	

16	29	17	11	11	19	

18	14	30	13	27	26	

29	25	18	20	21	20	

11	26	15	23	22	10	

22	27	26	21	10	28	

21	28	12	14	13	16	

15	26	19	10	21	23	

20	25	16	29	25	30	

17	21	20	29	11	15	

17	26	29	27	16	25	

20	21	13	22	25	30	

29	28	10	27	10	17	

17	13	18	10	28	23	

23	11	13	14	10	18	

27	21	11	28	15	16	

13	27	15	10	23	27	

14	14	13	12	23	15	

29	29	30	17	30	28	

27	20	17	18	23	27	

24	26	15	20	30	19	

28	23	16	20	12	11	

19	30	12	13	21	17	

29	13	10	18	13	17	

25	18	26	13	18	23	

11	23	26	25	17	22	

23	16	30	20	14	16	

15	20	15	18	29	20	

24	17	16	30	15	18	

30	25	25	14	26	17	

16	26	30	20	18	25	

21	18	14	19	15	29	

15	24	15	26	10	17	

26	24	19	24	15	25	

27	11	25	26	14	19	

18	14	24	16	17	10	

24	15	10	11	23	29	

22	17	17	28	27	14	

26	12	25	18	16	27	

26	16	14	16	28	21	

28	13	11	30	11	18	

26	11	21	29	30	15	

16	26	13	18	30	21	

23	23	28	18	24	13	

19	28	19	11	27	14	

18	14	29	19	29	15	

18	12	12	27	12	29	

24	10	23	29	12	22	

22	13	13	26	22	29	

12	19	13	26	19	26	

11	18	12	11	11	21	

28	23	23	20	12	12	

26	26	26	13	20	20	

30	28	21	24	24	14	

20	20	11	24	26	19	

22	16	22	30	26	22	

28	10	26	12	29	15	

19	16	16	15	28	15	

12	12	29	26	13	21	

21	20	15	18	26	30	

19	13	28	28	28	29	

10	25	24	27	25	10	

23	10	22	15	24	13	

21	12	22	24	24	25	

27	10	17	26	28	22	

14	16	23	18	10	26	

20	21	25	19	22	16	

22	26	17	24	22	19	

16	24	26	30	18	10	

23	12	20	14	25	25	

23	21	10	22	16	26	

17	10	14	25	16	16	

18	24	18	28	30	28	

12	25	24	24	10	18	

27	26	29	10	23	26	

21	18	14	29	13	18	

11	11	10	12	12	18	

14	30	22	23	15	14	

17	19	10	26	26	13	

13	20	25	23	19	15	

29	14	24	26	22	29	

10	18	30	11	26	15	

19	24	22	30	27	23	

27	14	14	12	30	15	

25	13	17	12	22	18	

19	23	23	17	27	13	

14	23	13	20	16	23	

23	24	11	22	26	18	

17	21	17	26	19	17	

30	15	23	10	14	30	

20	20	23	14	15	10	

17	24	28	24	22	24	

10	24	27	22	29	24	

28	10	14	25	27	11	

20	11	24	15	20	17	

23	11	29	15	15	15	

21	23	18	16	28	15	

23	15	21	10	11	28	

24	27	12	15	27	11	

25	30	18	25	12	21	

29	28	11	24	24	15	

30	15	21	14	10	26	

29	14	16	24	14	30	

10	20	15	19	14	12	

19	10	12	23	20	22	

30	22	16	20	21	25	

23	15	19	27	15	13	

30	19	16	30	11	21	

18	23	24	21	11	30	

13	12	21	12	21	29	

14	30	23	12	12	12	

17	13	17	28	17	10	

22	10	20	22	24	22	

27	11	16	30	14	10	

20	13	26	21	22	26	

21	13	28	14	14	14	

24	11	22	21	28	29	

25	22	15	18	17	27	

17	25	19	15	14	11	

10	26	13	13	25	23	

16	27	27	13	13	13	

26	16	16	14	30	14	

26	14	21	20	21	30	

21	21	14	15	30	14	

29	25	13	22	18	11	

18	29	25	24	15	17	

10	19	24	14	22	24	

26	30	24	24	22	16	

24	24	17	14	30	23	

17	30	18	11	29	27	

16	28	23	26	23	12	

10	25	22	25	27	25	

18	26	19	11	24	30	

24	19	23	18	13	19	

26	12	21	14	26	24	

13	18	20	29	27	25	

27	22	10	23	25	24	

14	21	21	10	21	13	

14	10	23	13	30	24	

18	28	18	25	17	18	

25	28	16	23	22	13	

12	28	25	23	28	22	

27	18	24	21	21	19	

14	27	12	19	25	21	

23	27	26	28	23	21	

30	10	12	13	16	24	

13	10	20	11	24	17	

16	19	10	22	12	24	

27	11	29	18	15	13	

19	14	25	10	27	19	

17	14	24	22	16	25	

24	11	18	12	11	25	

14	29	17	10	18	29	

22	21	21	19	30	21	

15	21	18	18	17	25	

29	19	18	29	17	25	

20	26	16	23	29	30	

23	14	26	20	27	20	

27	19	24	17	23	18	

27	18	26	13	30	22	

19	24	26	17	19	17	

13	29	10	12	11	18	

17	17	14	12	27	21	

15	11	25	17	27	15	

26	14	30	23	10	22	

26	15	15	20	29	10	

15	12	14	19	17	21	

10	14	14	12	28	13	

20	11	30	13	10	22	

20	24	15	26	21	26	

28	14	25	13	28	22	

26	19	24	27	13	18	

24	20	16	14	11	20	

22	22	18	14	25	17	

12	13	20	17	22	19	

19	24	17	21	11	14	

20	17	21	24	30	18	

30	19	29	19	28	14	

20	23	22	29	25	23	

28	18	29	30	11	17	

29	12	29	20	27	24	

22	15	20	28	17	18	

22	25	12	25	22	27	

30	16	26	15	11	13	

11	15	22	21	12	24	

28	20	17	25	30	27	

26	27	13	24	19	10	

28	12	10	28	25	23	

15	25	30	23	21	10	

24	23	16	10	18	24	

29	19	19	14	12	10	

11	13	22	28	24	17	

20	17	14	18	13	25	

12	11	13	21	22	21	

17	14	18	20	18	15	

16	20	14	27	26	27	

20	18	16	21	28	10	

29	17	12	20	20	14	

20	22	29	17	18	24	

30	21	13	12	17	16	

21	11	19	16	19	24	

19	23	20	12	28	14	

22	15	25	18	23	10	

24	24	15	13	29	25	

16	24	29	12	11	10	

10	15	24	17	20	29	

17	17	20	15	26	23	

19	28	18	16	21	26	

21	11	22	19	27	11	

17	28	27	14	14	27	

11	18	18	26	21	10	

19	21	11	30	15	29	

11	10	21	17	17	29	

13	10	28	12	13	21	

28	14	12	30	14	28	

16	30	14	12	23	17	

30	27	18	10	15	29	

29	23	11	30	22	25	

25	27	24	22	13	20	

30	19	14	12	21	16	

22	25	10	19	12	25	

12	26	24	17	24	24	

12	18	22	15	21	20	

11	13	15	28	28	12	

17	14	14	15	12	24	

15	24	23	19	16	26	

11	30	19	20	19	23	

11	16	27	12	19	11	

29	16	22	14	18	14	

30	29	12	19	25	14	

16	25	30	16	23	24	

22	24	30	28	17	19	

28	21	10	28	21	22	

27	29	13	30	14	18	

15	21	13	11	19	17	

24	24	30	13	11	19	

19	11	17	13	19	29	

18	16	17	13	26	12	

21	11	12	30	18	14	

23	13	25	24	12	17	

26	26	29	12	15	13	

11	17	30	27	29	25	

23	21	26	27	13	29	

19	16	12	12	22	12	

22	15	13	20	16	26	

26	21	26	18	12	30	

18	15	27	11	26	30	

29	27	16	11	28	20	

20	12	13	14	19	29	

23	20	25	18	11	23	

18	28	25	11	24	18	

17	15	30	27	30	17	

23	17	26	21	10	15	

11	12	18	21	17	22	

16	16	15	15	20	25	

23	29	14	30	28	27	

10	10	18	12	17	24	

19	10	12	16	12	26	

17	26	30	28	29	19	

10	26	12	27	20	15	

10	27	19	30	19	22	

12	22	27	21	14	12	

25	30	25	30	17	12	

24	10	14	10	20	27	

24	22	13	20	11	12	

17	26	27	11	30	23	

10	29	20	27	23	13	

18	17	23	24	16	24	

10	24	18	20	24	29	

28	18	28	10	12	14	

29	27	18	20	30	14	

27	16	30	22	17	21	

29	14	12	25	26	24	

30	15	21	15	21	23	

11	15	21	16	30	18	

24	16	22	21	19	24	

21	10	18	18	26	12	

18	22	27	20	28	11	

21	21	25	29	26	28	

23	17	21	27	16	29	

27	14	18	28	25	13	

17	20	19	28	29	17	

29	29	14	23	15	17	

21	20	20	24	11	18	

13	28	12	17	16	18	

12	23	27	29	26	14	

22	29	24	28	28	19	

29	24	20	27	11	20	

21	30	13	28	18	13	

21	22	18	20	27	16	

29	14	24	24	30	28	

17	12	12	20	30	17	

15	26	25	10	26	11	

21	25	23	21	21	13	

11	14	10	24	30	29	

11	13	22	19	10	12	

12	15	25	19	17	13	

29	23	18	21	16	22	

30	19	25	11	29	27	

17	28	20	28	29	23	

29	25	30	25	24	25	

20	14	26	24	18	30	

16	15	19	29	30	15	

27	23	21	24	19	30	

10	29	12	12	17	16	

16	13	16	16	16	22	

15	11	20	12	12	10	

23	13	25	18	20	21	

16	13	23	23	29	30	

27	14	14	14	22	28	

11	30	29	20	29	19	

17	29	22	11	23	23	

10	24	15	30	26	16	

14	14	16	23	12	18	

28	16	29	11	28	30	

26	28	24	25	23	26	

20	24	11	14	10	22	

15	19	22	28	23	20	

30	24	12	25	24	26	

25	17	24	17	28	28	

25	18	28	29	24	24	

21	14	27	30	12	18	

12	13	14	13	14	29	

17	15	27	12	19	20	

22	22	10	28	24	14	

21	13	23	12	16	26	

28	10	24	26	10	11	

15	11	11	18	27	29	

27	14	25	27	13	15	

22	19	10	23	19	16	

12	13	17	22	28	29	

26	15	28	21	27	10	

27	11	11	12	18	28	

29	29	23	29	12	23	

17	21	13	16	14	14	

14	12	20	16	24	12	

26	27	13	20	30	23	

18	14	12	21	30	13	

17	17	10	30	12	21	

10	10	13	12	26	17	

22	12	20	18	18	18	

22	23	23	26	29	29	

13	24	22	20	28	22	

15	21	16	26	10	24	

18	29	12	12	28	28	

25	25	23	11	13	11	

15	19	12	13	27	13	

25	23	22	21	10	25	

28	30	18	20	27	12	

20	30	14	26	17	28	

19	12	17	24	21	11	

29	10	28	14	25	21	

10	18	12	20	16	30	

30	16	22	13	30	30	

15	23	30	27	13	23	

23	29	15	12	24	17	

29	15	17	18	30	12	

10	23	28	25	15	19	

22	27	15	13	13	24	

28	23	16	17	16	29	

13	30	12	12	24	11	

25	12	17	13	11	13	

20	21	20	21	24	25	

20	18	30	19	23	27	

10	13	10	23	19	17	

10	10	17	15	26	12	

17	16	14	24	19	23	

29	27	16	17	14	24	

16	16	13	23	14	29	

25	17	22	22	24	20	

28	19	13	22	11	19	

19	23	30	27	15	25	

21	20	25	13	24	29	

20	30	25	17	14	21	

12	26	14	18	17	18	

23	19	27	12	12	30	

19	10	27	19	12	11	

30	24	14	24	13	21	

16	12	22	16	14	22	

19	24	24	18	18	13	

23	21	17	16	21	15	

16	11	30	13	10	15	

25	20	24	24	29	28	

15	12	17	12	25	26	

28	22	19	19	23	27	

12	28	21	12	16	16	

11	17	19	26	25	20	

21	15	25	28	12	15	

10	26	25	20	22	22	

19	15	30	10	18	14	

24	19	26	11	29	26	

24	12	21	19	26	25	

15	25	17	20	30	13	

14	11	12	20	26	15	

16	11	12	16	10	20	

24	26	30	23	29	29	

17	22	25	23	24	19	

18	13	26	30	12	11	

22	27	21	12	20	25	

16	22	20	10	17	15	

14	26	30	22	27	27	

18	11	15	20	27	28	

10	13	26	27	21	28	

13	22	17	13	21	19	

30	25	10	27	18	17	

11	21	22	26	30	24	

22	22	30	11	29	14	

28	25	15	23	19	13	

30	22	15	16	13	16	

29	15	25	20	29	12	

27	30	26	21	23	15	

15	12	17	10	20	29	

20	25	29	12	19	26	

19	23	24	19	20	14	

18	16	20	12	15	17	

25	11	20	14	29	12	

23	27	29	29	10	22	

15	12	29	19	21	26	

20	20	30	22	18	14	

24	18	26	30	28	24	

29	27	18	25	19	17	

29	16	21	23	19	23	

23	12	10	10	26	29	

21	16	29	30	13	13	

14	15	11	12	26	13	

17	13	27	20	12	25	

12	22	21	25	24	30	

30	23	24	12	12	25	

28	17	10	28	14	23	

30	23	12	30	13	14	

29	17	17	16	21	24	

17	24	22	13	25	18	

20	30	20	16	13	12	

22	15	25	30	24	28	

16	26	22	17	29	23	

13	13	10	25	22	16	

15	25	26	22	19	28	

25	27	27	15	25	21	

13	16	15	28	26	11	

27	14	14	18	26	11	

20	23	16	27	20	25	

24	11	24	10	19	18	

14	18	27	24	16	25	

16	24	30	24	23	12	

13	15	10	27	12	18	

18	10	26	25	19	14	

13	19	21	10	12	27	

11	21	24	22	19	17	

12	28	26	10	23	16	

25	11	14	29	21	15	

11	25	12	18	24	14	

11	19	19	10	18	10	

26	17	15	10	30	27	

16	24	11	23	24	16	

12	22	17	15	19	26	

21	10	10	24	28	18	

12	24	29	15	26	12	

23	25	12	14	16	13	

29	30	14	17	10	18	

11	28	18	14	13	29	

19	18	18	28	27	16	

28	23	26	24	18	13	

30	16	10	21	16	23	

22	20	14	26	15	14	

20	18	28	27	22	21	

30	19	13	17	22	25	

30	23	24	28	11	26	

18	20	11	22	16	16	

15	23	21	28	11	30	

26	11	18	23	29	11	

21	22	18	19	29	10	

28	30	15	22	13	11	

29	16	19	28	18	28	

19	22	16	17	16	19	

14	26	17	17	16	24	

24	26	29	29	24	20	

22	22	20	29	16	10	

30	10	18	19	12	25	

30	22	19	19	23	27	

23	29	14	10	18	30	

18	21	28	30	23	14	

25	24	16	14	26	10	

17	15	24	28	15	26	

23	13	13	24	12	14	

28	12	15	28	26	25	

25	14	25	15	20	23	

12	30	14	20	27	17	

22	22	26	11	22	17	

11	24	15	29	29	30	

17	15	22	22	21	19	

12	11	17	21	22	15	

14	13	24	28	13	17	

23	18	30	26	16	12	

10	23	21	21	23	21	

13	12	19	17	14	26	

11	14	25	30	20	30	

18	20	22	29	11	21	

27	21	21	19	11	20	

26	23	17	11	16	16	

11	21	24	12	23	23	

24	17	24	13	25	18	

30	20	30	21	29	29	

16	19	26	25	14	28	

16	25	19	21	22	16	

30	22	26	25	20	22	

22	27	29	14	27	30	

17	16	22	25	13	21	

23	15	20	18	19	17	

28	28	16	26	13	29	

26	16	16	20	18	26	

29	22	17	25	21	12	

27	25	27	21	21	13	

29	28	19	27	26	13	

17	12	29	30	29	21	

16	30	29	21	18	29	

26	26	15	11	25	19	

28	30	24	23	20	20	

19	30	14	25	29	12	

12	24	18	20	21	21	

17	17	11	15	29	28	

21	10	19	25	11	17	

20	23	20	24	29	22	

12	30	11	25	28	15	

20	21	27	13	14	27	

26	25	20	17	10	17	

18	29	11	28	24	13	

12	19	20	16	11	12	

27	18	12	19	29	29	

17	30	17	30	18	20	

10	23	12	14	15	30	

21	17	15	22	21	20	

20	30	11	19	19	25	

26	23	27	25	24	21	

15	28	23	15	28	29	

23	21	21	25	18	12	

30	16	18	15	14	10	

11	20	19	28	28	29	

12	11	23	11	21	23	

20	27	18	10	16	30	

26	28	10	24	15	21	

12	28	13	27	26	18	

12	22	18	28	29	23	

16	24	24	14	27	12	

21	29	20	28	10	13	

11	30	28	27	11	19	

16	20	25	14	19	23	

21	16	26	26	18	29	

13	12	29	21	14	26	

11	29	28	10	18	14	

24	10	11	23	26	21	

29	19	29	17	30	16	

19	30	14	13	10	29	

25	15	22	23	29	27	

16	29	15	24	26	26	

26	17	26	25	11	17	

26	19	25	14	21	11	

18	20	21	15	30	27	

12	24	28	21	17	24	

15	29	21	25	29	13	

28	12	29	10	24	19	

25	19	16	25	25	11	

15	24	12	25	24	13	

13	10	30	15	15	27	

10	13	23	16	23	12	

20	21	11	15	17	16	

28	29	27	18	27	27	

24	22	19	10	26	28	

11	26	28	22	21	13	

21	13	24	27	10	16	

30	13	16	12	29	22	

22	11	30	15	25	18	

17	29	23	22	27	20	

12	20	11	21	21	16	

12	23	20	10	29	25	

11	30	21	17	11	13	

17	15	22	13	26	25	

17	24	24	10	27	19	

11	26	28	10	23	17	

10	15	23	21	11	27	

13	27	15	29	10	15	

17	26	16	20	26	30	

23	14	22	30	27	26	

30	23	14	16	14	28	

26	27	12	27	16	17	

21	24	19	27	28	10	

11	14	25	28	24	16	

29	25	26	18	20	30	

16	11	15	20	23	26	

21	13	23	25	26	11	

19	15	25	20	18	20	

23	30	13	28	18	26	

20	10	25	11	15	14	

17	26	28	23	15	21	

25	28	29	21	30	24	

17	30	21	14	21	29	

27	25	12	30	29	11	

23	24	30	18	20	10	

22	10	30	17	12	27	

18	12	25	17	14	26	

30	17	19	13	11	10	

26	25	13	18	14	26	

24	26	15	10	28	18	

27	11	20	24	19	21	

25	23	18	22	13	15	

17	27	10	12	12	10	

30	28	25	28	27	24	

22	14	27	12	25	19	

11	25	16	10	17	18	

19	14	26	11	21	19	

28	27	17	14	22	10	

19	17	29	14	13	12	

23	21	27	25	15	18	

24	29	29	17	20	11	

26	21	13	14	16	26	

28	27	21	21	30	21	

21	29	11	13	17	23	

26	29	21	19	19	23	

29	25	21	21	10	15	

25	28	15	29	25	13	

11	16	30	23	16	16	

20	27	11	25	21	20	

19	30	30	29	28	15	

18	29	30	26	26	19	

15	21	17	16	18	26	

20	26	22	17	22	23	

23	14	10	12	10	13	

30	14	19	13	21	29	

24	29	10	25	17	22	

23	28	27	29	30	26	

18	22	15	25	13	11	

26	28	10	20	10	12	

12	20	19	26	19	28	

26	13	22	16	18	16	

12	13	20	19	27	22	

10	17	28	16	21	13	

27	13	16	27	10	10	

27	28	14	13	17	24	

30	30	11	19	21	23	

29	20	17	14	26	13	

11	13	13	16	24	17	

13	22	18	24	24	28	

30	18	20	29	25	27	

20	13	23	22	12	14	

13	27	16	20	13	19	

23	19	23	18	16	10	

29	19	21	11	18	27	

14	28	11	18	25	10	

16	28	14	19	24	12	

17	13	22	13	12	18	

11	10	19	21	16	10	

17	21	10	11	29	16	

30	13	16	18	22	14	

29	13	29	25	12	27	

16	18	30	25	21	22	

28	21	19	20	25	24	

28	12	25	16	30	29	

15	16	10	19	28	30	

26	21	11	29	22	28	

12	29	21	21	19	16	

19	21	13	14	27	13	

28	13	23	22	23	24	

28	28	13	30	26	30	

25	21	13	16	22	26	

26	11	22	27	20	15	

18	23	15	18	13	29	

29	13	13	10	17	12	

13	19	14	13	26	16	

23	14	23	25	29	10	

21	13	23	15	20	13	

12	24	23	29	29	12	

14	14	12	29	22	23	

14	18	23	13	23	12	

27	28	17	25	28	30	

27	29	25	30	18	30	

16	23	30	30	19	28	

26	15	10	13	10	27	

11	19	13	28	23	21	

24	28	20	21	23	26	

19	14	22	12	29	11	

24	30	27	30	17	25	

10	11	18	16	27	10	

11	12	20	10	20	22	

25	26	12	16	29	16	

29	22	21	18	24	24	

27	26	30	22	16	30	

11	11	30	15	13	23	

16	24	14	17	20	23	

17	29	18	12	16	20	

30	23	11	18	15	13	

20	13	27	24	13	27	

18	24	27	17	25	21	

14	10	20	17	30	20	

28	18	23	25	18	16	

25	11	25	28	28	14	

18	26	16	17	24	19	

30	27	11	12	19	27	

29	10	15	23	17	12	

18	25	14	17	30	28	

11	27	10	24	25	21	

15	27	27	22	12	26	

17	20	16	13	28	20	

24	19	16	22	23	14	

22	15	24	25	13	26	

16	28	16	26	27	13	

18	19	15	28	16	19	

28	14	15	24	20	29	

12	30	25	15	25	29	

13	16	15	15	21	24	

16	11	15	21	24	16	

23	16	27	17	28	20	

23	17	19	26	18	28	

30	22	15	21	22	20	

15	19	18	29	23	26	

28	14	16	13	16	30	

13	26	18	14	25	16	

14	29	12	15	27	25	

23	19	30	28	28	12	

17	19	12	22	24	22	

16	25	28	28	24	24	

13	14	11	13	27	14	

20	16	26	21	16	16	

11	13	18	16	25	21	

20	30	23	23	13	22	

27	28	25	25	10	25	

12	25	10	10	30	25	

14	15	21	20	17	11	

24	20	28	16	19	18	

25	15	18	26	14	24	

14	19	28	20	16	26	

19	15	14	21	18	14	

13	19	14	17	21	19	

25	18	20	16	30	25	

14	17	18	11	14	22	

27	29	13	24	17	26	

19	16	16	11	19	25	

16	27	26	23	19	10	

10	25	13	20	12	24	

29	10	19	27	28	25	

14	28	15	13	13	11	

15	19	22	12	27	19	

15	18	29	29	15	28	

11	18	22	27	14	23	

12	25	25	28	14	16	

18	11	29	25	10	16	

29	28	20	30	17	25	

29	30	17	24	27	11	

19	14	26	22	25	13	

17	17	20	26	25	21	

12	14	25	13	30	29	

28	12	26	16	18	10	

30	28	29	23	13	15	

28	17	26	15	26	30	

14	20	21	26	28	17	

18	12	23	20	18	22	

16	28	26	14	15	25	

10	23	30	23	18	24	

21	19	17	22	19	15	

23	14	13	16	21	10	

18	28	27	17	27	15	

20	20	21	19	21	22	

13	22	30	27	18	12	

23	27	28	17	30	16	

13	25	15	11	22	14	

22	15	18	14	20	22	

23	20	12	27	16	28	

20	23	11	27	21	15	

19	13	29	29	20	26	

25	13	28	24	14	11	

25	20	23	27	22	29	

15	21	27	28	21	11	

13	23	28	11	10	12	

21	10	18	28	26	19	

21	27	16	12	25	21	

20	21	22	14	17	12	

12	24	22	17	16	28	

12	10	29	24	21	17	

10	28	28	24	28	18	

11	30	27	20	21	12	

15	22	12	16	14	18	

13	30	25	29	28	29	

19	10	25	25	12	15	

21	17	17	11	25	16	

25	25	29	12	14	20	

15	13	25	24	10	27	

11	16	20	11	15	28	

17	20	26	10	26	26	

15	30	19	24	14	12	

17	19	25	20	16	10	

30	13	14	17	28	22]	

