n:790	
m:3


W:[7882
7873
7924]


b:[58
86
98
98
55
65
94
51
69
100
91
90
74
70
91
86
87
59
76
66
99
76
85
69
59
75
76
64
80
56
71
95
54
87
74
85
63
50
96
52
78
100
75
73
65
93
81
100
50
73
66
64
78
99
55
100
81
70
86
86
92
98
89
88
70
53
56
63
94
76
99
72
87
61
71
78
81
96
94
54
81
51
80
87
92
58
60
60
89
56
92
87
84
64
72
67
98
56
84
73
74
74
59
71
50
82
89
57
71
69
78
82
85
78
55
62
100
50
51
54
89
64
62
92
76
95
52
82
73
93
91
64
70
97
69
77
99
52
70
61
86
85
73
62
65
85
75
71
67
58
60
92
57
96
60
87
56
99
77
86
58
54
94
59
98
52
60
57
58
64
84
81
84
89
96
87
77
75
72
84
91
79
86
59
83
93
71
91
63
60
90
54
77
61
65
70
95
51
92
79
81
71
58
70
58
74
71
71
78
70
97
63
60
96
69
90
88
51
89
74
68
92
77
76
57
62
96
65
60
98
57
93
79
60
90
76
52
75
66
61
77
60
79
91
91
61
70
94
86
77
65
67
92
62
98
86
81
67
72
90
61
65
61
50
99
88
65
95
76
62
53
99
72
99
83
62
98
82
76
84
55
85
86
80
83
89
62
66
75
66
83
85
61
59
91
70
52
100
88
81
94
88
67
69
87
60
88
88
78
63
78
84
50
53
99
76
84
90
77
81
73
66
90
87
62
63
85
92
95
90
79
97
88
58
54
59
88
79
85
61
80
52
58
63
98
59
95
51
98
90
57
64
66
91
59
82
82
66
82
66
68
79
79
70
60
88
87
78
54
95
58
66
91
80
64
78
87
93
96
56
94
55
51
87
69
55
57
65
93
59
70
73
64
82
99
82
59
65
50
51
98
59
69
52
97
74
52
78
53
75
70
90
60
71
77
82
97
81
77
92
74
96
68
57
54
90
83
51
88
86
84
100
63
93
64
76
55
58
92
68
60
50
86
86
73
84
51
88
89
64
84
73
58
59
70
92
87
54
79
92
52
91
79
99
61
62
85
99
82
53
52
55
79
59
87
65
99
53
90
84
54
98
78
59
70
70
79
80
54
69
69
86
74
51
95
68
53
60
99
81
80
78
72
65
91
80
78
83
65
75
63
96
99
89
100
61
61
93
74
60
71
60
57
90
90
88
99
53
78
57
80
99
59
88
79
95
53
100
76
86
80
56
97
80
99
66
52
87
50
77
95
77
87
64
74
70
88
75
78
58
83
60
76
53
67
58
94
53
84
58
86
87
75
67
66
74
71
74
83
64
89
69
61
94
89
76
66
77
89
68
62
75
90
93
96
76
57
62
60
88
50
64
66
100
52
96
54
52
84
75
78
72
52
70
69
91
74
100
71
55
51
73
76
83
80
84
78
74
58
60
74
91
98
85
66
100
59
71
70
72
60
53
74
56
75
87
59
98
83
65
86
97
85
82
51
89
62
51
99
89
98
96
69
73
50
58
68
73
69
55
69
70
64
82
79
55
96
74
97
96
90
50
100
71
79
71
65
62
63
66
73
100
79
50
79
97
87
57
90
81
57
96
86
90
81
63
56
69
72
71
96
94
86
58
89
71
90
62
96
57
57
100
97
95
96
58
77
51
88
89
52
55
69
81
65
69
59
82
58
86
99
97
93
97
78
56
86
52
58
54
89
82
80
57
51
91
73
84
83
54
83
86
63
74
99
61
93
87
50
88
84
90
53
89
97
66
61
74
66
100
57
64
97
62
82
86
99
61
68
60]


w:[24	18	28	

25	14	11	

19	11	11	

12	12	12	

16	23	15	

13	21	28	

23	10	26	

30	20	17	

20	27	26	

28	15	16	

10	29	29	

17	24	27	

19	19	14	

24	13	30	

30	27	29	

26	22	19	

23	17	20	

25	10	18	

20	20	22	

19	29	26	

20	22	15	

19	25	24	

15	12	23	

18	14	24	

21	24	28	

26	14	22	

29	17	14	

24	23	10	

18	15	14	

15	12	12	

14	30	12	

11	27	24	

20	13	15	

29	27	22	

14	27	28	

29	17	11	

22	13	23	

24	14	23	

30	11	12	

20	15	24	

26	10	21	

24	11	16	

17	26	28	

23	17	27	

15	24	11	

11	25	21	

25	16	16	

12	27	28	

28	21	22	

29	17	23	

27	17	25	

27	11	12	

13	23	15	

12	24	29	

18	28	12	

23	23	26	

18	25	30	

15	20	19	

15	13	29	

14	20	11	

16	10	13	

19	15	15	

24	12	22	

10	23	26	

25	20	14	

13	12	10	

26	29	27	

29	28	14	

23	18	29	

22	17	19	

15	21	12	

29	14	15	

21	20	26	

12	11	22	

18	16	21	

24	11	20	

21	19	22	

21	14	22	

12	29	30	

30	18	29	

30	16	30	

18	15	20	

10	20	30	

12	28	14	

22	11	18	

13	26	25	

17	21	24	

20	13	29	

21	24	11	

17	20	22	

22	30	27	

28	26	11	

23	17	30	

10	24	27	

18	15	29	

18	14	27	

29	22	10	

23	17	16	

27	13	23	

17	27	11	

20	16	24	

26	13	10	

29	20	28	

19	17	27	

19	11	27	

10	11	20	

15	10	11	

11	29	26	

19	30	21	

23	13	30	

21	15	24	

19	28	25	

20	15	12	

11	24	18	

14	18	30	

30	25	14	

16	13	16	

25	19	15	

29	20	30	

14	22	10	

18	23	24	

30	25	29	

23	26	21	

15	30	20	

12	24	20	

22	10	24	

21	16	29	

10	30	26	

17	16	10	

24	17	21	

15	16	19	

10	13	11	

12	14	13	

10	21	27	

16	12	18	

13	27	18	

20	23	12	

21	15	20	

29	27	10	

20	19	19	

24	10	27	

14	22	10	

17	10	23	

18	23	24	

28	19	12	

18	11	23	

15	28	23	

12	11	10	

10	16	28	

23	19	14	

12	29	18	

11	28	14	

26	15	26	

11	22	21	

25	16	18	

30	22	16	

15	16	30	

30	27	30	

10	25	18	

16	23	18	

20	13	29	

25	14	29	

26	19	14	

12	12	16	

30	19	30	

16	23	29	

20	21	27	

29	22	20	

14	27	13	

30	18	19	

29	16	25	

27	10	25	

26	30	24	

27	30	14	

25	23	27	

11	24	24	

16	28	21	

25	15	17	

28	18	13	

25	14	29	

12	18	21	

26	10	16	

13	25	20	

16	12	20	

27	21	14	

23	27	26	

19	15	20	

25	14	17	

17	18	14	

15	28	27	

29	24	25	

12	11	24	

12	25	28	

16	14	16	

22	12	29	

26	14	27	

27	30	15	

17	18	15	

13	27	24	

16	17	28	

29	28	24	

16	23	17	

17	15	23	

15	17	14	

29	13	21	

16	19	30	

17	26	18	

24	16	18	

16	11	22	

20	12	22	

26	28	27	

21	12	27	

17	10	18	

26	30	19	

30	21	28	

21	12	17	

28	27	27	

23	30	26	

28	27	13	

22	14	10	

13	12	10	

14	13	16	

23	18	28	

18	20	24	

27	15	21	

18	12	22	

22	14	27	

23	27	18	

10	20	25	

13	26	17	

11	13	23	

20	10	19	

14	16	24	

16	20	12	

30	24	20	

16	22	20	

30	28	15	

25	14	24	

12	13	14	

10	22	15	

29	16	21	

28	23	30	

13	26	22	

17	24	20	

14	17	19	

18	18	10	

25	16	14	

21	18	11	

11	12	16	

16	17	28	

24	20	15	

21	24	27	

19	18	13	

16	28	16	

26	14	28	

14	29	13	

15	22	19	

26	26	28	

23	26	14	

10	29	14	

30	11	21	

22	29	30	

20	10	20	

30	19	17	

30	23	26	

21	16	25	

10	23	15	

10	22	14	

30	11	22	

25	28	22	

20	19	30	

15	15	13	

24	13	23	

22	14	10	

29	16	11	

14	26	30	

26	22	16	

25	26	14	

30	30	24	

14	14	25	

19	17	22	

14	23	25	

23	12	11	

24	30	21	

18	13	22	

23	28	11	

12	18	16	

14	21	24	

23	10	11	

17	13	19	

29	27	17	

14	23	10	

28	18	17	

10	18	12	

30	27	15	

10	20	30	

19	25	17	

20	29	29	

26	22	10	

11	14	15	

16	24	10	

21	27	21	

10	17	23	

17	13	12	

13	10	27	

29	23	13	

26	28	26	

11	25	20	

20	23	13	

13	13	21	

13	13	19	

26	13	15	

20	19	23	

19	30	18	

25	20	11	

20	20	25	

25	29	23	

15	23	15	

30	20	19	

11	20	16	

10	23	20	

16	28	20	

13	21	29	

30	30	27	

20	26	24	

11	11	24	

29	13	15	

13	12	25	

20	15	16	

10	16	14	

30	24	26	

24	28	20	

20	28	28	

30	15	20	

20	26	21	

16	24	24	

13	23	28	

28	27	23	

18	22	17	

19	14	23	

20	29	26	

10	11	30	

14	14	14	

22	28	17	

25	12	29	

19	10	12	

16	27	28	

20	14	15	

28	19	12	

23	11	23	

23	27	21	

10	23	23	

11	13	13	

19	21	26	

24	24	16	

25	13	19	

20	25	17	

11	15	25	

24	26	24	

22	18	16	

19	23	16	

23	25	25	

17	30	29	

15	24	16	

12	14	11	

12	19	28	

19	15	13	

22	28	25	

25	23	22	

13	11	30	

26	23	24	

21	28	22	

24	13	17	

22	22	28	

15	10	19	

18	24	13	

15	10	18	

25	21	25	

21	22	19	

26	22	17	

17	23	19	

20	19	22	

16	15	12	

12	28	21	

16	21	30	

29	22	22	

28	28	13	

19	22	15	

30	21	28	

12	14	16	

26	21	11	

23	22	10	

10	29	10	

13	14	15	

23	19	15	

26	25	11	

18	16	21	

23	13	16	

19	11	13	

29	11	30	

13	12	23	

17	16	29	

13	19	15	

18	11	13	

27	18	28	

17	28	17	

23	22	24	

11	20	14	

26	12	27	

15	30	28	

13	13	12	

11	17	27	

21	15	30	

27	12	27	

16	22	14	

25	16	20	

15	17	28	

14	12	13	

13	16	29	

19	17	24	

27	25	24	

15	28	26	

27	29	22	

12	25	19	

11	11	27	

12	25	19	

16	25	27	

22	23	10	

16	22	20	

21	16	24	

11	24	26	

27	27	14	

29	21	15	

12	10	24	

15	27	23	

19	26	16	

26	14	10	

23	19	17	

14	19	24	

25	23	15	

16	13	21	

30	12	22	

12	28	20	

10	19	24	

26	25	20	

23	28	15	

22	26	29	

12	12	14	

10	17	23	

16	29	15	

30	15	22	

22	14	16	

16	15	21	

17	29	27	

16	18	16	

13	11	29	

24	16	10	

24	24	24	

10	14	16	

18	23	14	

13	17	28	

17	28	10	

27	27	29	

23	20	17	

14	19	30	

16	21	16	

17	28	20	

23	11	30	

20	27	29	

30	25	19	

21	29	29	

19	16	29	

21	23	10	

27	14	20	

27	13	11	

30	26	25	

12	17	12	

23	17	23	

14	17	15	

22	30	23	

12	13	28	

22	21	29	

30	10	20	

22	17	26	

15	19	22	

27	15	22	

26	17	29	

28	17	21	

10	20	24	

27	28	25	

22	22	14	

22	19	28	

10	15	18	

21	22	12	

14	27	18	

14	28	13	

22	29	29	

23	18	18	

18	23	15	

18	27	15	

19	10	17	

28	26	11	

13	14	27	

23	19	11	

13	11	23	

26	17	12	

12	13	27	

22	22	17	

17	25	12	

20	27	16	

19	16	14	

29	25	12	

26	18	19	

16	27	22	

15	25	11	

16	29	15	

21	21	12	

10	14	16	

26	19	12	

19	11	26	

20	21	11	

12	17	28	

28	14	20	

10	20	30	

18	15	29	

10	24	19	

25	27	28	

19	20	21	

14	20	28	

20	24	10	

14	24	26	

27	18	24	

17	23	14	

20	13	28	

16	24	17	

19	11	25	

22	15	29	

15	22	12	

27	18	27	

14	17	23	

22	17	15	

10	10	13	

18	18	21	

25	15	14	

20	24	24	

26	21	20	

26	16	29	

24	15	14	

21	11	19	

23	22	19	

23	20	21	

25	15	22	

10	19	29	

18	28	25	

13	18	24	

24	15	17	

11	19	16	

12	22	19	

23	16	22	

10	10	21	

12	16	30	

26	19	15	

30	20	20	

29	16	23	

11	15	28	

24	29	12	

14	26	18	

14	15	16	

16	21	16	

19	23	13	

17	28	25	

29	21	13	

25	13	30	

18	26	26	

15	20	27	

23	26	10	

21	19	20	

12	16	29	

29	26	27	

10	19	28	

24	29	25	

29	23	24	

21	28	18	

14	20	10	

25	24	26	

23	29	15	

12	28	24	

13	19	11	

13	14	12	

30	10	26	

19	27	18	

27	23	19	

23	12	10	

13	22	25	

16	24	16	

16	24	10	

11	30	11	

19	24	18	

11	11	18	

30	15	22	

21	24	29	

15	19	26	

18	27	13	

24	11	21	

29	23	20	

12	12	27	

20	18	13	

10	22	21	

19	15	12	

18	29	14	

13	21	24	

26	29	12	

18	23	28	

24	15	20	

14	13	19	

13	27	15	

17	18	20	

25	13	29	

15	13	28	

10	29	17	

30	25	22	

25	11	14	

26	16	23	

30	28	15	

28	19	21	

25	23	12	

29	14	10	

30	24	10	

22	23	28	

30	20	20	

22	17	21	

26	18	22	

26	23	15	

13	16	12	

19	29	26	

28	16	26	

26	12	10	

28	21	20	

22	18	11	

21	30	16	

29	11	10	

26	18	14	

29	20	12	

14	16	28	

21	27	16	

29	23	20	

30	26	15	

12	21	20	

27	29	29	

16	30	28	

25	26	24	

24	28	16	

15	14	17	

16	25	12	

14	28	17	

25	11	20	

15	20	27	

29	17	28	

19	27	10	

18	19	28	

24	16	11	

20	10	27	

28	16	25	

21	21	28	

29	27	19	

18	22	30	

29	24	26	

24	16	10	

14	27	14	

27	30	17	

20	26	12	

24	26	13	

21	21	17	

11	17	13	

20	21	12	

19	21	23	

28	13	29	

29	29	18	

20	28	22	

29	17	21	

16	19	19	

20	14	27	

16	19	13	

10	19	27	

11	20	12	

16	14	20	

19	10	17	

11	19	25	

15	10	15	

22	28	28	

13	15	26	

28	19	23	

29	21	18	

12	28	15	

22	30	22	

29	23	18	

24	29	18	

30	28	22	

17	21	16	

25	23	14	

15	27	26	

24	30	25	

22	11	10	

24	15	27	

10	14	20	

21	10	10	

27	22	28	

30	16	14	

17	14	12	

12	12	12	

27	22	12	

23	18	29	

17	14	12	

18	30	27	

19	29	30	

20	28	26	

16	21	29	

23	29	13	

14	26	23	

14	13	29	

15	24	15	

23	17	14	

21	17	27	

18	22	29	

24	26	13	

29	16	23	

13	12	21	

24	20	12	

21	30	24	

21	27	19	

12	27	20	

19	17	30	

17	16	30	

30	22	26	

28	24	17	

29	12	28	

16	25	28	

24	25	12	

26	25	10	

10	13	22	

23	30	23	

22	24	13	

16	18	13	

26	21	12	

16	17	19	

25	28	23	

10	29	29	

28	26	24	

15	10	29	

16	12	26	

18	25	12	

21	18	13	

24	24	15	

11	21	18	

12	17	11	

12	10	20	

26	19	20	

17	23	30	

21	24	16	

13	27	14	

22	28	15	

30	27	12	

18	17	19	

17	28	18	

15	16	25	

23	26	28	

12	16	19	

27	15	11	

20	26	19	

14	14	11	

27	27	22	

22	24	17	

22	16	17	

28	13	11	

19	23	10	

30	15	14	

18	26	19	

27	21	26	

28	16	15	

17	20	26	

15	22	21	

25	25	20	

28	16	12	

22	19	15	

10	28	18	

12	14	29	

21	23	21	

20	13	22	

16	15	14	

18	25	19]	

