n:191	
m:3


W:[1870
1916
1890]


b:[83
97
89
59
83
58
74
72
65
75
60
96
97
96
60
84
75
60
50
73
71
92
74
81
53
97
60
91
70
74
74
89
77
70
78
57
87
95
98
74
52
68
100
55
96
84
91
68
73
77
87
62
59
72
70
68
83
77
75
71
53
97
94
55
77
95
75
88
64
72
72
67
57
69
55
96
77
68
66
73
55
93
65
89
75
67
98
100
83
93
78
82
76
76
60
53
80
73
98
92
53
54
64
83
99
75
73
52
54
85
88
76
76
59
97
83
98
89
95
90
92
84
50
56
62
89
83
96
63
95
91
98
75
55
71
95
97
61
81
63
67
60
68
56
99
58
59
55
66
65
70
68
69
90
83
52
82
89
81
80
93
67
57
65
79
81
73
99
83
75
96
77
69
63
81
62
61
91
54
68
65
83
52
70
78
72
85
50
67
66
83]


w:[10	18	12	

20	12	26	

13	10	29	

30	29	15	

27	18	18	

14	26	28	

19	10	20	

26	27	26	

19	17	26	

19	25	15	

23	28	23	

30	14	29	

19	20	27	

10	13	19	

10	10	24	

21	24	22	

28	26	18	

15	23	10	

17	10	15	

15	20	11	

17	21	27	

10	28	18	

16	21	25	

16	24	18	

19	23	10	

24	23	18	

10	29	14	

12	28	11	

11	27	26	

28	17	10	

20	24	23	

16	29	12	

20	12	12	

22	22	26	

25	27	30	

16	22	13	

27	28	13	

19	22	21	

19	16	22	

16	27	12	

14	11	12	

15	16	27	

19	18	26	

11	22	13	

20	20	16	

26	25	17	

25	10	16	

15	16	16	

20	19	23	

26	17	11	

19	11	26	

19	23	23	

23	14	24	

28	17	22	

28	15	15	

21	30	29	

27	14	22	

29	29	12	

26	19	28	

13	30	23	

24	22	11	

12	18	15	

25	26	11	

17	11	19	

12	23	24	

11	25	27	

29	24	22	

11	26	29	

29	12	10	

27	18	19	

14	29	27	

18	29	15	

25	15	23	

15	17	17	

17	25	19	

30	26	19	

21	11	21	

10	14	12	

26	24	10	

19	30	28	

26	11	20	

10	18	22	

22	22	26	

27	13	12	

15	28	24	

22	13	23	

16	19	16	

24	24	23	

29	21	11	

21	21	22	

18	14	23	

23	18	18	

11	15	20	

12	27	30	

21	28	12	

16	11	15	

22	24	24	

23	14	28	

19	24	20	

11	30	17	

23	24	15	

23	18	17	

25	17	24	

14	19	29	

20	15	20	

17	17	18	

11	21	27	

14	23	15	

29	22	16	

12	28	28	

12	13	25	

23	18	14	

20	28	15	

15	18	15	

24	14	30	

10	15	24	

13	20	10	

19	22	17	

12	14	11	

17	16	13	

13	25	16	

27	20	11	

27	18	17	

26	11	28	

23	24	15	

13	16	27	

15	25	25	

21	24	26	

24	11	10	

28	23	12	

24	28	16	

28	23	26	

18	13	16	

15	23	22	

20	20	10	

23	13	22	

11	19	24	

19	23	15	

20	20	29	

18	15	26	

21	20	27	

21	29	20	

25	12	29	

30	26	13	

17	10	19	

11	29	11	

17	10	18	

25	25	30	

13	27	16	

22	26	19	

20	17	11	

27	17	20	

10	25	20	

21	11	10	

22	30	15	

29	29	29	

23	26	30	

21	15	30	

12	26	14	

15	11	16	

27	18	23	

29	12	26	

20	27	27	

24	15	28	

24	12	28	

23	19	25	

11	23	20	

21	16	16	

25	10	25	

13	24	13	

19	28	20	

13	21	18	

29	23	11	

26	24	11	

18	21	17	

10	11	24	

30	16	25	

14	24	12	

10	10	20	

14	28	15	

28	20	18	

13	22	12	

16	20	23	

15	16	30	

12	10	22	

17	16	18	

12	24	29	

28	23	21	

24	10	20	

30	18	25	

25	28	26]	

