n:995	
m:4


W:[9824
9956
9978
10047]


b:[65
96
62
74
69
60
85
61
67
80
58
95
52
62
53
93
58
94
52
72
66
57
79
55
66
99
74
69
71
76
76
84
56
80
97
71
69
81
58
58
59
83
53
93
90
63
94
94
92
86
55
61
57
74
100
57
74
90
78
68
80
75
93
82
97
90
92
68
52
86
80
77
66
55
56
97
80
92
51
99
57
51
65
54
100
90
67
78
53
86
65
99
99
90
63
67
66
56
59
90
63
87
91
59
92
58
89
83
53
86
72
80
81
63
56
74
72
61
54
89
52
59
58
56
54
86
76
59
93
66
81
77
55
53
86
67
63
82
69
95
56
62
93
71
80
72
59
50
71
100
50
62
76
56
92
92
50
65
72
54
84
65
91
90
78
51
50
94
54
54
80
70
89
54
93
52
71
64
77
50
72
77
97
100
52
94
100
69
75
61
100
55
88
64
81
71
50
71
77
75
54
71
91
70
53
92
80
89
98
55
53
70
63
88
62
81
77
73
74
68
55
72
86
92
86
69
68
94
80
99
56
65
79
89
68
53
55
60
98
88
62
50
65
82
67
57
92
68
71
85
60
66
54
65
85
57
79
68
100
60
89
60
60
51
66
58
94
91
75
57
74
72
87
87
68
71
97
92
71
51
69
56
93
79
69
89
74
68
52
56
50
81
82
60
63
51
71
70
69
94
65
68
98
56
54
64
71
61
67
85
59
74
51
89
75
94
56
81
75
71
95
65
68
66
62
61
88
57
84
73
98
89
96
96
95
84
56
68
86
64
92
90
68
100
75
93
75
83
55
76
67
57
76
92
82
68
99
73
93
58
98
83
60
58
59
87
92
75
75
56
51
79
71
71
62
65
79
88
60
84
88
80
56
83
58
88
89
63
78
73
98
75
57
97
71
95
99
96
76
72
93
90
79
54
88
53
51
99
84
91
54
99
97
89
90
73
74
56
84
98
52
53
82
74
100
97
76
83
89
88
96
89
69
60
80
89
84
86
50
93
81
82
76
80
74
57
96
67
82
87
87
79
72
58
72
65
82
92
52
96
79
75
52
55
84
85
95
63
91
68
87
68
61
73
82
66
81
67
99
64
56
53
89
92
82
57
75
52
63
62
90
88
85
100
87
63
56
67
91
88
64
86
85
99
99
59
59
87
95
82
57
60
91
60
54
87
96
63
54
62
68
82
63
55
71
90
91
89
71
70
51
97
69
63
77
59
90
56
63
74
67
75
79
98
78
50
81
52
61
88
88
85
66
93
95
85
78
84
59
80
94
68
86
83
84
77
76
88
56
78
72
87
71
98
63
88
95
82
83
74
82
81
57
56
88
88
57
56
75
78
90
57
62
85
99
60
61
100
95
71
79
58
89
71
70
74
81
50
99
90
80
54
87
70
59
59
65
71
97
96
89
98
52
74
69
67
65
63
98
74
98
74
72
93
80
83
55
76
50
55
64
50
61
72
97
57
82
88
84
67
62
76
82
54
100
77
79
51
74
75
84
95
62
76
83
76
91
82
87
91
86
58
93
85
58
58
77
87
74
67
67
57
82
96
79
89
96
54
84
52
96
56
59
86
97
56
62
53
51
97
79
60
53
78
78
74
99
76
66
63
57
81
88
50
66
95
50
76
65
75
94
91
94
81
68
55
99
60
85
58
54
64
89
91
73
91
82
68
69
90
95
60
91
98
72
84
70
63
91
67
76
71
75
94
64
61
73
79
100
52
72
90
80
75
56
89
73
85
82
74
56
61
91
51
52
71
60
54
62
92
66
61
100
95
82
77
63
65
57
87
75
74
91
52
80
81
50
51
64
95
50
57
58
89
50
58
54
73
52
79
89
71
63
79
73
91
98
60
76
72
60
93
88
84
91
78
83
81
71
91
89
66
64
97
76
58
82
88
93
51
71
79
56
73
70
77
60
76
58
52
64
84
95
58
50
90
54
50
53
59
89
85
66
81
50
93
86
92
91
69
83
88
60
100
65
90
69
61
62
88
96
87
75
91
79
92
69
64
73
85
54
55
59
67
50
85
60
82
89
96
86
78
51
90
97
55
56
77
84
72
87
55
63
96
71
71
87
94
75
77
51
63
94
57
75
93
82
54
82
75
74
50
82
66
70
74
68
86
60
76
75
95
69
94
52
82
72
97
88
75
97
57
76
58
87
64
90
56
85
94
55
77
85
93
71
77
73
85
78
53
82
87
53
82
57
100
64
63
64
75
92
100
72
79
68
53
72
60
75
79
96
63
54
57
82]


w:[14	22	17	15	

17	21	25	23	

21	28	20	25	

12	27	14	10	

29	15	27	19	

24	24	10	18	

11	12	22	12	

28	23	15	26	

22	15	28	23	

18	11	13	15	

22	19	22	16	

13	16	19	10	

10	10	21	20	

11	13	28	21	

24	20	24	13	

12	20	30	27	

14	11	12	28	

24	15	19	16	

30	22	23	27	

25	24	12	19	

20	14	28	29	

23	23	25	29	

11	19	24	30	

13	27	27	27	

19	30	26	14	

21	28	30	25	

21	27	15	29	

14	24	10	15	

15	23	14	24	

18	13	24	29	

22	29	20	18	

20	19	20	14	

13	11	23	11	

11	16	25	11	

23	26	29	12	

20	25	26	20	

15	16	10	14	

25	21	28	10	

22	16	23	16	

25	15	12	25	

19	12	20	20	

24	16	10	14	

18	21	25	22	

21	19	12	10	

20	10	13	20	

21	14	23	28	

13	17	16	10	

19	13	20	20	

29	30	16	16	

16	26	10	18	

15	11	22	19	

16	11	29	12	

28	11	15	20	

28	14	11	26	

27	29	20	17	

16	20	14	14	

10	14	21	28	

13	16	23	29	

13	21	20	24	

10	26	16	26	

16	27	16	29	

29	26	17	14	

28	23	25	24	

23	12	26	12	

23	28	26	30	

12	11	27	19	

27	12	26	27	

10	29	16	28	

15	27	22	25	

11	24	10	30	

14	23	13	19	

27	23	15	24	

27	24	26	18	

14	15	10	19	

21	11	17	25	

20	11	20	22	

25	17	30	22	

15	26	29	26	

21	17	16	17	

22	25	27	13	

17	18	20	13	

23	10	14	26	

22	12	11	20	

25	27	26	27	

27	13	27	11	

10	11	28	20	

24	15	22	19	

26	19	18	13	

21	22	12	22	

13	24	22	29	

25	13	12	14	

17	29	25	29	

26	24	12	22	

16	20	27	28	

14	15	12	19	

18	24	26	12	

21	30	20	27	

26	16	15	26	

10	26	29	20	

21	22	21	20	

15	18	26	20	

15	15	22	29	

28	18	29	21	

30	14	29	12	

29	25	23	18	

25	11	24	19	

27	30	23	15	

30	29	16	20	

27	14	13	12	

24	30	26	29	

21	30	14	27	

30	20	19	24	

25	10	28	23	

17	15	27	18	

10	15	10	20	

18	16	13	18	

10	27	20	25	

19	30	10	18	

25	30	13	25	

28	30	10	28	

15	20	22	26	

29	12	28	11	

26	28	28	25	

20	13	27	14	

10	19	25	11	

27	20	30	16	

16	18	24	15	

16	23	26	29	

12	24	18	12	

19	14	13	21	

24	27	15	28	

20	13	10	24	

16	29	29	21	

28	27	17	13	

17	24	13	24	

11	23	25	22	

20	29	29	20	

19	25	11	19	

29	28	15	18	

20	28	18	22	

10	11	10	14	

23	18	24	18	

15	21	18	13	

15	17	25	13	

15	12	19	15	

22	21	29	15	

19	11	25	22	

13	10	15	30	

12	13	19	21	

11	10	12	24	

29	26	25	15	

18	22	30	28	

10	13	12	21	

27	12	19	30	

18	12	18	11	

24	27	13	14	

14	14	12	21	

20	18	23	30	

30	28	13	28	

15	24	16	17	

14	13	14	24	

18	27	27	20	

19	17	19	17	

30	14	27	24	

15	26	12	20	

29	25	17	30	

17	11	16	18	

21	27	18	29	

21	15	22	14	

20	18	25	22	

14	18	25	26	

25	15	17	21	

24	27	27	20	

15	22	29	29	

19	20	16	24	

10	25	28	23	

27	26	25	12	

14	25	16	20	

29	27	28	10	

21	27	30	24	

24	13	19	18	

21	20	11	15	

11	24	29	27	

14	12	16	19	

21	26	24	25	

19	22	29	11	

23	20	22	30	

25	16	10	25	

15	16	14	26	

11	26	17	17	

14	19	14	19	

25	28	26	20	

22	23	23	11	

11	17	21	26	

14	23	18	26	

17	14	13	15	

22	13	26	17	

18	19	19	20	

25	20	12	28	

13	28	21	18	

25	24	10	25	

15	18	18	22	

11	24	19	26	

28	24	19	20	

22	25	25	26	

12	20	23	14	

30	26	10	21	

28	23	26	13	

13	22	27	28	

19	23	17	23	

10	18	29	29	

26	25	28	19	

20	17	15	18	

22	15	10	17	

25	26	11	10	

17	12	24	13	

22	27	11	29	

16	11	21	29	

17	28	19	16	

10	23	24	24	

19	30	30	29	

24	11	16	25	

12	30	10	18	

26	15	22	21	

16	11	20	18	

26	13	29	28	

26	23	21	17	

11	10	13	14	

27	11	11	14	

12	12	18	26	

27	23	20	29	

29	25	14	21	

23	14	29	12	

18	29	13	29	

15	26	20	30	

15	10	10	18	

24	10	23	10	

23	25	29	10	

29	12	17	10	

21	26	19	16	

27	10	27	17	

24	25	23	23	

18	18	24	25	

29	13	14	23	

30	13	22	19	

25	19	22	26	

22	17	17	22	

10	10	10	21	

27	20	10	19	

19	13	24	10	

15	21	24	23	

14	30	14	17	

21	12	26	27	

28	12	24	30	

16	30	18	15	

17	16	17	19	

21	26	12	30	

18	14	30	11	

15	10	29	27	

13	24	19	18	

11	23	23	19	

11	15	14	27	

12	24	28	21	

22	11	21	27	

11	27	14	27	

13	26	14	25	

25	19	12	24	

27	14	21	22	

19	23	26	23	

25	15	20	16	

16	21	20	11	

22	22	29	25	

26	15	25	24	

18	23	28	13	

16	18	29	27	

11	29	20	18	

23	28	30	27	

13	18	29	16	

10	18	27	23	

17	13	12	20	

10	22	21	16	

30	23	17	23	

14	10	12	11	

29	13	13	22	

29	15	20	20	

28	20	23	15	

13	17	17	27	

21	27	13	13	

25	25	13	21	

16	25	12	13	

16	23	29	13	

12	29	12	25	

15	29	13	23	

20	21	24	20	

17	29	25	19	

11	10	30	11	

13	20	10	26	

26	24	25	17	

12	25	12	14	

24	12	28	30	

18	10	26	13	

23	20	22	11	

24	10	18	30	

15	18	23	10	

18	15	15	19	

26	13	24	12	

19	16	24	21	

27	13	16	29	

18	11	12	16	

13	24	16	15	

11	23	30	16	

10	24	30	22	

14	28	24	12	

25	19	13	16	

30	27	25	25	

24	12	27	27	

17	15	14	17	

15	22	17	28	

18	19	12	27	

15	22	23	25	

18	15	16	23	

12	18	10	27	

28	19	25	19	

16	13	28	28	

13	21	13	18	

15	16	30	12	

12	13	14	13	

14	12	27	25	

10	22	24	27	

12	22	26	10	

28	27	18	22	

26	30	27	28	

24	22	22	23	

22	14	16	13	

20	29	16	22	

21	29	16	18	

30	25	15	21	

20	19	12	23	

11	15	17	14	

21	16	29	26	

28	21	20	16	

13	17	28	13	

25	16	11	19	

12	21	20	11	

20	11	27	20	

25	15	16	12	

29	29	14	30	

16	18	16	29	

13	24	12	30	

29	10	20	22	

28	16	27	27	

29	17	21	13	

30	30	20	20	

10	25	27	28	

25	27	13	12	

24	21	27	22	

17	16	14	17	

25	29	30	23	

30	11	29	19	

11	12	20	28	

17	17	28	27	

11	16	14	12	

22	18	17	14	

22	13	16	15	

22	25	19	18	

29	17	23	14	

10	13	27	29	

18	26	26	27	

30	15	10	16	

14	13	30	16	

11	20	30	26	

14	17	25	25	

24	29	16	19	

23	17	13	17	

17	29	14	10	

14	10	16	28	

11	26	26	20	

24	23	18	23	

23	30	11	20	

30	18	19	25	

17	10	20	11	

26	10	23	18	

18	12	14	29	

28	14	30	14	

15	20	23	23	

20	14	18	11	

23	14	18	15	

12	30	13	28	

23	21	19	10	

28	19	15	16	

19	16	15	28	

26	17	30	24	

19	14	30	23	

29	15	26	17	

16	23	16	29	

10	14	13	30	

11	10	20	18	

18	22	22	22	

13	21	24	27	

14	30	23	13	

13	19	26	17	

23	25	24	17	

18	20	11	21	

11	26	24	10	

29	30	16	30	

15	13	24	28	

20	11	12	18	

14	20	20	18	

20	20	10	19	

28	19	30	23	

19	28	10	23	

10	25	12	30	

24	15	17	20	

17	15	26	19	

21	23	29	30	

16	26	12	28	

20	29	17	13	

24	28	12	12	

20	12	20	15	

17	21	24	25	

29	26	10	24	

29	22	13	10	

29	21	26	24	

19	20	13	26	

21	27	14	24	

20	22	23	24	

16	28	18	15	

25	15	22	13	

13	15	19	17	

15	17	13	10	

16	17	14	26	

12	16	30	26	

10	15	17	24	

26	17	21	29	

25	27	28	16	

15	30	10	15	

29	11	14	10	

19	19	13	23	

28	29	21	27	

16	24	29	17	

26	22	12	10	

15	16	18	13	

29	14	12	27	

26	17	17	21	

18	27	26	20	

12	19	20	28	

27	24	11	29	

24	30	30	18	

12	15	28	26	

14	14	17	15	

17	29	18	18	

27	20	21	22	

29	28	22	20	

27	30	24	11	

26	23	22	15	

12	18	22	15	

22	23	12	23	

11	29	11	13	

21	23	30	19	

10	30	10	26	

22	11	16	17	

18	19	19	22	

15	28	24	29	

13	23	17	15	

24	23	17	10	

14	10	13	24	

23	18	10	10	

27	13	13	11	

22	14	30	10	

21	21	26	21	

27	15	18	30	

15	21	28	15	

24	20	21	16	

21	28	29	24	

19	25	22	21	

24	11	17	21	

20	17	14	24	

17	10	25	16	

30	12	20	26	

29	26	17	28	

21	11	21	26	

20	17	29	26	

18	18	21	27	

29	17	25	24	

13	12	14	30	

18	18	21	24	

17	11	24	22	

11	17	20	13	

28	18	17	20	

12	27	30	30	

17	27	21	25	

14	17	17	12	

16	30	21	18	

20	16	16	18	

29	11	10	11	

19	24	13	27	

28	19	18	17	

28	14	16	11	

16	17	11	12	

26	29	27	14	

15	17	11	14	

10	18	18	15	

21	20	10	13	

11	30	21	28	

18	10	27	23	

18	20	18	10	

21	14	26	27	

24	26	17	12	

14	10	30	20	

28	28	17	19	

14	15	11	28	

13	11	23	11	

17	23	12	15	

20	29	11	13	

15	27	14	10	

13	26	23	12	

14	29	25	11	

11	25	12	22	

14	18	22	29	

24	12	28	19	

17	30	14	19	

16	15	25	15	

11	25	29	24	

11	26	28	18	

20	18	28	18	

17	17	10	18	

27	27	12	30	

15	28	10	28	

11	27	18	16	

29	19	11	18	

23	10	22	23	

15	11	15	27	

28	24	11	10	

29	19	28	17	

16	18	19	23	

24	30	29	30	

25	30	16	20	

17	24	12	12	

27	26	27	16	

13	26	11	19	

21	12	17	20	

17	17	29	10	

20	22	23	20	

14	19	30	22	

10	30	17	27	

14	16	20	19	

22	21	14	16	

15	10	26	14	

16	21	26	28	

14	24	25	12	

20	13	22	21	

14	13	16	27	

28	21	21	26	

16	21	24	18	

12	29	18	25	

29	14	26	25	

14	20	17	18	

25	11	27	16	

25	30	14	19	

29	11	16	22	

28	21	28	12	

28	12	29	24	

19	22	27	14	

20	15	23	16	

22	19	19	13	

10	23	16	30	

26	17	24	28	

27	19	12	11	

26	16	24	26	

15	30	26	30	

14	23	28	28	

16	24	26	30	

17	30	13	25	

17	18	22	29	

20	20	24	21	

12	26	29	15	

21	14	24	27	

25	30	26	14	

27	19	17	16	

30	24	27	29	

20	13	12	23	

15	18	15	30	

30	18	22	23	

21	29	10	18	

19	18	12	20	

18	30	28	20	

24	14	21	30	

11	17	23	13	

12	23	28	24	

13	14	13	16	

16	13	27	26	

20	26	13	18	

17	11	19	14	

10	13	21	24	

13	21	11	17	

25	25	10	12	

16	17	10	19	

26	20	17	10	

12	24	15	19	

23	11	11	28	

19	23	15	28	

25	22	11	19	

23	18	13	20	

29	22	14	19	

24	13	17	30	

17	14	23	26	

19	29	21	20	

29	25	24	18	

16	15	24	18	

18	12	24	30	

12	24	15	19	

18	29	23	30	

24	12	15	20	

17	13	22	11	

13	26	14	20	

29	20	21	19	

22	18	24	10	

30	12	27	21	

21	28	20	12	

10	16	13	25	

19	22	22	18	

11	20	19	25	

12	16	22	11	

16	29	25	13	

29	30	11	26	

30	30	25	12	

10	19	11	18	

12	13	14	28	

16	16	17	22	

18	22	24	14	

10	10	27	12	

29	15	22	16	

15	13	12	30	

30	18	22	19	

14	15	20	21	

23	17	26	16	

16	29	27	29	

29	29	13	18	

12	22	15	29	

26	25	23	22	

10	27	18	11	

29	27	30	24	

14	24	19	30	

16	24	20	29	

18	24	25	21	

10	27	15	18	

26	18	28	23	

17	13	23	30	

19	23	26	29	

30	10	11	25	

17	23	22	23	

21	22	18	20	

11	28	26	18	

29	17	30	15	

28	11	24	11	

15	27	17	12	

30	26	27	19	

11	11	19	28	

21	21	30	23	

30	10	14	23	

22	25	19	30	

22	21	17	18	

18	19	15	13	

14	27	11	11	

12	10	11	11	

12	22	10	17	

20	17	18	30	

22	20	14	23	

14	26	29	10	

19	12	21	30	

11	27	25	24	

16	27	23	15	

14	13	28	27	

17	11	18	11	

10	17	26	20	

29	24	26	13	

11	19	14	21	

22	19	15	29	

22	27	15	15	

12	29	30	28	

24	23	28	10	

27	14	28	21	

27	22	22	23	

15	22	15	25	

15	14	22	10	

23	15	30	24	

21	19	29	28	

17	26	27	26	

11	30	26	18	

25	26	21	29	

16	25	13	13	

18	24	25	18	

27	13	17	29	

18	19	11	30	

16	10	20	11	

27	26	15	17	

16	24	27	19	

22	17	29	21	

19	17	14	26	

16	18	26	26	

30	13	10	30	

14	24	27	16	

30	25	30	26	

25	24	10	12	

14	11	11	27	

19	13	11	14	

27	18	17	15	

18	15	19	23	

23	25	19	22	

29	15	12	20	

22	20	27	13	

21	28	27	17	

21	15	15	15	

14	23	28	25	

16	30	22	24	

23	29	21	20	

21	29	13	16	

13	17	14	19	

22	14	25	29	

29	18	29	24	

12	19	10	23	

16	23	24	10	

23	29	26	19	

29	17	25	26	

24	21	23	18	

17	21	30	16	

22	10	27	19	

20	24	23	23	

25	10	28	18	

21	22	15	30	

18	10	12	29	

20	29	12	23	

27	23	29	11	

12	22	24	15	

30	22	14	19	

11	20	15	26	

28	20	24	10	

20	20	13	13	

21	27	23	15	

26	13	25	20	

26	10	18	22	

19	16	26	21	

28	24	30	29	

26	19	24	21	

12	22	28	27	

30	23	24	17	

15	29	21	18	

14	29	11	17	

16	30	12	20	

22	13	14	30	

27	23	26	28	

10	18	27	30	

18	18	11	30	

25	13	17	21	

20	11	24	18	

15	26	14	18	

19	15	21	13	

14	23	28	13	

13	22	28	18	

29	10	23	17	

14	13	27	25	

29	30	16	14	

21	10	26	14	

27	20	26	10	

11	23	27	16	

25	24	23	29	

29	30	26	19	

26	21	23	24	

22	22	23	11	

16	12	27	28	

18	29	15	20	

15	29	19	17	

11	20	17	12	

11	29	24	13	

13	17	30	19	

24	28	14	15	

28	27	25	27	

16	10	23	20	

15	12	16	13	

15	28	15	16	

21	11	19	11	

29	15	22	16	

13	28	11	30	

12	20	18	15	

10	20	12	24	

16	27	24	18	

19	13	28	24	

25	29	21	19	

18	28	26	13	

24	27	13	21	

10	22	28	26	

14	30	10	14	

11	12	12	17	

26	13	17	25	

23	17	26	10	

17	12	20	27	

20	23	30	18	

24	15	23	20	

21	28	18	22	

16	22	17	26	

28	20	14	10	

23	13	29	24	

29	24	13	12	

18	20	11	17	

12	29	19	19	

13	13	22	13	

16	24	25	24	

10	25	24	20	

26	25	27	22	

20	28	12	30	

28	15	22	25	

24	17	14	12	

28	28	25	29	

21	20	21	28	

14	30	23	20	

14	13	25	25	

19	11	26	10	

13	15	14	30	

14	19	16	17	

24	28	16	14	

11	22	11	21	

29	11	24	24	

23	10	25	25	

27	23	17	18	

16	28	15	28	

20	29	26	17	

16	10	24	23	

25	19	10	11	

28	18	25	10	

20	22	13	14	

21	21	20	16	

14	15	21	29	

18	28	26	24	

16	28	16	13	

30	21	24	21	

26	18	25	28	

19	23	30	20	

30	24	15	28	

12	30	11	16	

11	18	21	23	

15	19	20	29	

21	19	15	26	

18	11	25	10	

16	10	30	18	

17	23	11	23	

21	23	23	12	

13	30	21	10	

22	18	20	25	

23	13	21	12	

20	19	24	16	

29	14	12	27	

27	25	14	25	

19	18	14	29	

13	15	17	24	

23	21	30	25	

16	10	18	29	

26	12	18	14	

28	28	30	15	

18	13	23	30	

21	23	30	28	

30	17	27	19	

24	21	15	14	

15	26	13	24	

10	11	19	23	

11	19	16	26	

14	13	25	11	

29	16	13	27	

13	12	12	29	

22	25	29	11	

14	25	20	29	

10	24	13	25	

27	27	26	11	

12	29	28	14	

19	19	22	22	

28	13	18	26	

23	20	29	23	

16	29	28	23	

30	16	15	26	

15	22	20	16	

29	26	13	28	

10	30	22	20	

13	30	18	16	

11	30	17	29	

22	19	16	23	

27	15	28	15	

17	30	12	18	

26	21	11	11	

20	25	22	23	

19	18	20	19	

23	12	29	12	

18	17	12	20	

16	12	28	20	

26	22	12	13	

17	25	20	11	

17	20	26	17	

23	10	19	18	

22	27	22	29	

27	15	10	28	

21	29	27	24	

30	12	29	28	

27	22	15	29	

27	30	25	20	

21	21	14	20	

30	22	23	11	

27	12	19	24	

24	28	24	11	

10	22	24	29	

13	16	12	21	

23	30	19	24	

12	12	27	23	

26	20	22	24	

23	14	14	20	

23	30	22	28	

21	10	10	20	

30	14	20	19	

26	23	18	12	

13	30	11	17	

27	28	22	19	

15	25	14	19	

23	20	22	18	

13	23	19	28	

17	10	17	22	

27	20	19	27	

25	21	21	19	

12	23	18	10	

26	27	30	26	

30	22	15	17	

14	24	16	13	

25	21	26	16	

23	27	19	26	

13	25	17	22	

25	24	18	14	

28	18	28	13	

27	16	12	20	

13	18	29	19	

28	12	24	29	

24	23	12	18	

11	18	27	17	

27	17	18	14	

17	27	28	17	

11	21	11	11	

30	17	21	16	

12	20	21	25	

28	19	17	11	

28	26	27	11	

30	19	14	24	

16	23	15	26	

28	18	29	24	

10	22	19	23	

12	20	13	23	

25	22	30	15	

28	11	12	11	

14	24	12	24	

21	26	25	26	

15	19	25	18	

19	11	22	16	

24	22	12	20	

15	13	13	17	

21	23	28	12	

11	21	15	24	

13	15	18	22	

23	18	20	18	

11	10	27	18	

22	24	13	12	

11	28	24	13	

24	19	23	15	

28	25	18	30	

21	11	22	27	

21	14	16	13	

12	10	28	15	

21	10	12	23	

28	15	26	16	

13	14	30	26	

26	22	20	19	

21	12	19	27	

22	11	25	12	

19	13	10	12	

17	24	29	24	

25	24	11	21	

29	16	12	21	

15	12	30	18	

26	22	28	24	

10	27	17	11	

27	30	20	19	

30	28	25	11	

27	25	18	17	

14	30	13	30	

17	11	10	13	

30	27	27	14	

30	13	16	24	

13	30	18	17	

27	26	27	19	

16	24	27	12	

15	22	15	29	

15	14	12	16]	

