n:205	
m:3


W:[2034
2148
2064]


b:[88
58
71
95
74
74
92
92
70
55
90
52
67
60
74
58
91
69
65
100
83
99
96
86
98
53
58
93
80
76
52
69
89
85
87
72
81
70
59
83
99
89
98
93
68
64
69
94
57
72
70
74
82
52
86
56
96
100
80
79
90
94
71
75
61
69
71
92
60
66
66
87
88
55
63
56
100
58
80
73
74
94
56
86
81
74
59
68
53
68
62
56
80
61
74
56
52
57
70
75
72
91
92
93
89
57
51
94
94
92
92
98
82
79
97
99
93
95
86
53
82
63
61
87
73
85
67
99
72
71
64
62
58
52
51
55
59
82
90
81
84
60
74
96
79
96
61
94
51
62
51
63
78
100
51
52
59
84
63
71
84
81
64
53
52
55
72
60
72
79
60
70
55
55
71
82
83
60
87
83
87
61
100
85
55
80
62
72
69
51
54
83
95
55
79
77
98
53
87
69
55
60
100
84
57]


w:[27	17	27	

18	16	14	

10	25	15	

19	13	28	

23	14	14	

22	19	25	

24	25	15	

29	12	28	

18	27	10	

29	19	29	

12	16	20	

20	24	27	

12	22	21	

19	23	14	

12	30	20	

17	21	30	

14	20	27	

18	27	15	

25	27	19	

15	27	15	

13	23	26	

22	22	25	

16	24	23	

11	11	21	

11	19	12	

17	29	28	

20	14	17	

28	20	28	

12	20	16	

26	19	26	

20	18	18	

25	20	14	

28	24	26	

25	19	10	

16	16	20	

24	28	17	

20	18	15	

21	11	24	

22	19	15	

29	14	28	

11	22	13	

25	27	30	

11	24	10	

14	27	24	

10	20	20	

21	21	23	

18	29	25	

30	25	12	

10	21	12	

27	10	27	

16	15	25	

19	13	27	

28	22	13	

10	30	16	

25	24	24	

26	20	16	

28	26	14	

29	28	20	

18	15	25	

27	22	18	

30	21	29	

18	27	21	

24	28	18	

28	19	18	

25	11	17	

22	22	14	

26	13	10	

12	23	16	

12	24	18	

20	29	20	

22	17	18	

22	28	22	

16	23	20	

11	18	25	

15	18	18	

20	29	25	

16	26	26	

21	27	16	

14	13	18	

17	30	28	

22	29	28	

21	29	22	

23	20	26	

16	30	23	

26	24	12	

17	15	24	

11	12	11	

19	14	17	

24	10	19	

27	20	12	

24	30	14	

14	20	28	

28	24	30	

10	23	14	

12	30	18	

30	11	29	

17	29	22	

22	27	12	

27	14	30	

26	30	23	

15	21	30	

17	20	12	

23	19	23	

15	29	11	

19	10	17	

22	22	21	

28	19	21	

28	14	20	

13	27	26	

15	27	20	

13	27	25	

22	25	21	

24	17	30	

22	18	16	

15	28	13	

20	26	29	

29	12	24	

11	10	30	

22	17	19	

17	30	26	

14	29	11	

19	24	27	

26	15	15	

20	10	30	

10	26	16	

11	20	13	

14	24	24	

18	21	25	

20	12	18	

20	25	14	

25	19	16	

22	28	29	

10	10	25	

14	27	14	

18	22	18	

17	18	20	

26	18	18	

17	12	17	

29	28	11	

25	26	13	

14	28	14	

23	29	22	

18	23	19	

12	22	12	

23	21	12	

24	26	18	

29	29	21	

10	26	19	

15	20	26	

20	27	28	

21	15	29	

27	13	30	

13	18	18	

20	14	17	

24	11	19	

23	25	28	

14	19	28	

17	14	25	

28	19	12	

17	15	16	

23	19	24	

27	26	10	

14	21	29	

30	13	16	

29	27	27	

15	11	10	

13	20	17	

30	19	14	

21	26	17	

28	15	28	

15	30	11	

30	25	16	

20	19	16	

19	15	11	

22	19	12	

16	29	27	

11	23	25	

22	24	21	

10	10	29	

29	23	11	

13	12	23	

10	25	12	

20	15	13	

12	24	23	

20	14	30	

22	23	12	

19	18	10	

10	30	19	

30	16	19	

14	20	25	

30	21	17	

16	12	22	

16	27	12	

20	19	21	

22	22	30	

30	23	26	

11	16	17	

27	23	26	

18	13	28	

23	22	30	

23	20	10	

16	20	12	

21	20	26	

24	27	19	

22	14	27]	

