n:637	
m:4


W:[6289
6487
6371
6431]


b:[68
84
57
59
81
81
95
52
82
75
90
89
58
88
76
72
97
64
97
96
65
77
68
76
64
73
74
54
88
67
98
87
97
75
63
78
97
94
89
82
85
55
86
63
78
65
66
69
55
83
84
50
79
52
60
100
61
68
78
97
92
81
77
87
95
89
89
75
77
98
70
73
78
79
62
78
76
86
65
56
70
98
53
100
51
92
51
96
80
95
96
59
73
82
92
83
92
59
82
67
86
72
88
70
50
63
61
51
74
99
67
88
76
53
73
82
59
97
56
82
55
82
70
75
89
85
52
82
70
92
77
60
51
75
56
62
93
70
62
78
89
66
62
58
97
86
67
54
73
67
75
86
84
82
54
98
89
55
90
69
64
81
89
76
89
88
97
58
95
66
87
61
82
99
96
89
84
82
71
89
55
69
91
51
99
100
53
100
79
100
71
56
96
95
58
66
91
62
63
51
95
52
94
94
95
61
73
86
81
56
85
52
96
53
79
83
67
63
74
67
65
85
100
82
80
59
51
98
76
76
85
84
81
62
97
79
93
98
85
56
58
92
92
58
89
55
71
55
55
88
91
50
70
84
53
70
69
95
73
93
87
60
53
55
86
59
100
63
68
73
97
71
67
51
88
77
71
72
65
93
55
60
94
57
76
56
95
57
64
88
76
64
83
52
91
59
70
55
76
64
94
89
75
88
57
81
54
57
87
65
96
96
56
69
74
58
99
50
94
59
95
98
88
81
63
67
52
58
79
68
67
60
69
54
82
99
53
81
76
61
91
68
89
71
57
98
78
69
96
68
65
52
69
90
77
84
51
72
100
96
75
81
99
60
58
89
55
55
93
68
99
96
95
63
68
75
53
83
87
89
50
84
61
63
94
68
89
91
58
81
64
68
65
85
57
57
54
68
89
60
91
82
81
93
50
52
70
66
53
81
64
83
89
82
67
56
77
70
86
94
55
90
100
56
80
84
94
85
95
64
67
95
77
53
64
54
94
100
73
64
63
56
58
54
100
62
86
58
55
99
64
95
52
59
97
50
79
80
57
90
75
86
78
65
57
75
88
85
80
58
65
51
68
88
52
82
87
66
90
52
76
86
92
70
76
91
99
67
68
97
92
72
90
98
53
76
73
50
97
69
91
69
59
80
76
74
82
94
55
88
89
82
90
82
84
80
89
87
65
99
64
71
99
70
79
99
98
72
63
50
80
69
98
50
96
73
64
67
85
65
65
69
65
85
59
91
99
96
71
55
97
67
97
78
84
56
81
82
58
52
76
91
93
77
89
74
91
91
59
73
77
88
64
55
99
59
53
92
58
57
73
51
86
64
91
71
79
50
72
78
64
91
62
66
88
90
100
60
64
96
83
55
90
93
97
76
79
61
63
76
77
54
85
71
91
58
89
62
50
61
73
59
84
68
80
78
61
55
84
51
79
52
77
67
54
52
67]


w:[10	28	14	25	

16	28	17	14	

15	14	12	28	

19	12	14	25	

12	16	26	13	

11	25	16	17	

15	23	16	30	

26	17	16	12	

26	10	13	25	

22	30	22	17	

12	26	29	20	

16	29	10	30	

15	17	18	27	

30	12	16	26	

23	21	30	24	

26	26	22	23	

14	12	16	22	

12	27	25	23	

23	23	29	15	

12	26	15	25	

10	24	21	30	

24	29	27	26	

28	26	28	18	

28	24	12	25	

10	21	17	16	

17	20	20	22	

15	16	30	21	

21	30	11	15	

21	22	24	30	

14	11	25	12	

13	27	24	27	

25	29	21	29	

26	16	12	21	

11	14	27	23	

18	25	10	20	

20	22	12	20	

20	17	24	12	

23	28	12	17	

21	14	26	18	

21	18	28	21	

23	26	19	16	

18	18	22	16	

25	30	27	28	

19	16	17	30	

26	11	28	19	

13	17	19	27	

22	11	15	28	

16	16	30	14	

27	15	14	13	

14	27	10	29	

29	14	30	25	

15	24	14	25	

30	20	20	18	

18	18	25	12	

23	11	14	24	

17	25	12	11	

16	11	29	20	

28	17	28	24	

30	10	13	29	

16	10	19	21	

23	12	24	19	

22	20	12	28	

27	18	29	25	

28	19	16	16	

22	13	15	22	

22	27	27	22	

10	16	18	29	

25	26	17	12	

13	21	22	16	

26	23	24	13	

18	25	28	21	

29	17	25	16	

22	13	21	19	

13	25	17	17	

27	11	21	19	

10	12	15	23	

28	29	20	24	

15	28	24	30	

15	17	15	25	

12	18	21	15	

14	17	28	19	

20	20	10	29	

10	12	17	14	

10	19	24	30	

30	15	30	28	

20	21	20	18	

27	12	30	14	

27	30	24	25	

27	19	19	17	

11	25	11	12	

22	30	27	13	

14	27	25	20	

17	19	12	30	

28	26	21	15	

30	28	27	19	

13	26	11	11	

24	10	24	14	

26	16	19	15	

30	13	13	10	

18	11	20	23	

29	26	20	30	

25	15	19	29	

24	21	20	10	

14	25	14	18	

16	17	23	23	

26	21	20	28	

17	19	27	18	

12	12	13	14	

24	11	18	19	

24	24	19	12	

11	15	20	12	

28	11	13	26	

20	30	22	30	

17	12	23	13	

26	17	17	18	

11	17	23	16	

23	25	11	13	

10	29	20	26	

16	23	28	19	

16	18	17	14	

10	17	12	29	

12	22	16	24	

30	26	10	30	

15	11	28	17	

15	12	19	18	

21	20	25	20	

30	22	10	14	

28	17	21	12	

22	27	12	20	

27	25	26	19	

25	11	24	19	

25	25	14	19	

21	14	27	24	

22	29	23	14	

20	20	30	24	

24	24	22	11	

28	23	13	13	

10	29	25	10	

21	20	17	25	

13	23	22	10	

29	15	27	24	

21	17	22	19	

19	22	26	11	

23	17	24	28	

10	18	30	29	

16	20	16	23	

12	10	12	13	

18	26	29	10	

28	17	15	28	

11	24	23	22	

13	18	10	10	

23	28	22	15	

27	25	21	21	

29	21	17	27	

17	20	23	28	

22	16	17	17	

30	26	17	27	

25	12	13	25	

13	14	26	29	

22	16	30	24	

13	20	14	16	

13	23	15	23	

16	25	14	22	

27	22	20	24	

21	16	24	22	

24	25	18	18	

21	23	11	29	

20	10	17	28	

20	15	23	14	

22	16	29	29	

20	13	30	13	

26	29	22	15	

19	25	20	26	

10	30	22	23	

23	27	13	12	

28	20	24	30	

17	18	17	28	

21	29	17	14	

30	26	12	28	

12	28	16	28	

24	22	16	12	

14	29	18	12	

19	27	17	29	

15	15	24	25	

19	12	26	30	

16	27	30	29	

24	28	10	13	

28	22	27	16	

28	20	15	20	

13	15	22	24	

12	26	30	29	

10	12	16	15	

12	26	20	18	

20	21	28	24	

12	23	10	19	

13	10	12	14	

16	17	27	22	

26	13	17	15	

14	15	18	19	

11	22	11	15	

30	21	15	21	

19	22	22	10	

25	27	18	20	

30	26	15	29	

27	13	20	17	

13	14	21	24	

22	26	28	14	

23	30	29	17	

29	27	22	29	

12	16	22	25	

25	21	16	19	

11	18	29	24	

20	21	29	28	

19	22	14	19	

23	25	25	10	

25	27	19	16	

27	28	26	19	

26	30	25	11	

14	23	22	28	

19	22	27	26	

18	17	25	10	

12	15	29	29	

15	27	29	20	

14	19	13	18	

25	27	29	12	

14	25	30	30	

21	24	11	11	

11	14	12	15	

14	17	13	16	

12	16	21	17	

13	10	13	16	

26	10	26	22	

19	20	22	17	

20	26	27	22	

30	18	21	22	

21	20	28	27	

15	16	26	30	

29	29	27	11	

19	21	15	16	

26	12	22	28	

24	11	18	16	

12	20	30	26	

11	27	22	25	

15	12	25	29	

28	16	11	22	

20	25	14	24	

10	18	19	12	

24	30	15	30	

24	10	18	29	

29	20	18	29	

10	12	25	17	

15	16	22	16	

27	10	22	20	

10	16	16	18	

16	18	18	14	

16	19	12	18	

20	10	23	26	

26	27	28	19	

30	20	26	12	

13	18	18	23	

25	15	24	30	

24	29	25	16	

13	13	30	22	

11	25	19	20	

24	21	10	18	

16	18	17	10	

29	30	10	21	

13	27	19	10	

16	24	27	13	

23	26	18	10	

20	30	30	28	

30	13	23	30	

11	25	10	28	

26	20	17	21	

13	24	18	30	

15	25	29	28	

26	24	26	12	

15	17	29	27	

13	30	19	10	

10	27	20	18	

10	15	23	26	

15	28	12	13	

17	27	28	23	

10	10	22	29	

19	27	16	19	

14	17	24	21	

23	22	24	17	

19	16	26	26	

14	21	12	13	

23	11	16	19	

20	19	27	26	

30	14	16	26	

29	27	24	27	

17	23	23	13	

12	26	26	24	

18	17	26	10	

21	25	28	15	

23	11	20	13	

15	11	28	25	

30	27	28	16	

20	17	26	21	

22	13	21	13	

13	12	28	15	

12	29	10	25	

25	26	27	28	

14	27	11	30	

27	12	17	13	

29	28	24	17	

27	12	17	22	

13	21	14	20	

27	20	15	29	

17	28	14	24	

12	10	16	25	

18	20	21	18	

28	20	14	10	

20	26	16	22	

12	23	28	30	

27	11	25	17	

25	19	28	23	

13	17	17	23	

30	19	16	29	

17	10	21	25	

23	26	21	20	

19	21	17	27	

16	28	11	27	

14	28	22	11	

22	26	15	27	

17	29	10	21	

10	28	29	18	

14	21	13	18	

30	29	17	20	

28	30	13	29	

17	26	12	26	

14	16	22	18	

12	15	10	15	

12	25	22	18	

30	20	14	25	

24	12	29	10	

30	21	25	25	

15	23	13	25	

24	28	27	23	

28	16	25	20	

21	10	25	17	

16	15	17	13	

14	12	19	13	

19	20	18	10	

16	16	11	10	

12	30	21	11	

27	22	16	16	

27	21	14	22	

11	10	23	14	

13	24	20	11	

25	11	17	19	

22	17	20	20	

20	16	11	23	

18	21	27	13	

25	29	30	20	

11	11	13	27	

29	22	18	12	

30	28	12	19	

13	24	30	23	

15	12	30	10	

19	28	23	29	

19	16	22	13	

14	28	23	28	

30	29	19	17	

20	27	23	25	

19	27	17	27	

12	23	17	27	

18	23	24	19	

25	14	26	23	

28	24	11	26	

29	28	22	16	

26	10	10	23	

24	13	18	30	

11	27	20	16	

30	22	30	30	

17	25	10	29	

24	20	16	26	

14	27	22	27	

30	11	28	12	

17	11	26	10	

23	18	20	15	

26	12	10	15	

25	23	30	15	

23	11	27	10	

21	21	25	14	

21	11	16	20	

28	23	13	29	

26	30	27	15	

14	23	10	28	

18	21	20	16	

23	21	24	15	

16	22	23	28	

26	12	12	17	

29	24	23	16	

23	11	30	10	

28	26	20	21	

22	29	14	19	

11	21	29	23	

12	12	26	15	

19	26	16	18	

29	14	14	24	

11	19	23	29	

24	23	15	27	

29	15	14	17	

23	23	10	20	

22	19	13	26	

19	27	12	15	

12	18	26	12	

10	25	11	14	

22	24	15	26	

15	12	23	23	

12	21	25	20	

30	20	12	13	

24	27	18	14	

28	30	23	11	

21	15	13	27	

24	25	21	18	

15	11	17	23	

15	12	19	17	

21	13	26	12	

15	27	27	16	

20	30	20	24	

30	10	27	18	

22	12	27	26	

30	30	21	27	

15	10	26	26	

18	11	11	30	

20	23	25	16	

13	11	16	24	

14	28	16	17	

14	20	12	24	

19	23	17	25	

19	12	26	10	

14	26	24	20	

16	24	10	19	

15	28	30	18	

24	12	21	17	

23	17	25	20	

19	22	21	27	

11	17	27	22	

26	30	25	25	

28	30	28	19	

25	28	25	26	

13	20	18	27	

30	23	29	26	

18	25	18	19	

14	26	30	19	

12	21	19	12	

29	21	24	12	

24	17	10	23	

17	26	19	22	

21	15	28	19	

16	30	22	24	

11	27	18	29	

29	15	18	13	

11	18	10	10	

20	12	16	13	

10	26	10	28	

28	13	14	22	

15	20	30	10	

22	11	24	22	

11	25	28	13	

26	28	21	20	

17	16	13	17	

18	23	12	11	

12	28	12	11	

20	15	29	29	

18	27	10	17	

15	18	14	28	

25	18	19	15	

23	27	10	24	

21	21	29	27	

10	24	10	26	

17	23	29	24	

11	21	20	11	

23	19	12	15	

10	12	13	29	

24	26	23	30	

12	27	10	14	

12	18	26	12	

16	13	28	24	

25	26	26	11	

29	14	27	27	

19	12	12	14	

21	30	25	18	

30	25	14	11	

13	27	26	22	

26	22	27	28	

30	28	16	11	

16	26	30	16	

23	18	12	25	

28	26	15	29	

17	14	14	12	

18	13	25	25	

10	21	30	26	

14	14	18	27	

26	24	24	12	

18	30	16	17	

14	28	27	29	

24	29	22	28	

27	14	26	21	

27	10	30	22	

24	11	22	10	

16	24	10	17	

18	23	20	21	

29	20	10	25	

30	15	27	16	

22	19	19	20	

10	10	30	12	

18	14	11	14	

15	17	18	23	

27	20	23	16	

16	10	25	15	

22	22	10	30	

21	26	18	19	

15	29	25	10	

24	29	22	23	

24	14	21	30	

12	13	26	26	

16	26	12	25	

25	20	25	26	

19	19	29	24	

12	18	17	13	

13	12	23	11	

10	25	20	30	

18	21	22	19	

29	19	18	14	

10	20	13	10	

30	24	11	18	

24	27	21	12	

14	20	14	29	

17	19	11	21	

17	26	28	21	

21	25	30	19	

21	23	13	22	

20	16	24	19	

28	25	17	29	

13	28	24	20	

11	14	22	29	

28	17	16	23	

17	24	29	29	

20	19	24	14	

25	12	14	24	

12	26	13	16	

19	28	13	14	

20	16	18	15	

12	18	10	24	

10	10	18	24	

16	15	24	19	

28	20	24	17	

26	20	23	29	

24	30	13	13	

25	15	11	21	

19	28	30	10	

19	28	24	14	

19	10	25	24	

16	16	12	21	

26	24	10	22	

11	20	30	18	

13	14	12	10	

11	24	19	26	

14	30	12	19	

12	28	21	26	

25	11	17	18	

16	21	22	18	

18	25	10	28	

15	29	15	25	

28	18	30	25	

22	26	30	11	

22	27	19	20	

23	25	13	14	

26	26	12	24	

21	16	16	14	

29	15	13	24	

20	21	19	17	

13	26	18	15	

17	17	20	21	

23	21	27	12	

20	17	29	25	

19	20	18	26	

30	30	22	29	

21	29	12	30	

21	17	27	24	

18	25	18	27	

27	11	10	10	

30	24	11	23	

21	15	14	15	

23	20	12	14	

16	12	22	12	

12	20	19	20	

20	15	14	23	

11	27	29	17	

26	24	18	11	

21	27	10	16	

16	15	15	11	

19	10	30	22	

22	30	30	13	

23	12	12	29	

27	18	30	14	

13	16	26	20	

24	20	28	23	

29	17	14	23	

16	26	20	23	

14	23	17	30	

10	25	25	21	

14	24	14	22	

29	21	16	18	

29	22	20	17	

16	17	14	15	

10	21	22	16	

11	14	12	19	

10	29	23	28	

20	21	19	27	

19	27	12	10	

21	19	16	28	

19	23	10	29	

15	21	21	19	

25	27	19	18	

11	14	21	18	

14	26	21	15	

16	16	14	30	

28	30	18	22	

28	14	18	18	

20	20	28	25	

26	26	24	18	

22	22	20	12	

11	12	14	16	

10	15	28	16	

23	24	14	12	

29	12	25	24	

24	15	20	10	

13	14	14	20	

26	20	15	20	

19	10	19	10	

17	15	29	29]	

