n:938	
m:9


W:[9459
9394
9406
9327
9329
9420
9417
9210
9319]


b:[67
82
93
99
78
70
85
72
96
65
83
93
53
66
100
86
64
90
73
81
67
88
60
56
59
87
84
88
86
86
92
91
53
84
69
71
55
95
53
55
100
96
66
73
93
74
88
70
96
83
68
74
87
96
61
58
98
96
73
76
84
67
76
75
87
78
75
72
84
73
92
83
70
70
100
53
62
56
96
81
80
79
51
94
68
86
76
73
91
93
57
81
80
61
95
69
52
89
54
84
76
61
57
75
76
71
65
56
66
78
64
88
66
96
51
67
61
67
85
63
57
70
58
86
64
89
52
54
88
84
69
91
65
74
84
81
77
74
57
78
51
64
93
60
82
52
98
93
97
90
83
63
86
98
93
55
56
94
55
55
93
93
61
63
100
65
77
71
74
68
61
78
86
59
73
56
81
59
57
88
58
83
63
54
63
78
65
94
50
65
84
74
82
66
79
97
56
68
58
54
58
77
57
66
51
86
78
54
73
86
67
72
91
56
71
53
99
60
53
70
52
81
51
94
72
57
75
82
65
60
81
86
76
73
96
80
94
58
63
57
59
97
70
77
52
55
76
72
81
100
99
81
93
61
57
93
56
57
63
65
72
62
99
53
88
83
57
56
81
86
68
96
64
68
57
99
58
74
92
68
87
80
76
95
67
65
93
70
83
62
68
64
89
57
67
85
83
57
64
71
50
74
99
57
58
50
55
76
99
99
69
62
88
60
75
84
93
67
75
68
85
91
94
94
99
64
100
79
65
88
76
66
56
80
77
60
94
71
60
72
95
94
57
92
92
82
94
76
50
87
71
65
64
53
73
71
53
54
89
57
97
63
97
81
57
95
64
99
85
99
67
94
50
84
84
85
89
79
96
86
97
57
84
97
60
61
99
87
65
83
52
65
78
76
71
60
81
56
72
56
94
56
85
73
92
85
63
51
93
86
86
76
97
64
59
88
74
100
86
98
100
82
83
83
71
69
84
83
64
94
100
55
58
75
65
86
59
81
52
70
91
55
71
53
73
77
58
65
79
80
66
93
80
76
52
88
62
63
91
55
74
89
85
90
66
58
94
50
78
74
71
95
70
61
59
76
81
97
74
87
87
78
83
68
78
81
67
54
91
55
55
61
77
55
91
51
85
70
86
90
57
91
70
60
69
55
77
53
71
74
52
58
53
51
72
97
67
72
66
62
95
61
69
65
86
100
78
56
67
77
60
81
78
99
92
74
61
93
72
57
97
74
75
79
52
93
79
100
98
60
87
71
51
81
58
80
90
55
59
64
83
62
68
67
60
82
80
90
69
65
97
52
67
74
51
97
61
81
94
53
96
64
87
56
72
83
56
53
58
91
90
70
82
81
97
100
87
61
55
65
55
81
86
90
50
60
75
51
92
99
57
56
83
85
56
90
92
64
54
81
78
53
87
77
78
79
98
77
73
65
88
97
78
59
89
83
56
61
75
96
54
78
75
84
93
58
91
88
56
66
93
79
64
69
79
61
84
63
79
72
53
61
94
76
67
74
58
87
100
80
56
71
80
74
63
80
82
85
65
69
94
69
69
92
88
56
83
92
64
83
76
92
81
98
80
85
61
55
99
99
59
68
66
100
87
84
65
53
65
76
57
55
85
63
63
98
84
100
90
93
51
68
100
65
53
95
89
57
68
71
79
94
83
63
58
53
100
96
100
89
73
57
68
62
53
50
93
53
50
67
89
67
68
52
65
65
68
65
64
79
86
91
82
100
90
58
65
54
54
62
62
88
75
84
68
52
61
54
97
96
64
65
64
94
65
88
89
59
95
88
83
61
71
68
50
99
74
79
86
86
51
99
59
72
100
94
64
74
73
99
81
60
57
85
65
77
96
76
75
68
77
69
76
76
61
58
61
60
94
63
74
78
96
77
60
78
85
93
55
86
84
55
86
86
58
79
68
52
75
56
53
78
72
98
81
92
94
81
96
54
74
99
94
51
62
53
85
81
65
98
92
98
90
71
61
53
66
90
55
77
52
95
74
76
66
68
73
83
96
91
62
64
50
80
71
81
64
52
70
75
50
83
76
67
60
99
87
88
68
84
99
71
84
76
81
54
92
54
91
94
93
83
94
85
61
86
94
91
68
80
77
74
91
79
59
76
75
69]


w:[24	12	11	14	15	16	16	30	28	

22	20	11	14	22	12	10	14	13	

24	29	19	21	10	20	29	25	26	

26	24	18	17	12	11	26	17	15	

17	22	18	17	29	22	12	30	27	

20	21	14	19	18	10	23	25	21	

15	30	24	23	18	30	23	28	18	

19	26	23	27	15	25	10	15	20	

12	11	22	14	23	25	26	15	17	

18	27	21	23	28	11	18	29	15	

21	11	17	16	30	28	17	13	21	

15	14	18	13	11	29	10	30	27	

22	10	10	21	15	25	29	28	12	

23	17	20	14	17	29	14	16	16	

17	17	22	19	26	17	22	28	15	

24	22	12	27	29	12	30	18	16	

14	16	27	20	18	15	14	15	20	

23	12	27	18	30	29	29	19	13	

12	25	18	28	26	11	12	11	21	

14	17	15	30	29	24	15	18	19	

28	16	27	12	17	13	20	24	22	

15	14	19	14	15	29	25	17	19	

19	23	20	23	27	22	30	26	16	

29	17	18	25	25	16	28	20	23	

25	10	17	24	27	17	19	23	28	

23	20	18	12	12	27	19	16	27	

14	12	24	11	25	28	30	22	18	

18	10	26	30	23	13	19	21	29	

23	12	14	11	24	19	15	30	12	

24	12	15	16	27	27	20	27	19	

14	15	16	16	28	29	17	27	20	

20	25	30	11	10	24	15	30	25	

21	10	27	24	23	24	18	29	22	

30	17	19	11	20	16	24	29	27	

29	30	28	19	14	10	14	26	15	

25	23	30	11	21	23	19	20	14	

28	17	27	12	26	18	24	30	29	

20	19	20	17	30	29	15	18	14	

18	19	25	17	21	13	22	20	22	

14	12	15	25	20	17	27	10	15	

14	17	15	11	13	25	24	28	23	

18	13	14	13	12	27	13	14	15	

29	23	26	26	11	25	15	22	26	

14	28	23	26	19	11	20	24	12	

28	26	18	16	29	22	19	24	10	

11	24	27	22	17	29	29	26	21	

26	12	22	11	14	13	16	25	29	

15	12	30	18	13	14	27	18	15	

21	19	29	19	24	22	24	26	25	

16	11	25	19	22	12	29	10	23	

26	29	22	18	13	26	22	10	17	

11	26	13	24	21	16	14	20	27	

17	14	16	26	29	17	16	24	21	

23	22	29	10	27	17	18	13	28	

14	30	12	27	27	28	29	21	14	

21	26	25	29	23	29	18	21	16	

28	25	25	11	19	30	22	26	30	

16	22	11	28	20	28	16	24	21	

26	29	18	19	26	25	19	29	16	

23	18	14	27	15	15	28	23	18	

20	21	14	25	29	27	24	10	11	

16	25	10	22	10	19	26	21	28	

19	15	24	26	23	16	19	16	18	

12	14	24	30	12	17	21	10	27	

21	18	17	14	27	27	20	26	16	

25	22	12	26	22	18	18	26	23	

10	29	16	23	16	12	25	14	17	

17	10	26	25	24	24	26	27	11	

23	12	21	25	16	25	23	24	14	

15	25	27	29	29	14	22	13	20	

14	22	29	14	25	11	26	28	29	

15	16	10	11	18	21	15	21	12	

27	12	23	10	14	11	30	27	28	

22	15	23	18	17	28	26	24	27	

25	14	13	27	14	17	14	23	21	

27	22	18	10	28	10	13	10	15	

13	26	30	19	18	24	11	20	21	

13	12	10	18	24	29	26	11	21	

26	28	16	15	20	15	22	27	16	

27	17	18	21	27	26	18	17	27	

25	23	21	27	21	24	21	17	22	

12	21	17	26	16	16	11	13	24	

10	11	11	13	17	16	26	10	14	

28	27	26	18	24	10	23	10	30	

13	17	17	28	10	29	21	26	28	

30	25	26	11	15	26	10	17	21	

24	29	10	28	22	26	30	17	13	

25	17	26	12	18	16	18	16	25	

26	10	23	19	16	27	27	16	20	

12	13	22	19	14	21	25	15	26	

19	19	25	12	19	23	14	10	17	

25	19	19	22	30	15	28	17	17	

20	25	10	18	13	28	12	26	12	

30	21	29	18	25	27	11	24	13	

28	13	21	21	25	26	23	21	30	

20	24	26	16	14	13	27	29	19	

11	29	19	23	27	26	17	15	28	

24	18	11	15	25	17	12	30	21	

30	24	26	29	22	10	28	15	16	

10	25	24	20	21	22	26	19	17	

20	15	11	26	20	28	18	24	21	

10	20	10	11	16	17	19	14	16	

18	10	27	24	17	23	14	17	29	

17	21	20	27	15	17	25	19	18	

27	14	15	23	11	22	21	28	17	

25	15	27	17	15	17	10	17	10	

29	27	10	29	29	29	14	18	20	

16	12	13	11	20	14	27	23	28	

21	21	22	22	24	21	27	10	23	

18	11	21	13	28	24	30	26	19	

22	14	19	29	17	24	25	16	26	

13	23	11	15	20	11	21	22	22	

24	26	30	27	21	21	11	11	17	

27	19	21	14	24	17	18	21	20	

30	20	14	13	12	12	11	29	26	

15	12	10	14	25	15	19	13	14	

30	16	23	13	24	21	30	17	15	

19	11	23	20	25	21	25	23	11	

14	12	27	27	28	18	16	26	16	

25	22	15	20	26	14	25	12	15	

28	17	14	13	10	29	16	14	22	

17	26	28	14	12	27	28	25	21	

25	27	22	21	26	23	18	25	12	

10	25	16	21	19	30	20	23	19	

20	14	24	10	23	10	14	26	25	

30	20	10	25	18	17	15	18	19	

27	29	20	30	23	24	23	18	19	

16	16	14	24	15	19	29	26	19	

16	25	14	19	10	26	28	28	12	

22	13	13	23	24	29	26	14	22	

21	17	27	22	25	26	14	15	20	

11	20	12	23	28	23	27	16	16	

25	17	12	21	30	30	19	21	21	

22	28	24	25	20	13	19	12	13	

10	23	11	28	10	22	16	13	14	

27	29	23	26	21	30	14	23	23	

23	17	26	17	19	17	30	14	17	

27	24	27	18	10	10	23	15	18	

17	29	19	27	17	29	11	19	14	

18	19	25	12	10	25	12	26	26	

13	15	21	26	12	19	26	12	17	

10	27	23	26	11	11	18	15	29	

27	12	13	17	18	30	30	26	23	

28	19	24	20	15	26	19	27	21	

19	14	17	29	21	13	28	26	14	

15	26	12	13	20	20	30	17	23	

11	18	11	23	14	24	20	28	17	

16	19	18	11	14	30	11	22	21	

30	30	27	27	25	23	16	26	27	

28	26	28	22	11	12	24	18	17	

30	18	29	27	12	14	26	30	25	

25	19	15	29	11	12	25	15	29	

23	15	27	15	20	21	10	15	10	

25	22	18	20	28	28	28	30	30	

13	19	14	10	10	16	25	12	28	

17	14	18	20	17	15	27	26	10	

27	28	27	21	30	21	23	14	26	

21	15	18	19	14	17	27	30	18	

16	18	18	25	27	21	15	15	26	

18	13	19	23	23	28	27	23	19	

16	27	14	17	11	11	14	29	12	

28	15	24	24	16	14	10	29	11	

20	19	23	12	27	22	13	11	23	

29	13	17	22	10	12	18	15	29	

21	13	15	29	28	12	13	26	14	

20	19	13	15	16	13	30	20	25	

15	30	29	18	28	12	15	17	29	

20	28	15	21	19	24	30	20	26	

30	25	20	12	17	13	27	12	27	

26	30	22	23	28	22	23	11	22	

20	28	20	20	12	21	13	30	27	

11	10	17	12	25	10	18	18	21	

15	25	30	29	14	25	20	30	24	

23	18	23	27	12	28	29	14	20	

11	29	10	14	11	10	14	15	10	

22	29	28	19	16	26	12	10	24	

20	18	22	25	10	20	18	18	13	

21	10	21	11	13	23	27	15	19	

15	17	30	13	22	11	15	15	16	

28	13	18	10	13	29	12	25	10	

23	16	22	11	15	28	30	22	26	

24	25	16	29	14	25	16	16	12	

20	25	10	21	20	25	24	14	25	

25	25	10	16	11	26	30	15	17	

13	12	10	12	15	18	12	13	30	

10	30	10	21	29	28	22	27	29	

29	14	20	12	20	27	22	25	10	

12	27	28	12	17	23	15	28	17	

20	10	20	16	23	15	27	14	25	

26	10	11	12	18	23	21	11	28	

16	25	15	14	30	15	24	12	17	

14	23	26	24	12	25	29	11	26	

23	30	30	14	28	24	27	15	28	

15	10	22	26	16	16	29	29	22	

13	14	18	21	23	13	12	16	15	

19	20	11	27	20	10	12	11	14	

17	11	14	22	25	21	17	28	18	

13	19	22	19	26	23	15	12	13	

30	12	10	23	16	26	29	10	13	

19	12	14	18	11	14	13	10	15	

20	19	13	13	15	25	22	27	20	

25	21	10	24	20	17	13	21	14	

12	28	19	19	24	13	28	17	29	

14	22	12	25	30	23	29	17	16	

23	28	12	18	25	22	23	30	18	

24	16	21	22	24	22	19	25	21	

12	18	12	23	16	15	12	22	20	

12	10	22	12	17	16	16	23	27	

22	28	27	28	20	24	30	25	10	

11	27	24	27	11	12	29	26	19	

14	30	27	22	17	18	10	16	15	

10	17	27	19	14	27	13	24	25	

26	16	25	30	20	30	24	18	30	

29	14	30	26	11	12	17	21	21	

30	27	10	27	21	28	18	30	11	

21	19	30	13	12	11	19	10	28	

18	29	10	18	25	28	30	26	16	

20	25	10	13	15	18	16	15	24	

16	15	17	26	30	17	14	20	13	

10	15	18	26	27	17	11	12	29	

11	13	25	10	23	16	27	17	14	

12	23	13	15	27	22	29	26	13	

20	22	20	17	14	12	23	24	17	

23	21	22	17	24	14	26	21	24	

26	24	10	20	10	16	14	12	21	

30	19	25	21	13	27	25	17	29	

26	27	19	20	15	11	13	16	20	

16	29	22	17	22	25	11	12	21	

28	18	11	26	23	26	26	27	12	

15	24	18	23	24	18	15	17	26	

28	13	23	27	15	13	23	18	27	

24	30	29	15	17	12	22	25	12	

26	29	29	11	12	15	13	25	30	

11	21	23	30	26	12	18	13	12	

30	25	26	11	17	18	18	23	18	

11	29	30	18	13	27	22	14	19	

24	20	30	16	19	30	25	20	21	

26	24	18	22	18	17	23	24	24	

18	11	25	26	25	20	28	12	17	

22	16	27	22	18	25	10	16	12	

30	16	23	21	29	18	15	23	16	

14	11	15	18	19	13	25	17	22	

13	25	18	22	25	25	29	12	18	

20	24	15	23	10	15	19	19	21	

18	20	29	13	16	30	26	18	29	

14	12	24	19	20	13	13	15	19	

11	21	12	13	17	24	23	12	25	

15	27	20	20	10	17	28	18	19	

14	16	18	30	27	11	14	27	17	

10	23	12	16	11	10	15	26	21	

25	22	19	10	12	15	24	29	19	

10	29	23	18	14	26	28	24	24	

21	12	27	11	24	30	17	21	10	

17	21	20	20	15	22	16	26	19	

29	29	26	29	25	19	12	13	10	

18	15	14	27	16	24	14	21	12	

14	22	22	20	20	11	19	13	24	

20	24	16	18	13	14	15	11	10	

30	21	25	20	27	12	12	10	24	

13	17	16	20	17	19	17	16	16	

22	10	21	18	28	16	30	20	17	

20	26	14	12	10	23	20	13	29	

21	30	17	13	15	21	12	26	23	

18	23	19	12	28	29	27	24	24	

20	12	16	12	18	11	16	24	27	

26	18	23	24	30	25	10	23	10	

13	27	21	10	16	12	26	27	13	

17	20	25	10	24	13	26	29	18	

19	13	22	15	25	14	21	17	21	

30	13	15	10	22	21	27	20	25	

22	15	19	25	19	29	16	20	25	

29	17	26	19	26	28	25	21	10	

13	25	11	14	10	29	25	13	15	

12	16	12	21	30	24	29	20	23	

30	10	27	13	23	27	27	22	22	

16	22	19	18	14	15	15	15	22	

13	21	19	16	17	11	15	13	24	

25	14	15	21	15	18	30	29	17	

17	25	27	16	25	18	28	14	30	

27	27	20	18	29	24	24	10	19	

29	20	19	19	27	12	21	28	25	

13	16	17	15	21	15	30	24	25	

17	11	20	25	20	15	11	16	24	

20	15	15	24	21	22	13	25	24	

26	18	29	10	10	11	27	29	12	

12	12	10	16	11	22	22	11	28	

18	18	12	13	20	22	21	30	25	

24	25	14	12	26	23	11	25	20	

10	13	19	23	19	15	21	18	10	

20	23	14	12	30	29	17	20	21	

24	18	28	17	14	26	16	30	21	

13	22	12	22	24	22	10	21	26	

28	11	16	24	26	28	17	23	24	

28	26	20	29	16	25	21	12	19	

29	11	29	26	15	15	17	12	16	

18	28	13	21	21	23	26	10	10	

29	20	14	26	30	30	22	15	29	

13	24	10	13	17	19	12	25	11	

17	20	20	20	24	25	13	16	30	

19	16	11	15	27	14	26	20	15	

10	22	22	27	17	10	28	24	19	

20	17	18	25	27	16	18	13	26	

25	23	26	20	12	14	11	24	14	

27	19	17	27	21	19	18	27	30	

27	24	25	22	17	30	15	12	15	

16	27	16	24	10	18	17	20	14	

13	17	11	28	13	14	28	29	17	

26	21	19	13	24	27	22	30	23	

22	21	24	21	18	15	16	19	21	

24	30	21	22	10	30	29	23	19	

28	20	17	16	12	17	18	17	27	

25	27	12	29	23	26	10	11	29	

28	19	18	16	16	11	23	17	21	

25	29	21	17	26	20	26	25	26	

28	11	15	25	29	29	20	30	19	

30	26	26	11	30	28	10	27	14	

16	22	28	28	12	15	16	22	11	

25	18	19	19	18	12	10	12	21	

18	23	29	28	27	10	25	13	26	

29	29	23	19	21	29	23	30	18	

19	29	22	13	21	12	21	23	25	

28	21	19	19	26	26	11	22	10	

19	17	17	26	29	24	29	21	23	

16	30	22	20	18	24	18	28	19	

28	26	29	17	11	18	20	29	26	

16	13	18	25	15	16	13	26	24	

21	16	16	16	25	23	21	15	25	

22	18	13	23	18	14	14	14	27	

27	13	19	27	15	17	11	26	10	

20	28	10	15	16	29	25	13	12	

18	27	15	16	13	21	26	11	11	

19	27	16	25	20	24	17	16	14	

26	30	26	24	13	19	14	30	18	

12	14	28	25	22	14	28	12	11	

21	28	19	25	22	10	12	19	25	

11	26	24	19	23	14	24	19	14	

13	17	15	15	28	20	14	16	18	

30	16	29	26	16	22	22	23	17	

26	19	19	28	11	17	12	13	24	

19	12	11	14	28	12	10	28	15	

14	17	23	20	16	25	22	21	21	

11	15	16	30	12	15	25	30	19	

13	19	21	23	26	19	30	12	19	

30	13	14	15	19	17	19	14	17	

10	15	17	12	27	23	13	14	15	

27	28	29	22	18	23	23	12	23	

13	19	10	29	25	11	10	22	19	

27	11	15	29	15	16	28	16	24	

17	25	19	28	26	13	28	23	15	

12	13	29	19	27	28	24	12	23	

18	24	12	27	10	28	16	11	10	

16	30	20	13	19	15	12	27	27	

18	14	29	15	30	29	13	28	11	

18	21	21	17	30	22	20	16	12	

16	14	21	13	14	27	13	19	27	

12	13	10	15	16	26	10	22	17	

24	18	13	10	27	28	18	24	29	

11	21	20	17	22	25	25	16	14	

16	30	10	17	16	26	22	26	24	

25	22	22	27	19	21	12	17	12	

23	13	16	23	13	28	21	27	23	

12	12	10	22	17	19	30	29	10	

23	13	29	29	18	12	17	22	30	

26	10	23	16	24	21	23	29	25	

28	22	13	21	18	18	14	15	19	

23	14	26	23	21	12	14	13	22	

15	22	20	14	10	14	19	22	10	

17	16	14	10	27	27	17	11	17	

28	21	23	28	12	22	15	10	20	

14	10	16	28	21	24	24	12	25	

30	15	16	26	30	24	26	20	30	

22	20	29	27	12	19	10	28	24	

27	30	21	25	14	28	30	11	23	

15	21	24	28	28	17	21	27	12	

13	16	16	15	13	20	27	14	13	

28	16	30	29	30	14	27	16	21	

17	10	19	15	20	18	27	18	20	

11	12	22	28	17	15	22	22	13	

26	18	20	21	14	12	13	14	12	

16	16	19	30	26	19	24	14	16	

28	25	28	30	29	26	21	28	11	

25	20	26	21	14	26	30	19	15	

21	13	12	19	14	11	20	14	16	

26	24	15	30	23	14	12	16	28	

17	26	20	14	25	19	30	29	22	

20	27	18	20	15	14	19	12	23	

16	13	11	24	13	10	22	24	18	

19	19	14	29	18	30	15	20	26	

27	29	11	20	29	15	11	16	17	

30	28	19	22	23	21	13	13	26	

18	17	23	19	12	29	14	14	17	

16	16	17	27	29	24	27	15	15	

23	24	25	15	28	25	19	17	19	

18	19	15	19	14	22	11	15	11	

25	21	20	20	22	18	13	20	20	

21	20	22	15	24	17	18	18	27	

26	22	24	18	13	23	10	13	17	

24	25	12	23	20	29	23	19	10	

23	12	14	28	26	26	16	25	28	

26	15	24	30	21	17	28	22	13	

26	19	26	17	28	11	29	21	10	

16	17	30	10	12	24	28	29	30	

21	17	11	27	18	25	22	17	30	

19	16	15	15	14	25	19	20	26	

20	23	17	13	22	26	24	22	21	

12	20	20	16	22	16	26	25	29	

19	16	29	14	19	12	29	15	25	

11	26	22	26	12	15	17	20	16	

15	25	26	22	11	25	25	29	22	

29	18	14	17	22	30	29	24	27	

10	28	15	15	15	26	12	28	12	

19	22	18	13	21	21	29	17	27	

12	26	20	17	10	29	15	30	20	

27	17	15	22	24	30	29	29	13	

23	13	11	16	30	14	27	12	27	

10	14	11	13	13	15	18	30	16	

22	21	24	12	12	25	27	28	30	

30	14	10	18	30	23	11	19	22	

29	23	11	11	19	13	25	15	30	

11	27	19	26	28	25	18	13	21	

16	22	27	10	13	11	20	24	28	

13	12	26	17	14	18	10	21	22	

22	13	29	23	29	15	11	19	30	

10	23	12	22	12	17	30	24	12	

18	23	21	16	28	17	18	14	25	

24	15	30	30	29	27	16	10	28	

13	16	19	25	24	20	13	30	14	

18	28	26	27	20	25	25	22	12	

24	23	14	22	26	27	22	14	26	

26	12	25	11	29	20	14	18	30	

13	19	11	21	17	23	21	13	12	

14	26	30	17	25	16	18	17	10	

29	14	11	30	26	17	17	17	17	

27	23	22	30	27	12	13	27	15	

15	21	11	20	15	13	20	12	17	

19	19	24	22	14	10	12	25	11	

25	12	27	19	23	21	30	20	30	

17	25	25	24	19	30	28	14	22	

26	13	13	23	10	27	28	17	22	

13	18	20	26	23	13	26	27	21	

25	17	23	18	23	13	23	13	14	

10	22	20	23	13	15	20	15	28	

19	13	17	15	23	20	17	21	12	

11	29	19	14	26	16	14	11	17	

20	17	11	13	27	10	29	23	20	

13	12	20	26	21	17	25	16	11	

26	21	29	10	16	17	19	14	19	

29	27	25	23	22	29	15	11	13	

26	28	26	11	24	12	15	22	17	

18	19	10	30	21	23	23	25	13	

18	22	20	26	17	24	19	29	27	

11	12	17	12	18	15	24	11	14	

30	29	29	26	17	28	11	22	30	

11	22	29	27	19	25	29	21	27	

11	22	27	22	24	18	28	30	14	

23	16	10	10	19	14	29	28	14	

22	17	10	28	22	12	13	27	18	

19	13	12	19	12	18	25	22	21	

15	13	25	10	27	25	29	21	30	

10	21	23	29	19	25	18	10	19	

14	28	22	19	20	12	21	30	19	

19	18	27	26	14	21	11	17	26	

30	20	17	19	20	19	30	14	30	

25	15	14	14	28	15	12	21	10	

23	23	23	30	18	11	19	26	16	

23	29	28	20	10	14	11	23	20	

13	18	20	29	14	16	29	26	30	

21	21	19	27	22	12	25	26	30	

21	20	10	18	19	16	11	16	27	

17	21	29	12	18	23	10	12	11	

10	20	22	26	24	24	15	10	12	

27	14	24	21	20	28	24	16	23	

27	23	21	12	19	12	12	25	22	

18	19	14	15	19	17	14	28	23	

10	30	27	30	22	23	12	18	29	

17	14	27	29	28	30	18	24	11	

21	22	20	20	21	27	30	15	22	

11	29	23	11	15	18	22	27	11	

13	25	14	11	30	16	15	14	16	

14	13	18	21	28	20	28	23	23	

22	12	30	17	20	29	16	30	13	

13	28	30	13	29	18	17	13	17	

21	22	12	29	30	18	12	15	24	

26	30	16	10	21	14	13	20	29	

12	20	17	26	12	24	28	13	21	

14	22	16	25	13	15	23	25	18	

27	25	30	14	26	27	20	12	15	

15	22	19	20	21	21	29	11	11	

10	30	21	24	20	28	11	14	10	

30	15	25	10	15	24	30	30	24	

15	21	13	11	11	29	19	21	21	

12	21	14	27	29	14	18	23	12	

30	23	13	19	27	13	14	22	13	

16	13	21	11	30	10	10	10	28	

21	20	13	19	22	29	30	21	15	

27	12	28	10	14	15	13	15	11	

17	15	28	24	21	21	26	28	30	

19	28	20	13	13	20	22	29	28	

13	15	12	14	25	30	10	29	11	

23	16	14	14	27	23	14	16	13	

19	26	21	21	12	11	27	10	26	

30	14	21	25	30	20	10	17	23	

23	13	28	27	17	27	14	17	16	

23	13	24	13	21	27	25	20	15	

22	14	18	11	24	22	29	18	15	

16	12	24	24	14	12	10	17	13	

27	28	13	27	18	20	17	19	12	

30	13	20	28	29	28	15	14	25	

28	22	27	27	28	10	21	11	11	

12	30	12	15	20	29	15	12	22	

23	30	12	20	25	16	18	18	25	

22	17	19	25	21	26	14	28	12	

24	21	16	13	22	18	25	25	15	

22	15	25	27	13	13	13	22	14	

16	24	30	29	29	19	18	22	27	

11	18	27	13	25	29	26	12	30	

21	23	28	12	10	18	25	26	27	

23	17	26	10	25	24	13	19	28	

18	28	13	28	16	17	14	14	24	

18	20	24	28	19	23	18	20	24	

14	16	27	23	10	21	10	15	13	

23	27	20	10	15	25	22	11	16	

16	10	13	10	21	16	11	14	28	

24	15	12	12	10	23	16	25	23	

10	10	30	26	10	17	21	12	22	

15	12	19	16	13	11	23	19	11	

26	18	26	21	19	13	30	28	29	

29	19	14	10	22	29	19	22	23	

28	15	18	24	26	19	28	20	25	

11	18	16	23	22	25	22	15	12	

16	30	29	17	30	22	25	21	30	

12	30	25	10	10	23	26	25	12	

13	17	29	21	23	10	20	22	24	

18	20	22	19	29	11	13	23	20	

25	26	23	11	27	23	16	21	17	

25	18	10	23	25	25	18	14	30	

16	23	11	15	22	29	29	24	19	

20	11	19	29	14	27	14	30	25	

21	24	15	26	28	11	24	18	17	

11	15	27	25	24	16	12	13	13	

11	11	22	19	20	12	22	12	22	

24	21	29	25	13	20	21	10	11	

18	18	21	23	11	24	18	15	24	

13	17	23	25	16	22	10	25	19	

15	15	21	12	10	21	11	14	28	

16	29	23	19	17	17	10	14	15	

15	15	23	10	13	27	15	12	26	

17	16	10	26	26	25	17	11	27	

10	15	19	20	13	11	30	30	21	

27	19	24	27	29	14	26	24	23	

15	30	28	25	26	30	13	15	16	

13	11	22	28	14	22	27	28	23	

16	18	13	25	28	13	29	13	20	

21	14	12	13	25	12	30	17	25	

19	24	17	21	27	20	27	30	14	

25	21	15	11	27	22	17	20	22	

11	14	27	25	10	20	27	22	15	

29	12	17	23	19	19	28	22	11	

22	30	20	17	14	10	18	25	30	

26	11	12	19	12	30	13	21	10	

24	25	18	10	17	25	16	24	28	

18	14	23	24	23	23	16	16	18	

18	30	25	23	18	13	18	14	16	

20	23	21	18	28	25	18	22	16	

23	16	19	30	25	22	13	10	21	

15	21	20	20	16	22	10	12	10	

10	30	29	15	24	12	25	22	16	

26	30	27	19	11	30	11	22	19	

30	17	30	16	14	12	13	12	11	

26	13	15	13	18	13	13	28	20	

13	27	28	26	13	24	26	12	22	

19	24	13	30	11	22	18	18	23	

17	23	23	28	10	24	22	27	19	

25	18	25	12	12	10	17	29	25	

21	27	13	20	10	22	24	18	22	

19	19	20	28	24	24	13	24	18	

16	23	25	12	19	30	26	24	10	

14	30	24	25	20	18	13	28	22	

29	29	22	24	21	21	16	26	30	

15	26	13	14	22	30	23	27	17	

26	13	17	23	27	17	22	30	21	

15	12	10	23	20	10	28	14	20	

18	25	19	24	24	13	30	18	30	

21	11	30	15	14	10	28	26	12	

24	18	13	17	11	27	21	22	29	

22	14	12	11	16	27	30	24	11	

12	16	18	13	12	13	17	18	29	

11	28	23	17	26	24	28	22	20	

22	21	14	25	29	13	16	18	15	

27	15	22	17	22	29	13	22	10	

17	24	11	17	18	10	20	12	12	

19	30	26	28	12	17	28	24	18	

19	19	30	10	10	16	27	25	11	

19	26	22	22	18	27	29	26	16	

26	23	16	12	27	19	22	30	30	

28	21	25	28	10	10	25	21	27	

25	26	25	30	22	16	25	10	16	

16	15	11	20	19	27	30	16	18	

28	24	13	10	26	30	30	12	13	

22	17	15	11	14	30	10	29	29	

23	17	14	27	10	23	29	16	17	

20	25	29	16	26	11	25	21	20	

19	17	27	16	22	11	27	22	19	

11	20	15	12	18	17	30	23	19	

16	21	10	17	12	10	20	12	30	

17	18	21	12	21	15	17	27	13	

24	24	27	30	20	16	24	17	11	

19	16	12	24	22	14	27	20	12	

17	27	28	28	20	27	26	22	10	

18	25	21	13	13	26	13	11	23	

28	15	19	22	18	24	18	15	16	

23	14	25	10	30	25	26	25	15	

20	29	28	10	19	14	14	13	20	

17	10	23	15	24	10	27	12	27	

22	25	24	29	20	27	12	11	12	

15	18	24	25	20	23	20	24	24	

23	12	12	30	16	28	10	12	26	

28	30	27	27	18	29	23	16	22	

19	24	17	24	23	23	19	12	19	

21	14	20	26	22	16	25	15	27	

29	26	15	28	12	28	19	13	29	

18	22	10	27	16	21	15	30	29	

15	23	25	28	28	23	14	27	16	

29	20	28	10	18	12	14	28	10	

10	10	26	17	20	11	14	25	13	

25	10	20	10	18	12	26	27	13	

18	29	15	30	18	23	30	24	24	

16	24	17	25	21	14	25	28	26	

12	11	20	20	23	10	15	16	16	

29	20	28	21	22	12	15	11	29	

16	14	11	25	12	10	25	28	14	

18	21	23	19	13	23	12	18	29	

29	27	22	16	19	14	24	13	20	

10	20	13	22	25	27	22	22	29	

20	18	20	26	28	14	21	20	21	

12	17	18	25	25	12	15	17	25	

10	24	24	22	27	17	23	27	12	

23	27	18	25	29	12	23	21	10	

15	29	18	30	17	20	15	18	28	

21	23	28	21	28	27	17	28	12	

11	16	30	16	14	16	14	23	18	

20	28	26	19	27	19	25	16	15	

14	25	26	19	18	27	22	13	26	

23	23	19	21	29	15	18	12	27	

11	20	15	15	17	28	11	10	18	

10	10	12	15	25	17	16	15	12	

15	22	27	19	19	22	19	15	16	

25	28	20	24	23	24	28	16	21	

22	28	29	14	27	30	23	16	26	

18	18	24	16	11	10	13	16	10	

11	10	24	29	19	15	24	23	12	

27	15	24	14	25	23	22	19	21	

20	25	20	27	11	27	13	12	21	

18	26	17	13	24	21	13	12	15	

22	24	29	15	21	23	19	14	30	

21	12	26	11	12	16	18	22	22	

21	19	13	16	29	20	22	17	18	

21	22	16	12	12	24	26	30	21	

11	10	26	28	11	15	16	17	25	

15	20	29	29	22	25	10	26	29	

25	24	25	26	21	28	17	27	19	

29	10	17	26	24	30	28	26	17	

29	10	12	23	18	19	16	10	18	

30	12	14	22	28	22	11	20	12	

24	30	22	20	23	20	22	19	11	

21	24	23	24	24	12	11	12	30	

29	17	20	23	12	19	16	23	18	

21	16	15	25	26	29	26	23	27	

12	20	25	11	25	17	24	29	11	

28	11	25	26	18	23	12	14	24	

17	12	27	30	22	14	23	19	21	

17	20	26	12	11	26	25	15	24	

29	29	12	13	15	24	27	15	19	

14	28	30	27	21	24	17	21	20	

30	14	25	20	20	12	25	28	17	

23	16	20	10	12	21	23	25	25	

26	22	27	19	12	29	25	22	27	

23	19	20	22	10	24	18	23	29	

15	15	15	28	25	28	21	18	14	

11	26	29	24	21	23	12	11	30	

24	17	20	12	25	19	12	26	27	

27	11	19	23	22	19	13	12	24	

22	30	18	30	20	27	16	18	11	

24	21	26	22	25	27	23	16	13	

30	18	26	30	19	28	21	29	24	

22	30	22	11	23	22	11	15	30	

25	11	20	27	14	25	16	10	10	

22	29	27	22	28	19	18	29	15	

27	22	26	19	11	30	28	19	16	

20	17	28	12	28	28	17	21	21	

10	24	20	25	13	23	16	29	30	

23	18	17	13	17	26	18	16	19	

29	20	10	28	30	10	20	24	18	

15	16	23	25	23	23	11	19	12	

24	11	30	24	11	27	16	18	30	

21	10	29	21	29	20	12	25	18	

14	16	20	17	19	20	30	14	22	

14	18	10	13	14	13	17	10	13	

29	29	28	11	24	12	25	30	10	

16	22	30	11	11	29	13	22	20	

24	23	27	11	13	18	14	15	24	

19	20	18	16	26	23	26	28	28	

12	14	22	11	18	20	25	17	29	

26	22	23	23	27	25	20	22	18	

25	11	19	15	14	29	20	22	30	

19	26	10	10	16	13	20	24	21	

15	19	18	27	23	23	12	24	14	

21	14	24	17	24	18	14	17	11	

20	18	29	30	21	10	26	26	16	

11	14	21	22	20	23	23	24	12	

22	10	14	23	30	10	14	30	19	

27	12	27	19	13	18	12	10	23	

25	12	12	25	21	20	30	20	13	

12	18	16	11	18	11	28	10	21	

27	13	25	28	24	14	19	17	10	

20	24	16	15	18	28	27	25	19	

27	13	27	30	11	11	15	20	10	

24	24	16	21	17	16	22	24	20	

27	10	11	17	22	25	11	12	11	

16	24	20	23	16	12	12	12	19	

18	20	30	28	21	11	21	25	29	

17	12	20	26	25	13	29	17	14	

29	14	21	22	20	10	21	15	23	

24	28	17	17	17	23	21	15	25	

26	16	15	24	12	18	18	16	26	

25	18	16	16	23	15	15	28	14	

24	22	24	12	14	16	21	23	15	

21	28	15	27	20	15	17	14	26	

27	25	24	23	11	15	13	29	27	

16	11	15	25	28	19	17	10	20	

23	26	29	25	28	13	19	10	23	

18	23	25	19	30	30	22	15	28	

24	12	30	19	22	29	19	25	11	

11	11	23	26	15	19	24	29	10	

26	25	22	17	15	13	28	18	23	

22	11	30	10	16	16	24	24	18	

24	20	22	24	12	27	19	29	23	

27	18	13	22	29	12	15	14	23	

10	16	21	17	25	17	13	21	27	

20	20	17	28	22	22	27	13	30	

23	19	29	27	14	15	28	30	13	

22	12	29	14	13	15	19	12	23	

11	17	13	29	24	29	13	16	22	

16	22	16	19	20	28	15	21	19	

24	25	16	25	19	20	16	16	10	

15	19	19	21	30	18	12	27	27	

10	11	27	30	24	26	20	30	17	

20	28	24	21	22	11	18	14	11	

23	23	19	17	11	12	12	10	18	

24	12	30	28	13	12	22	25	28	

11	21	16	20	11	18	10	11	12	

24	28	27	27	22	20	12	16	26	

25	28	16	26	16	12	22	20	16	

25	14	27	18	22	27	25	10	28	

12	23	30	10	11	14	22	19	16	

27	30	14	27	11	16	12	26	24	

10	23	12	17	14	25	27	10	22	

18	12	24	24	18	24	13	25	15	

30	29	12	12	30	24	19	14	10	

13	16	25	22	19	12	10	27	27	

11	24	26	28	21	27	29	20	30	

17	10	16	24	24	17	16	26	26	

26	29	22	12	24	29	14	25	24	

21	18	18	18	12	25	22	23	16	

19	28	16	11	16	20	18	28	29	

29	22	11	20	29	16	11	14	26	

22	16	30	10	27	28	10	10	21	

23	23	29	29	18	27	13	22	29	

27	29	28	26	22	12	13	21	19	

23	14	13	21	26	18	25	16	30	

13	25	30	24	10	24	22	14	18	

28	28	15	20	29	29	10	11	16	

21	30	14	29	14	11	16	19	30	

26	14	17	24	21	29	23	23	14	

14	16	25	10	11	24	21	11	25	

26	17	29	11	14	27	16	22	25	

13	25	17	28	29	29	18	29	16	

19	14	10	25	26	22	13	27	16	

27	29	12	29	10	16	11	22	18	

21	30	24	19	12	30	25	20	20	

18	13	23	15	26	25	26	12	17	

10	17	26	11	23	21	11	30	19	

28	20	23	24	26	25	12	11	24	

19	28	24	21	14	23	30	12	12	

29	19	21	23	30	16	29	18	14	

18	27	25	11	24	26	26	14	22	

21	27	21	13	25	27	28	11	29	

18	30	26	11	17	15	21	23	12	

19	23	16	26	25	10	30	28	21	

18	21	21	14	29	23	27	11	26	

17	25	24	24	23	25	23	10	24	

26	15	28	19	25	12	25	27	22	

21	30	11	29	22	10	18	23	23	

16	22	12	20	29	18	29	10	24	

12	22	25	11	25	21	26	17	24	

25	29	23	29	30	24	14	15	12	

21	20	25	17	29	26	13	19	25	

23	28	25	11	11	16	29	14	26	

16	11	11	17	11	13	11	12	21	

25	23	26	21	22	21	27	28	24	

12	30	15	17	18	12	17	23	23	

12	12	10	15	13	30	15	10	24	

12	24	14	11	20	29	26	18	28	

18	26	17	11	26	11	27	22	22	

11	17	11	12	19	11	13	19	17	

19	22	12	24	12	14	17	22	17	

24	26	29	22	12	30	14	25	15	

12	17	16	20	13	20	25	26	27	

16	26	19	26	30	20	10	15	26	

10	26	13	14	16	17	29	10	14	

20	26	25	13	27	28	30	13	10	

12	25	21	21	29	29	26	27	28	

18	10	14	24	25	14	29	27	16	

28	24	16	29	28	27	28	18	12	

26	19	20	23	24	22	28	11	17	

22	24	23	25	26	24	21	22	19	

29	25	19	26	13	20	27	30	11	

23	11	23	16	16	13	30	22	19	

11	23	10	14	25	10	18	22	28	

14	29	14	17	20	15	18	12	17	

29	24	22	29	27	23	26	22	18	

28	18	28	29	12	16	17	26	21	

27	24	16	22	20	28	28	20	29	

25	30	14	23	25	28	19	27	22	

26	15	17	23	20	11	17	17	12	

22	29	21	23	13	24	17	21	28	

15	19	21	27	11	25	15	24	15	

14	26	19	10	11	19	14	25	15	

19	29	29	28	23	20	18	13	19	

22	30	28	22	21	28	15	20	25	

23	21	16	14	19	25	22	17	25	

24	20	20	14	28	19	20	13	25	

28	21	30	24	12	28	15	24	13	

15	25	17	14	27	22	14	10	28	

18	28	25	17	21	27	14	19	30	

30	16	24	27	29	29	17	28	14	

24	14	20	22	24	29	11	11	11	

16	28	22	11	19	22	23	15	20	

25	25	24	27	13	23	19	15	19	

30	23	16	28	16	21	11	15	26	

29	28	22	26	19	25	28	27	19	

28	11	11	27	16	24	19	17	26	

29	21	11	26	20	19	18	22	11	

11	19	16	11	28	25	13	23	21	

29	17	13	26	13	13	26	10	23	

21	29	23	26	25	16	17	16	16	

25	18	26	22	17	28	27	16	19	

25	22	14	18	24	11	27	13	18	

27	21	13	30	22	12	25	20	28	

20	28	25	22	23	29	11	30	14	

26	28	24	13	23	12	28	24	12	

17	16	23	12	21	11	29	17	13	

25	11	30	21	24	13	18	15	15	

16	21	24	10	30	15	30	14	14	

23	29	23	10	11	18	21	16	25	

12	12	27	17	25	23	22	13	11	

18	15	13	21	17	11	18	22	10	

15	20	24	15	23	24	29	13	16	

30	22	20	11	10	16	18	17	12	

20	20	21	23	21	12	17	13	21	

17	14	26	12	24	27	17	23	13	

23	22	13	15	22	14	19	30	13	

23	12	23	17	20	28	11	11	18	

14	25	11	17	13	23	26	19	12	

26	14	17	19	27	19	17	12	21	

27	30	23	24	16	14	30	16	20	

19	11	12	30	27	12	14	25	10	

19	29	12	13	25	10	27	29	26	

23	25	26	30	12	14	29	20	25	

14	29	11	12	30	22	22	30	10	

12	12	29	11	17	15	11	23	15	

18	30	25	17	30	23	30	22	29	

28	29	22	10	28	13	29	19	24	

19	10	10	30	29	21	18	13	28	

14	11	28	17	14	28	22	11	20	

22	26	20	16	19	27	29	17	17	

20	15	19	11	28	23	16	10	20	

20	26	15	25	14	19	30	30	29	

12	30	24	14	24	25	14	21	15	

29	30	27	30	30	26	16	23	21	

17	19	14	19	13	11	28	18	26	

23	17	23	24	16	20	27	20	30	

25	20	20	25	13	13	27	26	25	

17	17	22	17	12	28	25	24	21	

21	12	16	26	19	21	21	20	23	

28	16	30	15	25	19	28	10	16	

25	10	17	21	14	21	26	22	25	

23	23	19	12	15	10	16	13	13	

29	28	20	16	21	17	19	22	13	

16	30	24	16	15	29	18	11	17	

13	17	13	14	27	25	18	12	29	

19	18	26	16	21	16	17	15	15	

12	12	26	26	13	10	25	11	18	

29	22	26	24	28	28	18	28	15	

11	28	21	10	17	21	25	18	16	

13	13	29	10	21	12	16	21	29	

30	20	19	16	15	23	15	27	14	

28	16	29	12	24	30	28	10	30	

21	15	27	12	22	11	13	19	24	

17	30	28	11	29	19	23	25	14	

30	17	28	30	10	13	14	17	11	

15	23	11	29	19	14	25	11	23	

27	12	22	16	22	28	30	16	24	

16	29	22	11	20	30	29	22	11	

29	13	12	10	12	24	23	22	27	

20	15	29	24	22	25	11	29	26	

19	13	13	18	11	12	28	17	23	

27	26	20	11	26	17	17	11	28	

21	29	12	14	21	24	30	20	27	

21	17	24	25	23	15	16	27	14	

14	24	19	26	20	10	21	16	22	

13	24	23	17	15	26	21	24	20	

24	29	11	24	15	17	11	20	12	

14	25	12	21	13	25	23	28	24	

19	19	17	10	24	10	26	21	13	

10	19	11	17	10	23	10	19	15	

20	24	28	23	29	28	23	11	17	

26	10	18	28	20	21	18	23	29	

21	17	14	20	15	10	15	30	22	

19	13	25	13	25	14	17	14	20	

25	30	19	10	20	26	16	11	11	

14	22	19	17	25	23	23	24	17	

18	20	22	28	18	30	22	19	26	

29	24	20	24	28	14	20	30	25	

21	15	21	22	12	29	30	18	12	

25	20	19	24	14	26	28	17	15	

23	19	27	16	18	28	25	12	12	

24	13	18	28	25	15	26	19	23	

29	17	11	17	27	11	24	22	22	

12	16	28	12	26	29	19	22	26	

11	29	17	24	11	24	16	20	18	

25	12	14	13	23	28	14	19	13	

22	25	23	24	14	22	23	11	14	

18	17	26	26	27	23	20	11	28	

26	25	10	11	11	22	16	25	12	

15	19	22	29	12	28	13	13	14	

29	17	23	13	24	28	10	21	19	

14	29	23	28	14	18	28	18	14]	

