n:133	
m:4


W:[1371
1310
1299
1346]


b:[77
96
91
59
65
63
72
76
76
73
98
92
83
56
92
97
57
85
62
61
100
54
96
88
66
88
92
56
68
84
53
82
50
64
75
54
72
84
62
95
85
76
66
61
99
93
98
73
51
66
91
98
72
87
67
60
77
94
84
80
87
58
50
61
72
64
63
52
61
83
81
94
54
92
95
63
65
78
82
75
69
72
100
94
87
99
71
67
85
69
94
93
54
90
85
55
50
99
59
58
53
78
57
77
73
70
91
62
63
95
68
73
74
71
84
59
65
61
84
82
57
99
100
91
52
95
55
76
68
74
73
81
67]


w:[30	16	15	23	

17	25	25	27	

16	16	23	12	

21	30	10	13	

22	30	17	30	

21	19	26	13	

15	26	11	16	

26	28	18	27	

12	10	13	12	

23	25	26	30	

22	30	28	28	

20	17	15	17	

27	19	13	25	

28	22	22	27	

29	29	16	20	

16	30	24	15	

22	27	22	20	

11	15	27	28	

29	18	11	18	

14	20	13	17	

30	25	15	14	

22	19	20	20	

22	19	25	11	

21	14	27	24	

28	13	19	28	

15	23	17	13	

16	16	21	13	

24	18	11	17	

19	25	22	19	

23	13	21	12	

26	13	12	28	

29	15	10	14	

25	16	19	16	

30	10	14	19	

10	14	13	23	

25	12	30	25	

14	29	11	14	

21	25	14	30	

20	20	20	15	

30	10	11	16	

27	11	11	18	

12	29	16	24	

23	12	18	23	

10	18	11	21	

21	26	10	23	

17	16	20	21	

16	20	10	29	

12	19	12	18	

24	30	17	17	

11	26	10	16	

16	27	10	29	

17	19	20	26	

28	30	29	13	

16	28	17	12	

24	14	23	19	

20	11	21	11	

23	17	30	24	

17	12	29	17	

14	23	28	23	

10	29	29	20	

27	14	25	26	

22	12	23	16	

26	25	22	24	

15	11	28	12	

13	13	13	13	

16	19	12	19	

22	21	27	14	

25	14	29	17	

27	27	14	14	

26	19	30	25	

18	13	18	26	

19	21	20	29	

17	30	10	26	

16	16	25	27	

22	25	25	10	

11	21	25	19	

22	29	20	24	

21	20	11	21	

11	26	13	20	

17	23	10	23	

22	22	21	13	

15	18	28	23	

11	22	23	11	

27	11	10	10	

27	19	20	10	

21	20	18	24	

25	19	25	18	

28	11	11	13	

24	13	18	30	

18	26	10	13	

21	10	26	22	

22	24	18	21	

30	10	17	28	

26	18	29	26	

29	17	22	22	

19	23	23	18	

14	18	26	21	

29	19	30	26	

29	13	25	15	

15	26	16	27	

29	14	13	30	

23	15	14	11	

17	10	15	23	

11	13	23	24	

11	14	24	13	

14	10	16	17	

25	16	28	26	

21	12	10	24	

24	30	29	25	

26	15	17	16	

18	29	23	24	

29	19	19	29	

16	25	21	17	

12	12	30	24	

19	16	15	23	

17	29	14	19	

20	30	12	12	

28	23	26	30	

20	18	22	26	

10	16	30	21	

23	16	10	27	

16	25	22	14	

25	15	19	28	

12	24	14	23	

22	27	27	17	

20	30	27	14	

29	19	27	14	

16	19	24	15	

23	23	28	21	

27	13	18	19	

15	18	20	25	

24	23	17	25	

26	26	30	28]	

