n:660	
m:4


W:[6541
6590
6538
6636]


b:[79
89
97
63
69
94
90
84
86
74
70
60
85
88
89
79
98
66
86
90
85
53
65
50
83
84
76
65
51
100
93
76
66
77
52
96
89
67
63
66
53
65
78
87
85
72
59
85
89
76
99
62
88
89
58
92
63
56
58
94
77
58
65
73
88
62
98
83
87
62
83
90
72
95
52
55
71
70
70
84
54
56
57
74
60
80
88
68
69
56
87
64
83
52
73
96
59
84
93
95
50
59
74
100
83
88
72
74
70
81
51
64
96
74
62
61
55
55
52
99
89
53
64
100
72
94
71
81
51
57
98
67
54
84
96
90
56
81
93
77
89
74
89
72
94
72
81
58
68
83
51
97
66
74
70
97
86
62
96
53
52
52
91
85
88
94
86
60
92
93
66
50
94
62
83
76
72
86
85
62
71
71
77
68
81
87
77
67
79
75
89
97
66
77
90
85
95
91
90
77
57
67
74
84
74
63
75
84
83
69
97
95
85
99
50
58
68
67
80
71
50
97
50
56
52
71
58
59
60
68
60
56
53
96
78
65
72
53
57
73
95
79
68
53
97
94
63
71
60
66
94
60
76
68
98
73
88
86
65
97
54
65
91
80
60
70
74
96
82
71
88
80
58
91
75
57
71
54
71
83
93
98
85
85
95
91
73
95
81
67
77
67
73
100
92
55
86
62
51
75
63
86
94
65
88
67
75
86
73
66
54
63
53
60
78
79
69
54
59
98
82
64
93
54
66
80
56
68
77
92
55
77
66
89
51
65
83
64
74
88
96
97
71
81
61
74
98
66
66
98
85
93
52
62
81
99
69
78
81
72
85
50
78
58
76
68
99
88
77
92
100
76
54
89
87
60
92
85
86
57
73
53
78
100
62
60
88
89
88
66
75
58
91
94
97
94
57
58
79
89
98
61
50
80
85
78
78
52
78
92
52
91
69
74
76
72
56
78
69
50
58
80
65
88
94
71
75
52
51
95
61
56
71
94
73
66
60
74
75
69
54
95
86
86
91
94
50
100
68
60
72
50
82
65
70
76
91
57
99
82
59
90
66
73
55
54
100
70
97
52
76
80
86
91
53
82
90
97
56
59
60
97
93
64
59
89
89
94
81
67
73
83
95
51
64
54
81
83
61
75
73
100
89
78
65
65
95
87
88
77
57
64
51
86
90
100
51
100
74
94
56
57
93
98
94
88
98
84
88
86
75
77
88
80
64
59
65
75
71
86
53
75
86
65
53
61
60
74
81
60
90
78
67
87
51
87
64
87
89
63
99
57
90
92
60
94
77
59
64
81
85
68
51
54
68
73
79
94
77
67
92
52
64
91
53
62
96
65
75
100
98
83
91
57
85
77
79
82
83
83
99
100
79
57
91
55
59
53
78
51
67
89
60
53
85
74
52
83
72
82
55
100
99
70
93
63
64
86
100
66
68
56
54
60
81
96
55
63
98
96
53
69
51
83
75
89
77
99
76
70
92
93
89
83
94
75
61
88
76
71]


w:[17	12	15	16	

25	28	25	16	

20	30	26	27	

21	22	14	11	

29	19	27	30	

13	12	23	15	

26	17	27	10	

10	29	17	21	

10	28	22	26	

21	21	29	11	

18	20	20	17	

16	18	25	29	

18	18	24	26	

11	29	12	17	

20	23	18	20	

20	19	19	19	

16	18	11	25	

15	26	24	19	

15	19	10	15	

13	20	15	30	

30	21	16	23	

28	27	15	30	

29	28	14	28	

26	13	24	26	

25	22	24	23	

12	20	21	14	

28	24	10	18	

26	12	10	21	

10	25	24	13	

20	11	17	23	

10	17	20	14	

30	24	17	29	

19	20	29	11	

23	26	28	17	

27	19	16	18	

16	14	16	29	

21	21	19	10	

23	11	12	18	

11	23	26	14	

29	10	20	14	

13	15	24	18	

21	21	29	19	

17	11	20	28	

15	14	15	11	

15	14	21	10	

23	20	25	12	

12	11	30	13	

16	18	11	28	

18	26	17	30	

30	27	23	21	

28	20	23	12	

22	28	25	17	

13	12	25	13	

12	26	27	14	

27	10	20	15	

11	20	26	18	

29	20	18	21	

16	21	17	25	

20	27	30	30	

13	15	11	27	

22	23	29	15	

24	18	18	22	

17	30	26	22	

15	30	16	12	

29	15	11	21	

30	30	25	14	

12	12	23	12	

28	11	26	16	

13	10	26	21	

16	14	28	16	

29	29	17	29	

12	12	21	25	

23	13	30	23	

12	16	10	24	

14	14	14	26	

21	20	24	30	

24	17	18	21	

11	13	11	20	

20	19	20	23	

26	15	19	20	

16	12	29	25	

21	20	30	18	

24	27	14	22	

12	10	16	14	

25	24	27	25	

30	22	11	16	

13	18	24	26	

22	19	19	18	

18	29	24	30	

18	24	22	24	

24	14	30	29	

11	20	21	30	

22	10	21	18	

12	14	19	22	

22	28	22	18	

17	10	20	15	

20	22	29	15	

15	26	15	22	

11	21	21	25	

24	26	20	25	

28	27	14	10	

28	13	25	25	

29	13	14	18	

20	14	22	11	

16	19	17	11	

23	17	20	25	

14	30	20	26	

18	25	10	23	

26	10	30	29	

28	18	25	26	

15	20	14	28	

22	17	29	13	

28	21	15	25	

26	26	14	12	

18	17	30	19	

19	25	14	17	

27	23	24	29	

24	12	26	25	

17	15	10	11	

10	21	20	21	

14	11	24	10	

23	27	15	26	

14	13	20	23	

15	26	24	25	

13	30	13	18	

13	17	13	10	

25	24	12	26	

23	18	27	15	

27	19	26	22	

26	12	21	26	

28	24	19	18	

11	12	17	14	

18	15	22	26	

29	27	22	25	

14	29	20	28	

16	16	20	30	

21	23	12	20	

19	30	10	18	

19	14	24	16	

20	30	13	28	

19	17	12	27	

24	13	21	25	

28	11	17	24	

10	16	21	10	

26	26	10	16	

10	14	16	21	

22	25	24	22	

18	21	28	13	

24	30	26	28	

21	27	17	28	

13	15	11	10	

12	17	14	18	

15	19	14	28	

26	10	24	18	

16	13	10	23	

19	24	14	29	

25	29	21	17	

30	23	21	27	

26	29	24	13	

12	30	19	12	

14	11	20	27	

17	22	25	13	

18	17	28	30	

25	16	14	13	

29	15	18	20	

20	21	11	13	

30	26	19	28	

12	19	28	20	

10	21	12	26	

24	29	27	15	

19	23	13	11	

21	20	22	17	

29	17	19	20	

29	11	26	13	

26	17	14	27	

23	14	25	29	

15	14	13	28	

27	24	19	21	

19	28	13	25	

18	12	19	18	

19	21	14	23	

20	21	20	25	

15	18	10	26	

27	21	21	17	

11	30	19	12	

26	14	16	16	

20	17	11	15	

20	30	23	23	

19	17	13	15	

30	30	14	25	

19	28	23	22	

13	21	18	15	

27	18	20	10	

16	13	30	30	

18	21	22	22	

11	11	27	19	

30	27	12	30	

23	29	22	22	

29	30	15	27	

26	24	29	10	

17	13	20	18	

17	27	14	27	

11	16	21	15	

27	30	26	10	

13	29	30	21	

30	16	27	26	

18	26	12	11	

14	28	29	22	

24	16	19	15	

12	17	16	16	

20	22	13	19	

15	19	10	27	

17	24	29	14	

10	11	22	12	

25	25	15	10	

23	20	26	17	

12	11	22	10	

27	11	14	27	

10	10	13	27	

23	17	13	10	

19	18	26	17	

16	27	20	14	

27	24	21	21	

22	27	21	26	

28	13	20	22	

17	25	14	28	

19	18	29	23	

14	16	16	15	

12	21	30	26	

16	29	13	25	

27	22	10	30	

20	30	17	11	

29	15	14	15	

10	12	29	15	

14	19	21	21	

29	12	10	28	

28	20	18	28	

28	11	17	24	

10	10	18	27	

12	28	13	19	

22	25	28	30	

30	21	18	11	

29	28	19	29	

20	28	13	23	

30	28	14	17	

18	28	29	25	

21	24	16	26	

25	21	16	24	

29	18	22	15	

11	14	21	19	

26	14	27	14	

23	22	19	23	

14	20	27	24	

15	25	30	10	

21	19	14	22	

19	30	19	14	

17	30	28	24	

24	26	29	27	

17	14	20	24	

14	29	17	28	

12	24	14	14	

22	27	22	28	

25	27	10	12	

22	28	29	13	

22	17	27	14	

14	26	24	16	

17	15	18	30	

19	20	17	20	

11	13	10	18	

17	24	12	12	

16	23	13	23	

23	30	13	19	

10	12	22	23	

19	10	28	15	

28	11	29	16	

20	27	16	11	

14	13	29	18	

17	24	24	26	

28	18	13	19	

21	18	16	24	

16	13	20	14	

23	10	21	16	

11	11	16	11	

22	13	13	29	

13	29	27	19	

12	11	10	10	

10	25	17	30	

12	20	20	27	

23	30	22	17	

22	17	13	12	

24	14	21	22	

21	17	18	27	

14	18	25	20	

20	26	16	20	

27	23	30	23	

16	29	20	10	

15	22	26	15	

20	11	27	20	

16	20	17	22	

17	29	17	26	

30	10	14	21	

17	21	14	15	

10	28	25	21	

14	26	26	22	

22	23	21	29	

26	28	11	17	

23	23	17	18	

25	21	21	25	

27	16	26	15	

14	25	15	10	

22	10	22	25	

16	23	26	13	

20	11	15	18	

18	15	16	25	

23	24	18	22	

11	11	21	23	

13	20	22	16	

29	16	23	28	

24	12	18	29	

28	23	27	21	

10	16	13	28	

19	19	18	16	

25	13	19	18	

10	29	29	29	

17	29	29	25	

19	10	15	15	

26	15	28	23	

22	17	19	29	

16	20	19	27	

10	21	12	14	

24	27	13	17	

27	12	12	26	

15	21	25	23	

26	18	18	30	

13	20	29	17	

28	26	16	28	

16	27	27	24	

30	10	11	18	

15	23	19	14	

10	23	16	28	

29	10	16	20	

10	13	22	16	

20	18	11	18	

24	28	27	16	

13	22	29	13	

24	22	21	16	

15	23	13	13	

11	29	21	25	

28	25	11	14	

23	11	12	17	

17	13	19	11	

24	27	25	10	

16	19	17	10	

17	14	18	14	

29	15	21	12	

17	22	16	28	

23	22	18	20	

22	17	26	20	

19	19	15	24	

12	27	25	27	

24	30	16	21	

30	22	25	24	

28	21	18	19	

12	25	15	21	

27	20	21	17	

14	16	19	12	

12	11	29	14	

30	21	20	18	

20	15	19	23	

10	21	11	26	

27	12	21	24	

18	29	23	11	

10	26	26	13	

21	12	15	21	

24	20	10	14	

12	12	26	15	

29	15	18	21	

26	23	20	25	

14	19	14	25	

13	12	30	22	

10	28	26	14	

30	20	26	20	

22	22	16	26	

15	17	19	21	

20	12	18	16	

13	14	24	20	

20	26	23	15	

14	20	15	23	

27	12	15	18	

19	21	16	12	

11	10	20	23	

20	10	18	16	

29	17	15	26	

21	14	20	14	

23	11	12	25	

17	20	24	16	

11	29	16	18	

19	27	12	27	

26	29	22	12	

27	18	14	30	

15	30	15	19	

19	13	16	15	

23	20	26	29	

14	25	10	12	

24	13	24	30	

18	16	21	24	

11	24	18	21	

23	12	20	16	

11	16	23	16	

12	21	16	18	

29	27	20	28	

15	22	10	13	

17	17	27	20	

25	23	29	15	

22	25	18	11	

25	26	10	24	

11	17	16	19	

12	27	12	25	

22	13	11	24	

13	21	21	12	

24	15	26	17	

24	23	11	10	

26	12	12	25	

30	17	12	16	

20	24	12	14	

21	13	24	30	

28	17	20	17	

30	18	12	17	

12	23	12	19	

15	28	27	11	

25	12	15	27	

28	12	25	14	

14	24	16	20	

25	23	27	28	

25	29	10	23	

17	27	14	24	

25	25	23	23	

27	13	27	17	

27	26	19	28	

17	24	20	19	

20	10	28	28	

17	16	10	25	

27	21	29	24	

11	18	26	26	

29	20	18	26	

10	29	30	15	

16	30	23	26	

20	29	28	10	

13	29	27	23	

28	15	27	29	

23	26	29	25	

21	25	20	13	

29	12	15	11	

21	27	25	20	

27	15	24	17	

27	26	29	11	

14	21	25	21	

24	22	19	24	

24	30	19	24	

16	15	24	23	

24	11	21	20	

13	24	21	11	

29	10	24	10	

22	15	15	26	

24	10	29	16	

12	14	23	13	

17	19	13	11	

29	29	18	19	

13	15	22	20	

13	10	16	20	

25	18	28	28	

26	25	21	16	

13	16	19	28	

23	15	28	18	

17	22	30	22	

29	23	28	18	

18	25	28	23	

10	24	11	23	

28	19	26	25	

19	19	25	17	

26	12	25	30	

10	28	10	27	

25	18	30	18	

25	25	30	12	

29	25	16	30	

22	13	13	30	

17	16	28	17	

13	20	26	25	

21	12	29	13	

15	12	16	26	

17	30	30	19	

12	15	19	14	

11	10	15	10	

23	23	17	14	

22	28	23	25	

12	11	18	30	

13	30	19	14	

25	15	12	18	

20	14	16	15	

16	20	14	29	

25	25	24	25	

21	28	23	22	

19	15	28	18	

18	21	24	10	

20	18	16	17	

27	29	20	23	

13	22	25	16	

18	27	12	22	

21	27	18	16	

15	18	29	14	

21	17	11	26	

22	16	23	28	

15	11	25	16	

18	25	12	18	

22	22	22	25	

22	11	26	13	

14	19	20	18	

25	19	22	28	

16	16	25	30	

23	15	27	12	

24	22	19	18	

11	19	25	24	

12	15	12	11	

28	12	26	14	

27	21	21	25	

15	10	18	29	

23	16	26	28	

27	11	19	30	

11	21	26	29	

11	14	15	10	

24	20	15	23	

10	16	29	30	

23	12	15	13	

11	13	11	25	

13	14	20	22	

18	27	20	26	

18	25	20	12	

17	11	19	27	

26	30	27	14	

16	16	29	25	

23	15	11	21	

17	19	11	19	

15	23	26	27	

28	17	26	23	

19	11	17	19	

14	25	26	14	

29	23	17	14	

20	12	24	22	

27	30	14	26	

11	16	19	13	

21	18	18	14	

20	23	28	19	

18	30	27	26	

28	22	11	15	

20	13	30	15	

17	22	30	30	

19	15	15	29	

10	16	17	17	

25	29	28	26	

29	26	19	10	

16	10	12	14	

16	24	14	26	

11	23	29	22	

26	10	24	17	

21	15	24	18	

15	30	30	11	

19	14	23	18	

13	13	18	26	

14	17	19	14	

30	22	13	28	

15	27	17	26	

17	25	19	10	

27	27	12	11	

29	15	10	19	

27	11	15	27	

11	30	10	10	

14	29	16	28	

18	25	15	19	

24	14	29	20	

30	26	28	15	

29	14	18	27	

15	12	20	22	

17	11	25	12	

16	19	11	27	

10	26	13	17	

19	29	26	13	

20	15	17	22	

24	24	17	29	

20	14	21	27	

17	27	23	27	

14	24	14	22	

18	27	29	11	

24	28	22	13	

17	18	20	10	

20	16	24	16	

18	21	28	13	

27	21	28	10	

19	20	20	30	

30	22	28	26	

25	23	11	18	

28	17	28	18	

19	23	30	22	

23	25	19	18	

25	18	10	24	

10	27	13	14	

11	29	16	28	

16	12	13	23	

24	26	13	13	

19	24	17	18	

16	18	26	14	

28	29	26	28	

15	29	30	24	

13	30	16	29	

16	19	17	19	

27	20	11	25	

30	18	10	28	

16	14	15	12	

10	17	22	30	

29	15	12	23	

12	10	19	19	

15	14	30	14	

25	17	27	22	

24	21	28	28	

28	11	12	19	

12	19	25	12	

19	21	13	25	

10	11	12	10	

22	27	24	13	

22	25	17	23	

29	26	16	23	

28	30	26	24	

25	23	14	16	

21	29	16	19	

10	27	10	15	

10	19	21	28	

26	10	27	21	

26	15	20	26	

13	30	14	24	

15	18	16	26	

19	27	15	21	

11	19	27	17	

27	30	11	17	

29	19	26	26	

19	29	10	17	

13	14	15	24	

23	29	10	17	

24	21	25	10	

30	27	23	20	

15	23	10	13	

18	23	10	11	

22	21	14	22	

17	12	28	22	

20	11	10	14	

26	14	16	21	

18	30	18	23	

17	23	19	28	

10	13	20	24	

25	28	18	19	

23	17	26	16	

28	22	21	18]	

