n:905	
m:5


W:[9180
8914
8942
9060
9071]


b:[98
69
89
53
60
71
98
63
56
74
90
58
68
86
85
79
65
59
50
99
53
80
95
76
96
70
90
73
52
51
60
70
97
69
68
86
85
93
83
55
85
94
71
93
99
99
74
90
97
62
77
55
99
92
52
81
83
86
68
62
54
97
77
80
63
99
62
83
50
87
56
93
60
69
71
90
63
92
84
65
73
93
64
72
68
53
91
96
86
76
92
92
94
65
85
92
91
72
68
87
100
73
76
64
69
77
76
75
81
83
87
72
63
65
56
50
52
50
62
80
68
89
99
51
91
85
55
81
94
96
53
96
99
71
60
72
93
66
78
54
59
77
96
99
84
60
68
72
95
89
72
54
68
50
62
77
53
50
91
92
95
62
93
63
57
81
77
89
98
85
51
96
54
85
66
91
89
69
80
88
71
58
91
84
98
84
81
81
60
57
91
94
51
94
51
77
88
98
78
55
83
61
83
90
60
77
52
54
85
85
69
53
95
67
93
100
97
93
66
55
54
61
54
68
78
70
65
84
59
100
98
57
88
57
81
89
54
91
92
55
74
98
96
67
79
69
92
63
91
76
90
85
89
95
94
70
71
81
97
73
71
88
89
50
59
100
85
52
61
90
53
50
67
65
95
57
65
91
73
53
61
61
59
57
88
98
82
88
61
72
89
64
81
83
100
95
55
75
100
56
66
61
57
57
70
78
51
83
50
64
54
65
99
51
98
91
76
77
88
90
77
99
75
93
88
59
87
66
93
58
70
88
54
94
67
83
92
66
99
58
50
97
91
55
80
63
89
83
62
93
50
95
72
83
96
76
86
100
92
74
51
59
86
54
79
100
63
51
85
85
91
83
67
66
97
76
64
80
95
62
80
58
84
77
85
96
56
92
62
60
53
81
72
67
73
56
84
98
89
78
100
61
54
58
59
68
76
99
58
84
80
59
54
73
91
69
73
79
97
81
96
55
61
54
61
81
100
91
90
96
85
93
55
98
70
77
50
60
67
71
51
60
79
97
72
89
54
82
81
100
51
97
70
55
70
61
69
54
96
58
87
99
94
66
84
55
65
91
91
52
73
62
67
88
98
75
64
66
73
92
57
96
63
64
81
58
63
64
67
54
72
59
98
80
83
78
89
66
86
52
98
75
95
52
65
83
68
56
75
83
75
90
74
94
79
88
71
92
93
68
83
69
85
79
50
64
74
54
59
88
67
85
57
79
98
99
77
60
86
74
81
86
90
81
95
65
65
82
70
69
59
76
50
73
95
87
86
94
61
64
62
75
84
50
64
57
63
53
56
99
68
59
73
78
71
73
83
56
91
64
82
86
86
68
93
68
82
58
93
73
93
66
56
53
57
72
60
72
71
60
86
59
100
83
92
60
98
76
90
55
82
73
60
56
52
98
92
55
53
72
59
66
71
76
56
63
93
82
69
72
86
50
67
75
88
93
79
99
55
51
83
57
72
67
100
94
77
99
95
87
96
94
76
81
92
55
76
78
93
65
64
51
53
57
69
51
82
95
92
54
51
54
99
74
52
92
80
84
78
65
50
67
91
88
56
88
66
55
82
96
58
68
99
60
100
82
89
66
92
69
96
72
58
80
54
61
85
82
73
67
54
78
66
56
58
54
53
51
50
86
51
56
84
62
80
83
69
71
87
55
89
92
77
85
91
100
71
73
68
88
80
91
55
89
59
65
86
71
85
52
99
57
85
97
94
99
94
57
51
81
93
51
84
60
52
94
83
51
99
72
67
55
73
50
82
66
81
61
53
73
98
99
67
64
53
53
57
80
70
84
86
82
92
88
65
96
55
58
51
77
55
77
69
65
81
86
82
98
59
72
64
80
80
80
100
96
66
54
60
97
71
57
52
97
91
54
98
57
56
81
97
59
91
85
89
83
89
89
95
90
86
52
90
87
52
53
90
70
71
56
72
89
53
82
60
92
66
51
75
75
91
79
98
80
84
69
73
64
81
80
67
94
86
67
91
57
93
80
62
85
71
80
70
94
74
55
65
75
99
56
99
72
88
76
80
66
52
75
80
98
64
50
72
51
58]


w:[17	28	29	28	28	

24	19	27	26	13	

18	28	27	22	20	

20	30	23	18	13	

19	12	26	19	23	

13	13	18	25	26	

26	19	23	28	14	

11	25	21	11	21	

22	28	18	13	16	

23	26	13	17	18	

11	22	27	27	17	

10	12	30	13	25	

13	18	26	26	19	

25	28	23	20	30	

18	15	18	17	27	

13	29	12	15	15	

27	12	13	10	12	

28	19	30	23	11	

30	10	26	19	20	

14	17	26	27	21	

14	18	14	30	19	

20	15	24	12	18	

17	21	11	18	25	

16	14	15	30	21	

12	24	11	19	13	

26	29	22	12	20	

27	11	30	13	23	

27	15	27	14	12	

30	12	10	25	23	

27	12	17	29	27	

26	23	23	11	28	

10	13	14	12	13	

15	15	10	15	12	

27	27	19	12	13	

16	15	21	18	22	

30	27	10	28	10	

20	11	10	24	22	

13	22	18	28	22	

15	19	14	19	21	

23	25	17	26	27	

18	19	25	30	12	

19	30	27	23	26	

19	13	29	19	19	

10	29	14	15	12	

10	13	12	15	25	

13	13	27	24	18	

22	17	28	15	20	

30	29	20	23	21	

24	27	22	12	15	

25	26	17	14	28	

10	24	14	11	10	

11	16	15	11	16	

16	19	23	20	25	

26	16	26	19	12	

20	26	23	11	14	

29	10	20	16	20	

20	22	12	25	25	

20	12	27	23	27	

14	13	23	14	27	

14	11	21	10	28	

16	25	28	22	17	

27	12	30	29	15	

17	13	22	12	28	

27	30	19	20	29	

29	23	21	22	22	

25	18	23	13	20	

17	12	30	16	11	

25	21	21	21	20	

30	10	14	27	10	

13	14	19	12	11	

28	12	27	20	22	

20	11	16	26	15	

25	29	29	19	25	

12	10	10	14	18	

24	17	27	14	17	

15	16	13	22	18	

30	17	15	11	23	

13	24	18	14	14	

10	25	29	10	25	

16	23	16	30	29	

22	17	16	27	12	

14	23	14	23	17	

21	25	26	28	20	

20	20	17	12	13	

30	26	10	13	12	

15	25	10	10	13	

14	11	21	27	25	

27	10	14	22	18	

19	26	29	23	10	

24	24	11	21	28	

12	18	19	27	29	

17	26	20	15	21	

28	13	23	14	30	

18	27	19	17	10	

18	30	23	28	10	

15	10	10	24	13	

26	15	27	17	24	

29	25	13	14	20	

30	22	18	11	25	

10	25	26	30	15	

26	12	10	29	25	

23	11	10	30	30	

10	11	15	21	22	

29	30	27	25	24	

17	17	24	21	20	

24	28	13	12	16	

12	26	14	29	28	

27	25	20	14	11	

12	28	22	23	24	

27	18	11	28	15	

19	15	27	22	29	

27	21	27	27	16	

16	30	12	16	22	

19	23	20	12	20	

11	11	12	30	11	

22	15	16	29	25	

19	14	22	25	21	

26	17	23	26	13	

16	20	27	25	19	

12	20	29	17	18	

16	16	18	23	30	

17	21	15	25	13	

24	23	11	22	29	

11	10	26	21	17	

23	11	23	22	17	

27	21	23	14	21	

24	15	10	10	14	

20	23	29	28	15	

13	25	18	16	20	

18	13	15	24	11	

10	28	19	24	14	

24	11	13	17	17	

25	28	25	22	11	

26	22	12	12	25	

11	16	18	22	28	

24	20	11	26	11	

20	13	26	30	15	

14	24	29	12	17	

28	23	26	24	19	

27	11	27	12	22	

18	22	15	22	16	

19	16	19	18	13	

13	30	18	26	24	

13	23	22	23	25	

25	19	23	25	16	

14	16	28	13	25	

17	10	18	11	30	

28	22	12	20	28	

30	16	26	10	14	

28	20	27	16	21	

29	13	11	25	28	

25	24	21	12	14	

26	25	23	10	18	

29	13	29	20	10	

13	26	28	20	17	

20	11	12	15	14	

28	19	22	19	12	

11	21	23	18	24	

22	12	15	30	23	

11	28	28	25	22	

18	25	14	16	19	

20	28	15	16	13	

10	27	26	16	22	

19	20	14	26	11	

24	25	16	23	24	

14	20	19	28	19	

24	12	19	30	17	

26	13	16	25	19	

16	15	27	18	10	

29	24	14	30	27	

15	17	12	29	19	

29	21	17	30	22	

30	15	10	21	25	

11	25	22	20	11	

19	15	18	26	16	

20	30	18	24	30	

21	28	13	20	11	

26	25	12	13	23	

25	25	14	11	16	

17	18	20	27	24	

23	27	26	28	19	

21	24	19	17	20	

19	22	26	11	14	

19	11	30	16	24	

23	14	23	14	27	

28	29	10	22	18	

20	13	27	14	13	

10	11	19	26	22	

21	28	24	16	13	

23	25	15	18	22	

11	13	26	10	16	

24	21	10	11	24	

10	19	25	26	10	

29	21	22	23	25	

14	29	15	14	22	

27	25	23	10	27	

18	25	12	12	30	

25	26	26	26	10	

30	16	15	22	13	

17	28	21	30	15	

13	12	29	22	13	

30	30	13	28	15	

12	13	14	12	21	

30	23	23	27	30	

27	25	29	23	21	

10	15	11	27	25	

11	18	15	30	24	

29	20	14	16	24	

15	11	16	18	22	

19	15	29	15	13	

17	17	10	19	24	

22	16	28	22	13	

13	22	14	18	25	

25	23	14	28	10	

28	30	10	18	24	

12	19	22	11	19	

24	24	27	17	26	

29	18	15	25	21	

30	15	12	26	28	

13	10	30	16	15	

15	19	17	21	22	

30	10	25	30	27	

12	30	30	14	22	

25	15	16	17	29	

29	27	12	17	21	

17	16	14	26	16	

24	30	17	26	17	

27	23	21	23	24	

11	16	25	11	30	

21	18	17	23	25	

11	11	12	16	11	

27	18	28	21	11	

17	22	11	28	18	

18	21	11	15	22	

28	27	26	30	12	

27	17	16	19	17	

16	21	17	28	26	

25	20	29	26	15	

12	28	23	21	13	

29	19	25	15	21	

28	12	27	11	23	

19	12	10	23	10	

27	14	21	20	25	

25	22	24	24	22	

10	12	19	24	16	

12	22	20	11	25	

13	15	27	17	22	

19	12	22	15	24	

24	29	28	12	11	

26	12	19	18	10	

28	29	25	19	30	

15	30	26	13	10	

22	25	30	27	16	

28	11	13	16	16	

22	10	20	25	28	

13	13	10	12	14	

13	22	19	14	23	

29	23	22	18	15	

25	18	21	26	25	

11	18	16	28	16	

27	25	11	29	15	

26	29	15	17	28	

23	16	11	13	27	

28	19	20	20	11	

22	23	10	14	14	

26	23	27	12	12	

24	18	12	26	19	

11	20	11	15	11	

22	29	23	11	15	

22	12	20	16	13	

20	24	23	18	14	

15	27	19	15	29	

14	14	18	15	12	

29	10	29	23	28	

17	11	24	24	28	

11	18	17	16	28	

26	30	27	28	23	

24	29	25	30	12	

14	17	15	18	20	

25	16	30	18	16	

29	29	14	27	21	

15	26	13	15	24	

11	22	25	30	24	

28	12	29	11	11	

29	26	12	28	19	

20	16	29	14	17	

21	21	28	16	22	

16	18	21	16	14	

10	11	16	16	10	

22	15	29	25	26	

12	24	17	14	15	

19	24	24	25	23	

29	19	19	16	20	

12	12	13	19	13	

27	26	27	13	11	

20	27	16	25	30	

13	11	21	11	21	

12	22	23	11	15	

23	17	14	25	19	

26	15	21	11	20	

13	21	15	28	23	

25	14	15	26	30	

27	23	28	13	25	

12	16	11	15	15	

18	20	29	12	17	

25	19	22	20	16	

25	11	12	16	24	

12	13	21	18	22	

14	22	23	17	23	

27	25	26	22	28	

16	21	25	15	17	

28	18	22	24	12	

22	29	21	18	27	

27	23	12	10	25	

22	29	23	24	19	

28	25	25	30	23	

27	22	25	19	26	

29	27	23	13	23	

19	11	18	24	16	

13	19	15	26	16	

29	25	11	16	11	

16	21	23	18	16	

23	20	11	21	19	

18	29	24	27	29	

11	15	20	14	21	

18	26	11	24	25	

28	21	10	25	19	

29	25	18	13	22	

27	28	24	15	18	

18	19	26	24	23	

20	24	27	13	26	

19	23	14	15	20	

15	14	22	21	28	

18	16	22	29	30	

28	24	25	22	16	

23	27	25	13	17	

10	18	14	19	15	

29	30	25	14	28	

17	30	26	27	30	

18	22	11	21	26	

10	27	26	19	16	

14	12	15	15	24	

30	16	23	25	27	

21	22	21	25	23	

11	12	11	26	23	

14	17	17	16	28	

11	19	26	25	23	

26	16	25	15	14	

30	21	11	15	24	

19	13	25	12	17	

17	14	19	19	21	

15	28	27	21	20	

12	24	11	16	11	

28	13	20	14	16	

22	20	11	19	22	

14	23	22	29	29	

22	16	10	11	16	

11	15	27	30	30	

26	30	14	17	10	

16	16	10	12	27	

18	18	28	14	19	

14	11	25	23	21	

16	14	17	11	29	

14	20	16	28	13	

30	19	21	26	13	

28	16	14	20	12	

29	18	10	28	16	

28	16	22	19	11	

29	16	19	22	16	

24	29	13	28	10	

22	19	30	26	18	

22	29	15	30	17	

20	12	12	30	27	

10	28	21	13	28	

15	20	25	24	17	

15	12	21	30	29	

30	11	29	13	11	

25	18	13	21	20	

19	20	17	10	30	

19	22	26	16	24	

29	19	19	16	14	

10	14	23	16	25	

16	10	20	30	25	

18	29	27	19	15	

29	14	18	12	17	

10	14	27	28	26	

21	22	30	15	25	

22	18	24	14	11	

25	18	25	27	13	

17	21	21	22	14	

18	22	15	25	13	

21	13	30	13	25	

27	13	23	28	16	

24	17	24	25	16	

19	25	17	16	22	

19	19	29	27	12	

25	15	19	19	13	

19	28	30	25	25	

12	10	10	17	20	

17	11	28	21	13	

28	11	22	25	11	

12	13	27	11	23	

28	22	11	14	20	

11	19	11	29	18	

25	22	17	19	10	

21	10	25	23	23	

14	25	27	30	30	

10	13	30	21	30	

10	16	13	18	17	

21	24	10	28	18	

29	26	26	12	23	

23	24	22	23	22	

16	10	28	15	12	

14	23	28	19	17	

17	24	15	18	19	

19	18	15	20	16	

25	19	23	28	28	

25	11	11	10	13	

20	10	17	21	20	

22	29	20	28	21	

15	23	24	14	25	

25	15	22	28	24	

23	27	13	24	19	

24	30	13	10	10	

15	12	16	10	17	

15	25	25	26	27	

24	13	13	22	23	

29	28	19	27	23	

27	21	25	30	12	

27	19	20	30	27	

26	16	29	12	10	

11	19	25	26	11	

10	22	23	22	27	

14	22	12	14	12	

24	14	21	19	23	

23	17	27	15	18	

22	12	16	13	23	

28	10	19	20	23	

24	11	30	15	24	

21	28	12	21	12	

17	23	12	10	26	

18	11	23	24	26	

21	20	16	25	14	

17	28	20	14	13	

14	13	24	16	10	

26	13	24	25	18	

19	12	23	15	10	

14	14	26	22	24	

16	28	18	28	27	

25	23	27	29	28	

17	27	21	29	10	

17	16	17	15	11	

21	28	14	11	13	

13	17	24	30	27	

10	24	12	15	15	

20	10	28	19	19	

25	11	22	23	26	

23	25	21	25	12	

28	25	17	18	23	

23	19	20	14	18	

16	10	26	27	23	

12	23	15	22	12	

18	10	10	10	28	

24	22	30	24	24	

26	18	29	12	20	

12	13	16	19	29	

15	29	26	25	30	

21	28	20	29	20	

25	19	13	21	28	

18	22	30	28	11	

25	24	25	12	17	

12	15	16	16	29	

10	15	16	11	21	

21	29	21	22	12	

19	28	18	13	19	

18	14	21	15	17	

19	24	23	29	26	

14	23	30	23	28	

24	26	18	13	28	

10	14	16	20	29	

20	19	14	18	12	

13	11	24	17	16	

23	29	22	24	17	

22	19	21	13	24	

15	10	26	18	28	

12	28	12	27	13	

16	10	21	18	11	

16	28	23	25	13	

14	11	21	15	11	

14	29	16	25	24	

24	18	21	30	15	

24	16	28	30	27	

14	30	21	24	23	

26	30	18	28	25	

25	16	10	11	27	

30	24	17	22	27	

13	17	24	10	27	

26	14	21	28	25	

16	24	24	26	20	

24	24	30	30	24	

10	26	13	24	17	

23	18	15	26	24	

24	15	19	19	17	

27	29	24	27	16	

26	30	14	21	26	

30	15	30	19	21	

26	24	18	15	14	

30	26	22	18	11	

30	10	26	20	27	

18	11	17	17	19	

20	12	21	22	14	

24	15	16	12	29	

13	27	27	27	13	

23	25	20	26	22	

26	19	17	29	15	

25	10	18	27	23	

23	25	15	24	10	

22	27	25	25	29	

20	23	25	27	30	

26	19	27	10	24	

13	11	24	12	25	

10	18	11	30	24	

13	15	24	21	25	

22	14	16	13	15	

19	29	29	20	29	

15	30	21	18	16	

28	30	25	18	11	

22	11	25	17	28	

11	26	10	13	21	

27	23	28	28	29	

18	25	11	10	17	

12	21	30	15	12	

21	16	12	14	22	

11	17	15	10	20	

13	22	20	14	13	

25	11	14	18	17	

18	27	16	26	22	

24	10	14	23	28	

23	11	17	30	19	

13	15	15	13	10	

26	17	22	10	22	

19	23	29	26	30	

21	30	20	22	21	

10	22	29	11	18	

24	27	20	30	24	

17	22	29	13	29	

20	29	29	28	17	

14	24	11	27	13	

25	25	14	22	12	

15	16	23	27	19	

17	13	15	20	28	

20	15	29	14	30	

21	14	14	28	23	

14	30	16	13	16	

15	27	10	17	15	

29	14	13	15	21	

18	19	20	25	29	

20	24	18	19	26	

21	25	27	10	19	

15	23	14	23	11	

19	26	22	24	28	

15	27	15	21	25	

17	12	25	12	22	

28	16	19	28	19	

19	20	21	14	24	

20	15	24	21	18	

24	10	13	29	28	

10	23	13	28	27	

17	26	24	26	13	

27	17	12	16	30	

24	24	25	17	30	

29	21	15	13	15	

20	10	29	25	28	

19	12	12	28	29	

20	28	30	13	19	

23	28	17	23	25	

13	27	19	25	10	

19	13	13	25	24	

19	22	12	21	10	

29	11	17	26	26	

25	13	30	24	30	

19	15	27	22	21	

30	12	28	19	22	

25	29	18	15	11	

29	25	11	16	28	

21	24	23	23	18	

12	21	11	26	14	

29	11	17	30	24	

27	23	11	21	15	

11	24	15	18	14	

13	22	12	12	20	

26	11	23	30	17	

26	30	15	30	25	

28	11	11	23	21	

19	10	27	17	26	

26	14	12	10	14	

23	21	11	10	30	

28	24	27	20	28	

15	25	23	19	23	

14	27	16	13	13	

30	17	25	29	26	

27	21	22	20	27	

14	15	27	18	28	

13	12	26	12	12	

20	23	19	17	19	

21	19	11	27	21	

18	22	30	26	15	

11	10	10	17	26	

23	30	29	23	19	

25	15	27	25	18	

13	15	22	18	20	

17	15	16	11	13	

12	25	23	19	20	

20	22	14	11	26	

12	23	19	24	25	

10	29	19	11	30	

29	18	12	28	29	

14	11	14	10	21	

10	19	24	11	23	

25	25	24	10	21	

19	20	14	28	26	

10	24	24	25	27	

21	11	30	27	25	

15	25	30	30	30	

14	22	12	13	29	

17	18	24	28	19	

21	30	25	28	20	

15	30	24	23	29	

30	26	29	27	23	

17	11	14	17	11	

23	15	27	14	28	

21	14	11	19	28	

29	14	15	22	30	

10	25	23	15	11	

26	19	14	15	28	

29	30	20	14	10	

24	12	13	22	18	

24	10	19	14	23	

13	20	20	24	18	

23	21	21	20	13	

23	12	27	26	28	

18	11	15	26	14	

13	11	10	24	26	

24	19	22	19	20	

30	19	24	24	15	

11	19	23	26	30	

27	10	23	18	20	

29	19	10	16	11	

28	13	29	21	10	

25	11	11	12	21	

20	15	23	21	20	

24	23	26	16	11	

30	17	12	25	21	

23	15	29	11	11	

27	10	11	19	11	

20	30	14	13	27	

15	14	24	12	19	

28	12	13	11	18	

18	14	15	27	21	

20	12	21	23	11	

12	28	14	29	23	

24	18	18	20	24	

23	15	10	23	20	

15	24	27	14	14	

14	24	14	17	20	

24	12	17	26	11	

23	10	12	26	11	

28	13	25	18	19	

26	29	12	20	11	

14	25	27	23	24	

11	19	13	18	27	

22	15	28	13	23	

23	25	11	29	28	

14	22	11	20	10	

22	24	16	24	10	

28	29	28	29	23	

30	26	27	27	29	

28	23	23	17	26	

30	12	12	15	27	

11	22	10	13	26	

18	16	23	21	14	

12	25	26	16	10	

18	19	29	11	15	

24	30	22	27	29	

13	26	18	30	14	

25	11	17	25	20	

14	27	11	24	14	

23	23	18	22	17	

22	16	18	10	21	

10	26	10	16	10	

29	23	22	29	13	

15	24	22	19	28	

17	30	13	20	24	

20	27	16	14	24	

11	12	19	25	14	

15	30	15	22	25	

15	27	30	30	20	

17	23	11	21	17	

18	12	16	18	18	

10	19	13	14	28	

21	10	13	23	19	

22	14	15	12	19	

28	14	17	13	15	

12	18	12	28	20	

20	24	25	25	12	

24	13	19	27	28	

18	30	27	24	13	

10	19	18	10	30	

21	26	15	13	10	

14	20	10	26	10	

26	11	17	11	21	

10	20	21	15	17	

13	14	27	30	30	

20	24	22	12	23	

29	21	20	22	23	

28	23	13	24	24	

28	10	14	29	15	

28	12	27	21	20	

22	17	18	18	28	

24	25	24	17	13	

18	27	13	19	16	

28	21	27	18	28	

13	12	25	16	24	

18	19	15	28	30	

16	12	20	19	23	

17	10	30	27	11	

14	22	13	18	22	

27	29	15	12	30	

12	15	11	25	29	

11	26	15	25	13	

28	13	29	20	17	

24	10	15	25	27	

26	25	22	11	10	

27	20	12	11	20	

14	22	21	17	10	

28	19	30	24	23	

20	24	27	18	20	

21	21	23	27	25	

17	21	29	10	14	

20	20	16	21	13	

21	18	19	14	17	

16	18	30	19	17	

21	19	15	23	29	

19	16	18	27	27	

10	25	16	24	11	

30	10	16	26	27	

10	14	18	27	27	

28	17	17	29	30	

26	15	15	22	15	

30	17	23	23	23	

17	20	12	16	22	

30	16	20	13	17	

18	27	23	12	19	

20	16	19	14	20	

22	25	13	30	21	

29	13	28	21	28	

28	14	24	13	12	

14	12	19	14	24	

29	14	27	13	26	

14	25	25	18	30	

11	30	14	30	27	

30	20	11	25	13	

13	14	17	11	22	

27	18	24	21	10	

25	10	21	17	14	

24	23	18	18	21	

26	14	30	27	11	

15	12	24	15	15	

28	20	24	27	27	

27	10	16	17	13	

13	24	14	20	22	

11	18	19	18	17	

18	12	23	18	16	

10	11	29	20	25	

22	23	19	21	19	

14	16	13	14	28	

19	22	20	25	20	

10	23	12	23	12	

11	24	16	23	24	

20	12	28	12	28	

28	10	30	29	19	

26	27	18	11	17	

30	16	27	28	16	

20	11	11	19	25	

25	16	16	21	19	

21	29	20	20	17	

18	14	21	23	13	

17	28	16	22	30	

23	15	19	11	19	

28	23	19	22	18	

12	28	19	24	29	

25	25	14	26	19	

23	18	14	17	27	

20	24	10	11	17	

19	18	20	11	13	

20	14	10	19	16	

26	25	29	14	18	

19	24	20	22	16	

11	29	19	19	13	

26	14	19	22	21	

26	28	23	18	18	

14	17	26	19	19	

12	27	22	22	25	

21	14	24	18	16	

26	21	28	11	23	

10	17	18	18	24	

28	27	22	11	24	

20	30	16	22	30	

27	23	23	21	11	

15	19	29	30	19	

11	25	18	16	24	

20	15	21	29	24	

24	26	23	16	27	

24	24	18	15	22	

16	18	11	12	25	

23	12	25	22	15	

21	28	28	20	29	

17	14	13	19	20	

14	22	12	18	19	

21	22	15	24	15	

14	26	29	10	19	

12	25	22	17	20	

17	30	20	13	16	

25	20	12	18	15	

21	16	11	23	10	

19	19	29	26	28	

25	22	21	30	17	

26	21	10	17	16	

19	21	10	26	25	

15	19	14	29	22	

25	30	10	18	11	

12	27	27	10	26	

25	24	14	11	29	

20	30	22	30	19	

25	15	13	12	28	

15	25	28	27	26	

22	21	13	24	14	

26	18	14	26	26	

17	21	23	23	10	

25	13	20	14	21	

30	28	10	19	26	

16	15	17	22	26	

23	21	22	24	16	

26	15	17	21	24	

26	20	10	25	26	

24	24	27	23	27	

29	21	27	25	18	

18	11	24	18	18	

25	19	19	13	11	

28	21	20	10	22	

28	14	29	25	15	

17	11	26	12	30	

20	10	14	29	11	

23	21	14	25	22	

25	13	11	13	15	

22	22	19	25	10	

22	30	14	21	12	

26	21	16	17	19	

27	12	29	20	19	

28	29	28	15	18	

19	21	25	19	30	

11	22	14	15	30	

11	10	20	20	12	

27	19	11	26	29	

13	18	28	18	30	

28	10	21	30	16	

10	19	11	28	12	

12	23	29	28	26	

21	28	24	10	10	

18	14	21	11	23	

18	23	24	29	18	

29	28	25	18	29	

15	27	29	22	22	

16	23	26	10	17	

15	28	10	30	11	

18	30	11	30	23	

27	27	23	16	14	

30	12	23	18	25	

18	18	25	20	24	

10	23	29	18	27	

22	12	13	19	28	

11	30	18	25	10	

25	18	17	16	18	

28	13	10	18	18	

24	18	21	13	25	

19	27	11	20	28	

27	21	17	20	29	

19	10	12	25	29	

17	29	25	11	21	

29	18	14	15	21	

29	23	17	24	26	

29	19	18	19	18	

10	17	20	26	16	

30	19	23	21	21	

11	15	20	13	11	

18	17	24	24	14	

16	18	27	12	24	

11	27	10	26	12	

19	27	18	11	21	

25	30	15	27	29	

22	29	30	23	30	

17	27	28	26	29	

30	16	24	12	18	

29	11	23	13	23	

17	29	19	23	11]	

