n:1533	
m:9


W:[15526
15186
15429
15394
15471
15304
15239
15313
15365]


b:[66
68
62
94
55
57
82
51
99
98
66
95
68
98
81
76
77
88
87
52
87
95
59
51
92
80
98
99
52
85
68
68
89
64
64
69
89
99
55
78
99
65
59
66
53
77
92
98
81
70
90
79
92
84
60
67
82
83
78
81
73
81
96
66
71
72
84
74
72
87
67
88
75
54
97
67
56
72
59
68
81
62
76
70
88
95
82
53
97
69
97
63
78
65
65
72
52
69
65
70
51
82
79
73
84
72
69
71
68
88
88
92
58
89
54
83
87
55
79
53
64
78
79
68
91
60
74
72
56
80
97
92
98
60
99
83
99
99
57
94
91
63
89
55
98
54
59
98
94
96
60
80
74
86
62
71
78
55
89
67
82
93
51
74
53
96
75
98
76
75
66
68
51
68
80
89
66
75
84
83
77
89
93
73
98
87
96
81
88
60
77
78
84
72
96
95
92
64
66
90
75
62
51
78
82
100
82
74
91
83
98
88
69
58
96
84
83
99
51
76
96
67
95
71
67
90
87
71
62
57
99
62
72
61
86
62
89
77
59
66
57
58
84
90
58
52
75
87
56
75
66
90
92
59
85
84
79
75
95
92
75
60
79
69
64
77
65
66
55
51
55
54
69
95
77
81
74
62
95
87
68
92
98
92
69
69
80
88
86
75
50
82
70
65
87
85
57
81
90
79
74
61
77
76
56
50
63
91
94
99
71
80
85
56
72
71
82
73
70
81
56
91
96
99
77
85
57
52
100
79
79
68
72
90
61
61
79
64
56
88
51
68
59
94
98
59
86
60
100
51
97
77
79
94
87
92
82
59
86
55
65
61
66
89
92
67
99
78
63
68
56
62
51
54
81
66
93
96
87
93
81
80
50
52
59
66
71
57
88
62
64
60
54
63
72
63
70
64
55
86
54
93
82
64
58
85
83
86
60
60
53
70
72
75
67
72
97
62
76
95
86
65
100
84
63
64
87
51
86
85
66
64
87
83
100
61
65
98
79
86
81
55
71
71
71
58
99
68
70
88
76
75
63
85
68
58
54
75
69
85
55
89
61
60
97
96
58
76
50
78
93
81
54
70
90
70
71
76
95
82
92
92
83
73
75
69
50
66
70
64
89
81
91
73
98
78
78
58
87
78
55
93
53
96
73
54
92
93
93
51
58
80
63
64
53
68
66
82
90
52
69
53
71
52
69
67
53
50
99
81
75
56
87
62
60
51
95
55
97
50
57
85
81
70
62
56
90
67
86
71
88
86
59
61
78
90
69
88
96
83
95
66
98
63
52
82
83
91
98
77
65
76
70
98
84
55
91
96
97
51
87
57
81
70
78
87
58
57
50
56
90
63
55
100
65
83
96
70
95
55
69
80
57
83
99
96
58
85
80
100
84
65
55
85
80
78
86
73
94
78
50
72
96
81
71
96
100
81
66
65
74
55
72
95
99
83
98
90
95
99
53
74
59
52
86
54
53
91
58
94
62
57
70
66
87
65
60
90
55
90
83
56
93
69
58
94
59
81
75
57
97
98
52
61
99
85
72
69
63
58
99
59
60
100
77
62
90
72
84
81
78
62
60
52
73
54
82
59
86
74
59
97
67
98
70
80
72
83
70
99
64
79
84
70
63
93
68
65
80
80
91
81
65
99
82
56
87
83
65
50
86
98
58
93
60
69
87
62
84
83
100
66
98
50
84
69
50
81
95
54
52
73
78
53
80
80
86
65
84
75
53
68
79
78
92
62
96
100
98
90
63
51
59
53
68
100
83
83
55
82
88
78
75
96
70
87
56
61
77
72
91
66
87
82
84
77
59
51
65
66
68
92
57
78
75
95
95
79
63
86
80
64
53
77
88
50
97
60
98
55
67
66
78
72
75
89
59
58
55
79
83
66
65
97
97
55
82
78
88
83
90
99
89
78
61
86
63
94
81
64
86
99
53
69
65
86
93
99
56
84
63
71
80
66
58
92
85
93
68
100
91
76
99
72
77
82
56
52
95
94
90
51
73
98
74
91
70
83
79
88
69
57
79
92
86
83
62
78
69
75
54
77
68
89
50
56
71
80
55
51
58
94
60
61
57
53
85
63
94
53
75
62
50
67
68
53
73
83
65
82
99
98
89
69
100
73
60
79
51
53
73
88
70
73
94
92
95
50
95
91
59
85
61
54
63
60
97
53
84
71
82
96
88
97
67
61
83
79
62
90
93
87
90
66
77
72
91
73
91
90
84
93
70
62
92
91
51
57
82
71
68
84
68
75
100
78
74
97
68
64
59
92
63
80
52
97
77
80
97
64
92
59
100
51
92
86
52
92
93
53
96
56
68
62
95
72
64
68
69
52
50
83
59
79
63
72
61
59
69
93
53
90
54
92
70
92
79
87
95
86
85
81
88
52
54
91
83
87
70
58
95
57
91
63
53
53
57
80
52
73
90
65
96
99
61
66
86
77
60
88
85
68
99
59
85
62
92
77
87
70
86
56
82
79
56
51
87
65
69
98
77
56
72
99
95
62
66
98
79
96
93
57
69
95
69
91
80
76
83
63
66
53
76
75
98
57
65
56
52
85
67
56
68
98
59
98
82
89
64
67
94
96
78
85
77
64
66
76
56
68
58
51
78
50
93
69
96
62
57
75
76
89
58
84
100
56
56
100
96
88
55
92
88
57
61
83
93
85
70
79
86
93
65
68
87
55
86
74
86
91
79
87
63
55
58
59
56
92
61
50
89
76
68
85
99
74
77
82
60
92
86
79
90
54
96
54
82
65
73
80
65
79
70
64
72
68
86
98
65
74
54
72
72
55
82
84
80
62
64
64
59
58
88
96
95
62
72
69
50
66
70
78
51
60
89
71
83
78
100
89
58
71
78
59
94
58
50
81
80
70
59
60
87
99
56
63
84
88
98
56
87
59
96
76
94
80
77
58
89
79
78
54
63
66
89
74
60
54
79
61
69
87
95
94
51
75
66
85
65
68
63
75
91
65
93
100
89
58
57
59
96
88
84
53
75
77
79
56
55
57
77
100
71
98
95
83
64
62
97
80
59
56
81
97
52
95
96
78
100
56
86
61
99
98
69
74
91
50
74
92
90
52
50
56
59
63
72
55
64
94
55
65
97
68
81
81
88
82
74
90
84
92
73
87
61
81
96
61
68
50
61
58
74
75
52
81
62
60
93
84
69
59
76
73
64
68
91
96
98
85
97
71
83
88
91
98
73
52
91
83
74
55
91
76
67
73
87
50
90
56
74
96
62
69
72
94
67
89
96
87
63
52
86
71
92
66
71
87
89
55
61
63
53
90
61
94
51
92
93
82
77
83
86
62
89
98
81
61
76
74
85
53
98
65
70
85
99
97
89
90
95
90
62
57
51
57
57
72
76
53
74
88
89
99
54
53
79
51
65
86
71
95
83
96
61
69
71
70
55
95
66
55
92
64
91
96
87
87
61
51
67
57
55
67
50
74
99
52
81
50
65
73
84]


w:[24	14	18	17	14	21	15	12	12	

10	10	12	18	11	15	29	22	11	

25	11	20	24	20	28	25	21	10	

13	27	22	20	22	13	22	21	28	

13	30	13	25	16	29	13	14	19	

11	25	15	16	27	30	22	22	18	

14	24	11	18	26	13	21	30	17	

11	20	26	20	11	29	17	22	22	

20	20	15	15	18	16	19	28	27	

28	19	22	25	29	17	13	26	19	

13	17	28	17	14	24	17	20	24	

23	27	23	28	12	27	23	18	22	

16	10	10	27	23	18	19	10	24	

11	27	22	18	13	28	19	10	30	

27	22	29	28	25	18	23	10	11	

10	10	25	22	24	26	13	27	15	

22	26	27	29	18	19	17	16	25	

14	15	27	15	25	15	24	19	15	

15	11	29	13	19	17	16	18	16	

28	12	15	11	17	11	26	27	22	

15	14	18	12	18	15	28	15	29	

16	13	11	30	14	18	22	18	12	

30	15	16	14	15	27	25	15	18	

21	18	12	29	24	15	18	26	18	

20	18	18	20	30	28	27	14	25	

23	13	12	10	22	25	24	23	16	

12	26	17	29	20	21	21	14	12	

10	12	22	28	16	14	19	14	11	

23	28	23	21	30	16	18	15	14	

17	23	22	11	12	19	12	10	24	

28	11	29	15	21	14	17	19	25	

30	14	11	29	18	29	29	24	18	

22	12	13	29	11	30	23	30	29	

25	18	16	20	10	13	29	11	21	

10	17	27	12	30	25	30	23	28	

11	19	11	28	19	21	29	20	30	

13	19	10	20	19	11	20	25	30	

28	29	17	11	27	29	22	12	14	

28	27	27	24	16	20	17	29	18	

22	24	13	24	18	24	30	13	12	

24	19	15	19	19	15	14	21	16	

18	16	28	17	17	16	19	20	25	

10	29	26	23	17	11	12	14	30	

19	22	14	20	28	16	21	29	15	

29	14	15	23	21	11	28	11	28	

28	15	21	12	21	30	20	21	20	

17	16	28	27	27	30	12	13	13	

12	21	20	21	12	28	24	18	13	

23	11	18	20	11	20	11	19	23	

16	11	22	16	12	10	19	19	21	

26	25	15	29	24	21	23	16	18	

19	24	13	24	30	15	30	20	16	

24	11	24	24	24	10	22	18	11	

26	23	25	28	21	30	10	14	23	

21	14	13	17	29	10	16	21	28	

25	25	30	18	29	12	14	12	16	

13	30	30	27	15	15	13	20	28	

13	13	22	27	15	16	15	10	16	

21	17	24	20	24	22	22	14	21	

25	28	16	26	19	30	24	19	18	

20	16	22	27	30	19	17	29	28	

17	24	21	18	22	29	25	22	26	

13	13	15	30	23	30	14	28	20	

24	25	29	25	28	24	17	24	26	

30	24	25	10	11	29	19	26	23	

18	21	28	21	20	14	19	16	16	

25	24	22	22	27	12	16	20	19	

10	21	25	28	17	23	22	28	22	

16	22	25	24	19	14	16	19	19	

20	30	18	10	26	13	26	19	27	

10	15	25	29	30	27	29	11	14	

24	19	30	25	15	16	27	29	16	

13	20	17	28	14	15	23	24	23	

22	23	27	28	29	24	14	11	17	

22	24	12	27	13	12	11	27	26	

15	18	19	13	30	23	12	16	29	

28	30	27	28	26	29	24	18	26	

29	12	10	18	28	12	11	17	19	

26	28	17	29	17	10	27	16	10	

30	25	14	10	17	28	15	27	20	

18	24	27	22	22	13	11	18	29	

13	11	28	14	13	18	11	15	21	

15	18	26	29	11	13	22	26	20	

27	30	30	14	15	25	19	29	10	

16	21	14	19	29	15	27	12	22	

19	11	24	29	19	28	28	21	22	

19	14	19	27	27	29	24	27	25	

17	25	12	27	25	18	25	18	16	

27	18	13	22	27	14	30	10	16	

20	26	12	16	16	17	26	28	14	

29	16	10	24	22	22	19	18	28	

29	27	18	12	11	30	21	18	21	

11	14	27	17	23	29	17	14	18	

11	17	23	11	23	12	19	30	26	

22	16	16	14	10	21	23	16	16	

18	13	14	17	15	29	15	20	15	

22	21	25	11	30	12	20	15	10	

25	10	15	16	20	11	18	16	13	

26	14	10	23	22	23	14	28	14	

14	28	15	22	25	24	27	28	10	

28	30	18	13	10	26	20	24	22	

20	13	10	27	26	14	11	12	14	

22	21	12	24	28	27	13	23	10	

28	19	14	25	30	28	15	23	21	

29	22	16	18	19	10	13	30	12	

18	16	29	15	20	20	16	11	20	

10	21	28	10	14	19	10	11	18	

22	12	24	14	21	13	17	20	26	

10	18	29	30	19	10	28	28	20	

12	27	14	21	27	24	24	14	19	

17	17	27	24	19	18	11	14	16	

25	19	30	15	27	27	20	23	14	

14	11	12	22	30	12	28	24	21	

24	27	11	13	21	22	25	28	12	

26	23	15	14	24	26	17	30	25	

18	25	11	16	27	25	29	29	20	

28	26	13	25	25	19	24	12	12	

25	26	26	13	14	30	15	29	30	

23	10	11	23	22	18	10	17	15	

19	13	22	11	28	24	21	24	28	

14	20	27	17	22	11	12	29	21	

28	23	22	29	26	21	12	15	24	

17	29	26	14	29	17	13	20	15	

11	10	11	19	25	14	10	25	24	

20	11	23	14	13	12	17	14	19	

28	30	19	29	20	26	22	15	13	

15	17	29	10	12	29	27	11	19	

28	16	22	21	12	15	16	10	25	

11	28	27	12	20	26	26	20	11	

10	15	27	22	27	27	25	16	20	

17	18	30	25	26	14	20	10	13	

21	18	29	12	25	24	26	25	20	

10	10	25	23	10	22	16	18	19	

28	30	14	29	22	30	22	15	28	

24	18	28	29	30	30	23	22	18	

23	27	25	19	18	21	20	14	29	

23	14	20	20	27	15	14	21	15	

29	22	22	14	19	20	23	27	15	

12	16	26	28	14	10	17	30	14	

13	13	11	17	20	14	30	21	28	

18	23	30	15	10	20	18	18	15	

30	10	28	12	19	24	26	20	24	

14	16	12	15	12	23	20	14	13	

16	18	21	29	16	22	17	26	24	

29	20	19	24	14	30	29	19	25	

14	16	17	14	19	28	28	19	24	

22	27	14	15	16	23	19	12	12	

14	13	26	28	24	18	13	11	29	

11	19	17	12	15	17	15	10	15	

26	16	28	15	19	17	20	12	30	

26	25	17	22	16	24	27	30	14	

19	18	14	11	14	11	28	29	20	

27	26	26	16	15	27	16	29	11	

14	17	25	10	20	25	14	17	10	

23	25	11	29	26	11	17	13	11	

21	21	11	25	30	23	30	22	25	

20	13	28	10	10	22	25	26	28	

22	22	14	27	28	30	21	12	28	

25	28	14	15	14	11	18	22	28	

20	15	25	18	21	30	10	20	15	

11	26	13	27	15	19	27	19	27	

10	11	25	30	23	20	26	15	15	

18	30	18	19	11	24	21	16	18	

12	27	18	28	21	17	22	26	17	

15	18	29	10	15	26	22	23	29	

22	15	16	19	10	29	14	11	25	

27	24	15	30	21	10	19	16	25	

22	24	30	24	21	26	18	21	28	

22	25	23	19	27	30	19	26	23	

12	29	16	12	21	30	15	21	17	

14	29	19	10	27	26	17	16	27	

22	16	23	27	15	28	29	24	26	

22	22	17	26	17	21	16	20	28	

15	24	18	17	29	26	30	20	27	

20	29	19	20	29	16	23	14	10	

18	10	11	30	20	21	29	30	26	

23	26	27	23	20	13	23	13	20	

29	16	12	12	23	26	27	30	21	

29	15	26	15	16	12	29	26	13	

15	11	27	27	23	25	15	30	23	

28	25	26	12	11	18	20	27	19	

25	27	19	30	14	17	29	27	20	

18	16	19	24	27	20	29	28	28	

12	22	17	14	19	24	13	19	18	

18	22	22	20	20	26	14	13	11	

13	28	10	19	19	26	17	21	27	

14	17	20	14	18	17	19	15	26	

26	13	23	25	11	20	21	26	19	

11	20	28	17	28	26	16	21	19	

18	20	18	13	17	17	30	26	19	

11	23	20	11	21	19	30	11	13	

25	12	11	27	15	16	26	14	25	

21	23	24	12	15	24	30	28	18	

27	19	22	10	14	11	14	16	12	

17	25	19	14	25	17	10	16	26	

26	28	19	21	27	24	21	29	28	

21	21	17	25	26	21	30	14	16	

14	17	16	27	22	25	10	16	23	

23	26	29	23	17	16	28	13	18	

22	17	29	15	27	21	18	14	27	

11	15	30	25	17	13	25	12	30	

30	25	12	20	16	13	16	10	11	

23	10	21	27	10	14	27	12	12	

20	11	30	11	11	25	11	20	11	

14	10	24	14	10	30	10	30	27	

27	22	15	30	15	10	22	29	13	

20	25	13	17	19	26	10	22	27	

22	26	14	27	16	10	25	19	26	

14	28	14	23	15	17	22	28	13	

19	22	21	18	28	21	11	22	10	

27	29	21	18	20	28	21	29	24	

20	19	21	17	15	19	17	27	29	

29	30	29	28	19	24	17	25	28	

23	10	29	29	17	20	22	30	22	

29	24	30	29	17	13	14	30	18	

23	28	27	12	28	27	30	13	21	

10	30	26	27	20	23	11	22	18	

16	28	22	10	26	10	12	25	17	

26	13	10	16	15	21	29	16	19	

26	11	11	26	17	18	20	11	18	

24	21	14	22	20	13	20	14	30	

25	19	17	30	17	23	17	24	18	

21	20	21	21	26	19	29	10	24	

28	18	13	17	22	11	13	19	28	

26	13	16	24	22	25	29	21	19	

25	22	10	30	23	14	15	11	27	

25	22	19	24	22	24	29	27	29	

24	11	18	15	13	20	20	26	23	

24	14	30	26	24	14	13	24	30	

28	28	18	26	22	30	22	11	23	

12	12	19	10	19	12	26	27	29	

21	10	27	21	14	26	24	12	28	

21	10	22	24	17	21	11	16	13	

12	11	12	24	30	29	15	23	23	

26	27	13	30	27	18	23	23	14	

11	30	16	10	20	17	29	25	22	

12	14	14	17	25	23	14	24	24	

24	12	14	29	21	23	11	25	21	

12	12	21	29	12	26	10	20	15	

22	14	16	17	10	16	20	26	25	

14	14	20	28	19	13	28	19	13	

27	14	29	30	26	25	22	22	28	

15	13	15	18	21	19	22	23	21	

19	15	16	11	30	20	29	17	20	

20	23	24	27	18	24	27	10	29	

23	13	22	24	18	14	12	19	27	

28	17	16	23	21	20	14	16	20	

16	17	12	11	20	16	23	20	17	

12	15	25	12	20	10	19	15	28	

24	11	12	22	24	12	12	21	14	

23	26	27	25	23	21	25	30	15	

22	21	14	17	20	27	23	27	20	

12	15	16	13	25	11	20	12	18	

22	19	21	25	12	18	26	30	22	

17	18	20	12	14	21	29	19	27	

27	27	18	23	23	19	23	14	22	

26	23	26	15	18	16	13	24	20	

28	12	13	11	17	18	16	12	28	

26	16	21	12	18	23	18	10	22	

22	16	24	20	12	22	24	15	27	

16	18	23	28	15	30	27	13	28	

17	26	27	20	14	24	15	30	21	

13	13	25	27	22	10	22	23	13	

24	26	13	17	19	16	11	13	30	

25	29	21	19	28	16	12	17	28	

11	21	23	23	12	11	30	14	13	

26	30	28	27	27	14	26	13	18	

29	21	19	23	28	30	27	12	14	

12	17	10	29	16	15	17	20	13	

24	10	10	12	21	20	29	13	23	

15	19	21	20	16	29	18	24	21	

28	16	16	27	10	26	27	20	24	

19	16	17	18	24	21	29	24	17	

15	21	15	19	21	22	19	13	24	

24	24	24	23	14	10	11	18	26	

23	21	22	24	23	30	24	22	16	

15	14	27	23	30	27	21	23	30	

20	13	26	22	16	11	16	10	10	

28	30	29	13	27	14	26	14	22	

17	23	23	16	21	18	23	15	24	

24	15	24	29	11	18	15	19	19	

21	24	15	10	13	11	13	24	16	

21	16	14	28	30	10	26	24	12	

15	24	24	21	23	27	17	17	27	

14	27	24	18	24	13	16	22	25	

11	15	13	30	24	10	13	25	22	

14	27	17	24	23	27	13	22	13	

24	18	12	28	21	29	25	15	15	

14	28	24	14	12	11	29	15	18	

29	19	30	19	21	21	30	24	15	

28	14	16	19	22	25	29	16	21	

24	22	16	23	27	16	24	11	28	

26	14	18	10	22	19	16	12	13	

13	24	21	15	26	13	29	28	14	

26	17	21	18	10	17	21	17	16	

24	22	16	11	30	24	29	23	24	

22	27	30	12	19	26	25	21	28	

28	24	16	30	24	16	15	20	23	

23	20	19	29	13	24	20	25	20	

20	18	16	27	23	18	14	28	30	

28	16	29	22	25	23	22	21	23	

27	15	18	12	19	17	20	13	14	

24	12	11	13	15	25	27	11	11	

14	29	13	29	25	12	16	11	16	

21	18	21	23	24	24	26	20	26	

23	12	25	21	17	13	13	21	23	

23	16	22	29	26	25	11	29	30	

12	26	15	13	25	20	30	23	14	

28	10	30	28	29	22	25	22	15	

20	26	16	10	15	29	16	26	18	

26	29	12	23	20	23	19	24	25	

29	27	24	25	26	22	21	21	18	

30	26	19	23	14	25	15	10	15	

14	27	15	23	10	23	21	14	19	

21	19	13	12	17	19	16	23	19	

26	16	20	12	13	24	12	14	10	

11	20	26	13	18	25	12	23	28	

12	10	23	18	28	12	22	30	24	

21	30	29	15	23	25	14	30	30	

19	15	13	28	26	17	28	11	21	

20	21	22	23	27	26	26	26	13	

16	16	19	21	24	25	21	28	22	

13	30	22	27	30	12	21	14	23	

22	23	22	29	21	12	12	17	30	

23	16	13	24	10	14	19	11	29	

28	30	23	11	24	12	27	27	11	

22	10	11	20	14	18	13	15	11	

25	26	30	14	22	19	20	15	12	

15	20	16	13	25	30	16	15	11	

18	30	26	22	21	21	23	23	17	

11	14	14	21	24	17	10	23	23	

23	16	24	15	21	18	30	28	22	

21	19	30	16	16	12	11	21	23	

30	28	10	17	18	20	15	18	24	

12	25	13	13	26	17	16	22	26	

13	20	26	22	25	19	10	10	22	

20	29	10	19	24	28	26	15	25	

14	16	22	29	17	30	17	24	12	

14	28	20	16	14	12	21	25	16	

27	18	11	27	22	19	13	25	21	

24	19	24	24	29	13	30	25	27	

20	18	24	28	30	14	27	30	19	

18	14	11	12	23	22	21	15	10	

25	25	14	14	11	26	11	24	15	

30	23	28	21	30	22	30	19	12	

28	28	12	21	24	11	19	27	21	

27	20	16	14	30	28	13	16	28	

23	26	20	27	15	19	23	25	15	

28	21	27	18	29	13	28	18	23	

26	22	12	17	11	20	30	25	30	

27	24	24	26	30	20	14	13	22	

17	14	21	18	10	10	23	27	26	

28	26	28	11	24	21	28	22	13	

24	15	19	24	27	22	15	21	12	

30	12	16	28	30	30	12	27	26	

23	14	19	23	30	15	22	18	21	

22	21	29	23	28	15	15	14	11	

22	13	15	23	19	28	10	25	26	

21	20	28	19	25	22	29	29	20	

24	20	10	13	28	29	22	28	30	

18	20	22	12	10	20	13	12	14	

30	17	10	28	21	16	12	29	12	

28	11	23	23	30	19	26	11	21	

13	21	10	23	23	25	24	14	21	

10	15	12	20	22	26	30	11	17	

15	24	28	26	18	18	14	10	14	

21	23	21	13	12	30	12	19	22	

28	29	23	22	26	15	12	22	26	

11	15	13	16	16	24	20	14	21	

28	11	10	27	23	10	26	29	24	

19	21	23	30	25	18	21	18	18	

19	30	12	22	25	24	26	10	17	

26	24	16	25	23	30	18	24	26	

15	19	12	27	15	26	10	26	12	

25	19	24	25	24	23	14	28	22	

19	16	10	17	10	30	18	22	28	

26	13	10	13	23	18	10	16	15	

23	28	23	24	11	16	22	20	19	

21	27	16	19	23	10	19	10	11	

23	20	22	11	19	30	17	11	30	

10	14	23	24	16	12	11	18	11	

25	12	14	12	23	20	20	21	15	

30	29	26	12	14	28	17	28	28	

27	18	10	27	22	21	23	29	18	

27	14	17	28	18	12	21	22	24	

11	22	24	23	14	28	16	21	20	

28	10	13	30	28	20	25	11	24	

29	10	27	18	29	22	22	11	20	

21	26	30	11	11	24	21	18	30	

23	13	16	27	26	26	30	30	10	

30	25	23	18	16	21	13	24	28	

18	24	26	19	17	20	19	11	27	

14	18	17	30	19	16	22	29	17	

24	22	21	26	28	23	13	20	27	

23	26	30	10	10	24	14	12	28	

15	11	11	23	29	15	14	17	14	

12	11	19	14	14	18	12	22	23	

12	10	23	30	21	13	29	27	28	

29	30	16	30	29	11	26	22	16	

28	17	20	29	24	17	14	12	11	

28	14	27	27	25	27	26	28	12	

26	19	24	17	15	20	21	10	24	

27	18	15	21	29	26	26	24	28	

21	14	28	26	22	30	30	17	20	

17	26	22	12	29	17	16	21	29	

23	26	17	17	10	11	17	25	14	

21	29	30	11	27	19	26	27	29	

14	18	18	18	30	16	27	23	10	

22	13	24	21	13	11	12	18	20	

10	24	30	10	22	18	30	17	13	

22	28	21	28	24	17	10	13	15	

17	29	19	25	16	15	11	19	19	

23	29	16	24	28	29	14	24	10	

24	24	29	12	11	17	15	24	28	

26	23	18	18	14	25	17	10	19	

29	18	10	17	15	30	28	21	27	

16	13	13	22	25	28	24	23	16	

20	14	11	11	29	13	21	30	14	

24	15	24	17	19	25	22	17	10	

24	25	17	19	20	27	11	27	15	

24	20	24	18	24	15	26	19	26	

29	30	13	30	22	28	11	12	16	

25	28	13	27	17	30	26	10	29	

24	21	24	15	13	11	19	27	12	

24	23	27	11	14	12	26	18	22	

17	15	13	23	22	29	25	11	17	

24	27	16	26	17	30	27	20	28	

13	21	26	25	15	22	29	20	15	

26	10	21	29	17	14	23	10	23	

22	22	23	10	20	15	28	22	24	

15	26	28	13	18	19	18	23	21	

18	22	27	23	12	13	28	29	10	

22	11	29	28	23	15	10	25	22	

25	20	17	15	21	22	21	30	19	

17	25	23	21	27	30	18	29	29	

20	21	23	19	24	27	20	27	27	

27	18	11	25	18	18	26	30	18	

28	23	17	23	15	11	12	11	25	

13	20	18	13	28	27	19	12	26	

21	10	18	27	23	25	15	20	20	

24	30	21	20	29	15	26	29	29	

19	21	16	24	18	19	24	25	18	

15	24	27	19	19	20	26	25	18	

12	24	17	16	13	25	14	30	10	

11	15	29	25	27	20	10	27	25	

24	24	22	17	26	11	25	24	28	

12	30	16	13	21	23	14	16	26	

13	16	27	29	18	22	17	29	27	

20	12	15	13	29	13	25	27	21	

23	21	21	12	19	22	30	16	22	

11	27	21	30	13	15	10	18	11	

26	17	20	25	21	13	30	18	24	

17	11	26	27	21	29	17	29	26	

30	22	11	10	24	22	28	22	24	

30	22	16	22	10	13	14	20	30	

23	14	24	28	27	12	25	29	28	

11	13	10	25	20	28	15	16	12	

17	23	17	26	22	23	19	15	14	

26	11	22	18	14	11	16	21	19	

25	29	21	27	12	15	14	14	27	

13	12	29	13	17	24	28	10	26	

28	19	30	30	22	30	22	23	28	

28	19	28	21	19	27	11	24	26	

28	26	11	16	13	26	10	16	29	

16	21	17	17	28	23	20	21	29	

20	11	17	23	27	11	20	11	25	

21	23	28	28	24	11	30	16	27	

25	12	10	28	30	27	18	23	18	

13	14	30	25	18	15	18	29	10	

16	19	12	10	22	22	13	10	25	

11	12	14	10	12	15	11	28	24	

21	20	14	25	30	18	21	25	14	

10	11	20	12	29	18	17	22	28	

30	10	15	18	24	20	19	29	24	

27	24	24	13	27	24	25	30	17	

18	22	22	24	17	13	11	30	24	

15	29	25	23	30	28	18	20	12	

16	30	28	21	19	21	11	12	18	

11	13	23	28	26	21	17	21	26	

20	20	28	11	25	24	25	27	11	

24	19	10	11	30	29	25	27	19	

28	15	27	12	29	12	10	30	29	

28	23	12	29	15	29	19	24	17	

22	13	13	11	19	28	20	26	16	

17	11	14	27	18	25	15	12	29	

14	29	20	13	22	25	18	22	14	

27	16	11	28	15	18	29	14	16	

30	21	10	26	28	10	25	14	16	

30	21	15	20	24	15	13	15	17	

21	26	12	30	20	17	16	19	27	

23	16	22	20	29	12	26	20	21	

11	17	21	26	16	25	28	20	17	

18	17	14	30	26	11	22	25	21	

30	25	10	13	13	21	28	12	25	

13	26	19	14	15	17	11	14	12	

22	28	28	11	20	30	22	25	19	

30	27	10	23	22	14	19	23	25	

14	22	22	14	29	30	11	13	18	

30	20	21	12	30	13	28	15	29	

14	11	26	24	20	26	16	27	27	

28	10	21	14	11	24	26	13	25	

24	27	20	19	11	26	12	11	12	

11	18	28	21	12	29	24	22	30	

23	17	25	25	10	21	25	19	28	

25	28	22	16	25	20	25	24	30	

29	15	20	18	26	16	16	13	11	

27	28	17	21	11	14	27	28	10	

23	15	22	26	21	29	16	12	29	

18	21	24	23	11	16	21	12	12	

10	19	30	29	27	14	21	11	16	

28	25	25	27	28	28	16	21	18	

11	28	25	17	25	14	21	27	22	

20	19	11	13	17	30	11	19	12	

12	12	25	26	21	19	17	23	15	

10	25	13	20	21	14	26	21	13	

21	19	18	23	28	28	16	17	26	

30	16	16	20	10	13	30	14	11	

29	14	27	17	28	17	10	29	23	

25	25	14	20	16	28	11	29	18	

28	10	25	20	16	11	28	14	15	

11	26	29	22	21	15	14	15	21	

27	15	29	22	16	13	30	11	29	

15	30	21	11	11	26	13	16	29	

23	22	25	26	11	21	16	19	26	

24	17	18	15	26	23	26	23	12	

23	28	13	30	13	16	27	18	22	

25	13	29	28	27	19	18	24	18	

21	12	18	11	29	19	10	28	29	

29	15	18	25	14	19	23	30	13	

27	17	23	14	24	11	10	28	29	

18	20	28	11	14	26	20	10	26	

19	27	26	15	19	22	14	13	20	

29	13	27	22	17	23	14	11	27	

24	25	27	12	11	16	16	11	23	

12	18	26	20	26	11	15	11	15	

26	10	29	25	28	26	16	15	20	

16	20	25	15	18	26	20	30	25	

28	13	17	22	15	19	25	24	12	

13	11	22	13	16	20	27	25	11	

19	15	14	26	11	16	27	20	28	

30	23	27	11	19	20	21	21	15	

16	22	26	24	13	13	22	28	18	

22	28	12	17	17	17	23	24	21	

19	25	17	12	23	19	19	22	13	

11	20	28	10	26	11	13	13	14	

21	18	17	18	13	14	12	27	29	

27	18	17	21	21	18	28	29	22	

29	25	24	15	22	15	24	28	20	

19	14	15	11	24	22	13	21	15	

30	11	27	11	12	16	24	18	26	

28	11	27	18	11	30	10	26	22	

28	22	29	30	14	25	18	25	14	

23	10	30	17	30	30	19	10	24	

21	12	27	20	25	26	27	13	24	

30	22	19	17	20	12	19	23	14	

14	26	18	17	10	19	15	10	28	

28	14	26	19	23	27	11	16	26	

28	19	17	26	28	23	17	20	27	

19	12	11	26	24	19	10	16	11	

21	22	13	23	26	10	11	24	19	

23	18	10	24	11	18	12	24	24	

22	14	13	27	28	12	30	21	12	

11	12	12	15	19	16	18	13	12	

16	14	24	25	29	22	15	12	21	

22	29	22	19	19	19	20	28	27	

21	11	16	17	21	15	21	29	21	

15	26	26	19	16	11	14	29	29	

13	19	12	26	28	11	14	26	10	

21	17	23	10	29	16	18	23	10	

22	19	18	30	21	19	13	14	29	

16	24	10	11	30	20	27	24	16	

29	27	17	23	21	21	24	25	21	

28	11	18	13	22	12	25	16	29	

11	18	10	11	24	23	25	12	27	

30	14	24	23	14	25	13	17	28	

17	24	11	19	28	23	20	25	13	

22	10	29	13	25	19	29	16	29	

24	30	29	15	27	29	19	12	12	

30	20	21	14	27	26	30	15	21	

24	14	23	24	21	28	25	23	19	

26	24	30	16	29	24	13	13	27	

21	19	22	29	26	17	18	29	25	

18	18	12	20	11	15	11	29	10	

23	27	18	24	24	16	13	15	16	

11	22	12	26	14	24	21	26	23	

10	12	10	17	14	11	22	22	30	

26	10	12	26	29	26	24	14	19	

30	22	24	22	17	11	15	15	15	

16	28	20	16	28	16	26	13	25	

14	11	27	16	10	19	18	18	16	

28	21	21	23	26	29	21	26	27	

27	30	15	21	15	13	22	14	22	

28	13	16	25	19	16	17	14	20	

25	30	26	23	15	11	13	22	12	

12	17	20	25	26	29	20	22	12	

17	13	12	12	14	24	23	21	14	

16	21	26	16	23	20	23	12	28	

15	20	26	24	10	11	21	25	21	

18	19	28	18	24	14	25	14	19	

19	14	30	22	27	24	29	16	22	

17	16	28	22	27	18	14	26	16	

22	24	20	18	30	23	26	17	26	

23	15	15	30	16	10	17	25	16	

12	29	24	26	16	23	14	19	13	

28	18	21	29	13	27	19	17	10	

10	18	27	28	17	22	19	20	13	

13	11	26	28	21	15	26	17	26	

27	21	10	26	27	11	11	16	29	

26	20	13	13	14	10	11	15	17	

14	21	30	16	23	22	14	16	25	

15	26	27	22	26	17	22	25	18	

17	20	30	13	14	20	11	13	27	

30	19	14	12	28	26	28	13	16	

17	10	25	10	30	22	17	22	17	

21	24	16	27	13	22	18	16	14	

15	24	25	16	17	15	28	27	29	

30	14	16	10	20	29	10	14	25	

19	28	21	27	25	19	13	30	10	

16	22	13	27	26	12	10	23	10	

13	11	29	19	25	12	29	10	28	

29	24	18	11	30	15	25	15	29	

29	23	11	21	14	18	19	27	10	

13	23	19	20	23	29	26	25	18	

22	24	27	19	27	28	24	29	10	

14	11	26	11	20	21	16	25	30	

22	20	23	15	26	15	23	14	23	

25	13	21	23	23	26	10	12	24	

16	14	14	13	17	12	19	25	26	

12	12	30	16	16	13	12	30	13	

20	21	22	12	24	23	19	26	26	

17	30	26	16	21	16	22	26	29	

22	12	16	21	28	20	27	20	21	

29	27	15	24	29	19	21	26	19	

11	18	26	16	19	25	23	10	13	

19	20	10	16	28	16	23	22	16	

16	30	17	25	18	26	10	29	28	

22	26	25	10	16	14	18	19	15	

16	14	27	25	19	13	24	22	21	

24	29	21	14	11	18	17	22	13	

15	29	30	21	11	24	30	21	15	

16	22	21	16	28	10	27	14	11	

20	18	27	16	19	25	27	17	21	

30	23	24	15	24	15	15	12	29	

26	30	23	24	20	14	24	17	23	

16	26	19	22	13	27	22	27	27	

27	12	14	26	12	10	19	30	30	

13	17	24	27	11	18	15	23	17	

18	26	21	19	12	17	24	17	12	

18	20	21	19	10	25	11	26	26	

11	14	20	27	28	18	15	27	10	

17	21	30	16	21	18	21	16	25	

11	29	21	18	24	20	25	16	12	

18	17	29	29	15	13	27	27	14	

23	24	21	18	21	28	28	16	11	

28	16	11	25	14	18	22	19	19	

13	11	19	19	25	17	22	19	12	

22	18	10	23	10	30	27	19	26	

27	24	28	30	28	26	27	22	26	

12	22	23	14	22	29	11	18	12	

28	16	16	11	26	10	28	21	23	

12	25	22	12	29	30	12	18	29	

11	23	25	28	28	13	19	23	22	

28	11	24	25	11	18	18	19	26	

23	16	24	14	13	18	23	29	19	

24	26	12	18	16	27	19	29	20	

14	20	24	14	24	12	21	10	20	

20	23	16	22	26	28	13	19	18	

18	10	20	21	13	29	21	12	29	

23	22	20	25	15	25	14	16	14	

20	25	16	11	10	29	11	10	18	

30	21	30	25	13	12	12	20	11	

19	18	23	20	14	19	11	28	12	

29	26	12	17	12	17	30	30	11	

30	20	18	14	26	24	13	25	13	

21	20	20	25	23	10	13	14	12	

14	30	11	14	15	14	11	12	29	

17	11	16	14	26	29	23	30	30	

12	13	25	23	11	18	22	20	21	

14	29	27	25	15	18	26	28	25	

29	17	15	29	29	18	14	22	23	

25	26	10	27	27	26	27	30	22	

23	19	20	12	20	27	28	14	25	

17	28	16	16	26	21	19	27	22	

11	20	18	29	27	19	13	21	30	

21	10	26	17	11	18	27	30	25	

22	22	20	17	20	15	29	14	29	

27	15	22	28	18	19	11	18	23	

22	25	16	16	10	23	15	20	27	

19	26	19	22	28	10	14	16	11	

12	10	15	10	23	15	25	14	25	

18	13	25	25	18	15	23	24	26	

28	22	20	30	17	22	25	15	19	

18	29	13	15	21	22	13	12	19	

24	21	21	24	28	27	21	28	28	

14	27	13	11	26	23	17	27	16	

30	25	30	30	27	24	24	25	11	

19	19	25	14	18	23	18	17	27	

25	25	27	21	10	23	12	19	12	

30	22	21	11	13	10	16	16	10	

21	28	14	29	21	30	26	15	21	

30	28	18	11	24	20	23	22	25	

21	30	21	17	21	28	17	26	10	

15	29	26	20	27	21	25	27	15	

26	24	27	11	29	11	19	18	20	

13	30	22	14	29	25	30	21	14	

20	17	12	30	29	29	22	25	25	

28	19	25	22	24	18	12	17	23	

25	20	18	10	23	23	17	30	22	

22	21	22	23	28	30	13	14	13	

29	17	11	26	14	30	13	10	25	

18	18	19	24	14	10	25	28	26	

12	30	19	21	15	20	15	16	29	

27	19	18	19	20	20	23	12	28	

16	25	17	29	29	10	20	15	19	

16	20	29	21	17	25	22	23	30	

27	30	14	29	18	11	21	22	12	

25	26	30	30	22	17	30	11	11	

22	15	30	19	19	29	12	20	17	

24	16	10	18	19	26	26	11	29	

24	30	24	10	29	25	22	12	14	

17	17	28	28	21	21	18	16	28	

30	21	26	29	16	20	25	19	19	

15	29	28	29	23	16	16	13	14	

18	22	13	28	24	19	12	27	26	

11	26	20	13	19	27	30	27	18	

25	26	20	13	11	17	14	24	10	

14	30	29	24	13	14	27	21	30	

21	25	17	16	12	13	14	12	25	

17	23	17	22	20	10	21	30	12	

28	15	23	27	10	17	20	14	13	

16	11	23	24	21	16	17	20	18	

10	18	27	27	26	25	28	24	28	

13	30	12	30	13	26	13	11	11	

13	14	11	13	28	29	22	16	21	

25	10	10	24	19	23	22	22	23	

12	13	28	12	21	14	28	20	17	

26	19	20	25	22	24	25	30	15	

17	10	15	26	12	29	17	19	25	

15	30	23	20	13	20	20	12	28	

20	14	21	10	25	25	15	30	17	

22	30	17	26	13	20	16	17	16	

15	25	18	17	12	15	10	23	28	

29	27	21	10	18	19	18	26	29	

30	19	30	13	23	11	29	25	29	

22	20	12	27	20	15	28	21	29	

30	30	19	28	28	14	20	11	13	

29	15	12	30	19	10	23	15	13	

27	20	29	19	15	11	15	14	10	

17	16	16	13	16	13	26	23	29	

11	10	22	12	26	27	28	29	28	

14	26	11	28	18	11	20	24	24	

15	11	14	29	15	25	28	23	14	

24	24	14	30	18	22	12	25	21	

21	24	28	26	15	10	29	10	21	

11	12	21	22	24	20	24	25	29	

19	16	26	10	11	17	24	24	16	

14	23	11	23	30	11	28	25	30	

20	22	14	10	23	24	10	16	17	

17	24	10	19	17	15	28	12	19	

25	29	28	10	16	21	21	29	27	

13	15	16	23	29	29	11	16	30	

18	26	21	28	15	12	21	12	15	

12	22	22	25	17	21	22	15	24	

17	26	17	22	19	12	15	26	16	

15	27	15	19	18	25	11	17	28	

18	26	27	23	12	25	10	14	24	

19	11	20	24	10	11	26	25	17	

10	15	24	11	14	26	15	17	14	

13	27	10	17	19	29	11	10	17	

25	14	29	10	16	30	22	28	12	

15	19	21	13	24	29	29	18	29	

12	10	20	28	12	29	10	21	20	

29	21	13	20	27	19	26	18	18	

10	13	12	12	12	26	14	10	19	

14	17	27	27	10	13	14	12	18	

16	14	27	26	11	23	28	29	22	

20	17	14	20	13	28	13	20	21	

12	13	20	29	22	16	28	12	29	

26	26	11	26	13	30	17	20	16	

23	11	13	25	11	26	30	21	20	

28	20	10	20	26	25	18	25	13	

15	13	10	30	25	26	10	17	17	

18	15	16	20	27	28	18	12	13	

13	22	18	20	27	17	20	11	11	

19	20	22	30	20	26	28	11	15	

29	19	13	24	17	30	28	12	29	

22	24	27	17	29	23	16	19	26	

23	16	25	10	18	29	14	28	11	

27	13	27	30	17	13	17	18	21	

22	29	29	26	10	27	29	22	20	

13	21	14	27	22	15	26	29	29	

10	19	24	28	18	23	29	16	28	

27	16	12	23	19	28	10	26	22	

28	23	28	14	20	13	28	22	20	

23	18	16	28	28	19	24	25	14	

16	27	24	20	21	30	20	20	24	

25	23	26	19	16	23	10	12	19	

23	20	16	27	16	24	25	28	29	

11	29	26	12	16	10	14	23	25	

29	13	23	15	21	25	18	14	24	

29	14	13	21	30	17	26	23	10	

20	30	26	26	24	29	13	23	26	

26	12	28	16	15	30	19	18	21	

25	22	22	24	19	15	10	29	13	

26	12	18	23	18	20	28	29	20	

24	27	18	24	19	16	15	25	24	

15	23	11	28	28	22	12	23	28	

25	13	12	17	27	14	23	29	28	

26	15	13	17	27	13	10	10	20	

24	29	30	15	23	29	16	10	28	

10	22	11	18	15	13	28	15	15	

23	17	28	13	30	13	27	23	11	

30	10	25	18	13	12	21	24	25	

24	12	18	23	16	19	20	13	20	

19	11	30	18	28	11	21	11	20	

14	18	10	21	22	28	26	16	19	

10	21	29	26	21	26	17	20	12	

30	25	10	17	26	22	19	19	17	

19	23	12	14	17	29	18	19	24	

27	27	16	26	16	30	12	18	22	

24	19	25	13	23	29	28	15	19	

25	13	24	30	12	30	21	16	21	

12	18	24	15	20	15	25	17	17	

10	27	27	23	29	20	22	30	12	

10	27	10	13	12	25	13	30	23	

30	15	13	25	27	29	24	29	13	

29	28	26	19	23	10	29	27	13	

27	30	12	10	13	28	19	24	14	

22	12	23	13	16	15	16	21	27	

17	23	20	22	13	26	16	25	16	

21	29	28	21	14	29	12	19	15	

21	12	27	17	26	21	26	24	19	

11	28	12	20	15	14	27	18	12	

20	21	17	18	21	11	13	18	29	

11	14	16	14	28	23	30	17	19	

23	28	29	21	27	22	26	26	12	

14	16	15	10	26	25	23	25	20	

29	25	21	19	28	17	20	30	14	

24	30	29	22	16	10	13	21	22	

13	29	24	23	14	10	24	10	20	

27	24	23	21	22	29	24	14	10	

13	15	23	15	11	12	12	17	16	

19	14	24	13	20	12	29	27	20	

19	13	27	21	19	21	21	14	18	

30	30	14	10	13	19	23	20	16	

16	28	16	20	21	28	10	13	25	

23	18	20	16	28	11	23	12	18	

27	12	21	17	19	29	25	17	27	

19	16	10	25	24	15	21	24	13	

19	10	29	19	22	10	16	13	28	

25	14	25	21	18	29	22	21	15	

22	26	29	12	11	13	21	16	15	

27	10	11	16	21	27	27	13	20	

25	23	30	23	25	29	17	14	16	

16	10	20	30	20	16	12	30	25	

15	29	24	11	27	23	16	10	16	

20	27	27	18	29	27	27	16	11	

28	22	13	15	27	28	23	24	22	

15	24	22	24	29	21	21	15	16	

29	23	18	24	22	10	30	26	14	

14	17	24	20	23	21	26	18	10	

19	14	28	18	14	30	29	27	13	

11	10	23	20	16	21	29	24	13	

21	11	27	15	11	24	22	14	29	

26	21	16	21	23	11	27	30	14	

12	10	26	11	28	17	25	17	16	

29	28	21	29	13	16	23	12	12	

15	11	14	11	24	17	21	17	12	

14	12	18	16	27	11	14	15	17	

22	19	12	26	29	19	26	12	20	

14	12	10	17	20	22	25	28	26	

22	29	29	22	12	10	27	20	22	

18	19	14	11	12	12	17	29	15	

11	29	28	19	25	10	20	17	18	

22	17	26	11	29	27	23	19	13	

29	12	21	20	29	21	10	26	25	

17	19	23	15	29	29	23	14	30	

19	26	17	19	12	21	12	22	20	

24	21	29	19	17	23	27	19	28	

13	17	29	13	17	14	19	13	22	

28	28	27	16	12	26	17	23	24	

10	12	16	27	28	24	13	13	16	

16	13	19	14	21	10	28	17	10	

17	15	15	13	15	22	30	10	12	

28	23	22	30	27	27	21	14	10	

13	21	22	13	27	15	20	24	10	

25	18	11	27	13	24	13	22	24	

30	23	22	13	22	17	15	15	24	

15	29	29	12	11	24	18	20	25	

16	18	29	26	20	15	30	27	13	

28	14	16	29	10	17	28	27	20	

29	14	30	17	25	12	28	19	18	

15	26	24	27	18	28	17	18	29	

26	24	22	27	23	20	15	22	10	

30	22	19	30	25	21	28	19	23	

13	20	26	20	15	10	10	26	15	

20	20	11	28	24	16	21	27	15	

18	12	24	25	22	24	18	25	15	

17	21	30	20	24	15	30	19	24	

29	24	29	22	20	22	28	24	16	

15	23	25	10	24	21	16	22	27	

17	14	17	13	16	20	21	15	17	

18	10	24	15	21	12	16	20	20	

30	12	18	12	23	20	30	26	28	

14	30	24	29	12	12	29	28	27	

28	28	24	27	23	21	18	17	26	

22	16	11	16	30	19	24	11	29	

26	11	10	28	28	23	15	30	30	

12	25	21	27	12	10	13	22	24	

10	26	12	24	18	24	14	17	19	

27	13	14	25	12	14	23	15	10	

25	14	27	10	20	13	11	29	13	

17	27	20	21	10	17	24	28	16	

28	26	28	14	15	23	27	24	10	

12	18	24	19	10	28	11	17	23	

19	18	25	11	15	11	25	25	12	

22	21	17	16	14	19	29	19	28	

24	12	21	19	29	10	10	22	24	

16	20	17	16	23	20	12	26	25	

13	11	18	15	12	17	24	18	29	

29	28	29	19	13	14	13	14	26	

11	22	27	26	13	17	14	20	12	

14	20	25	14	17	25	21	24	18	

30	20	15	11	29	11	28	22	11	

20	12	16	19	11	14	26	28	24	

15	18	16	10	17	23	24	26	12	

14	28	15	30	29	13	30	16	27	

30	14	11	29	29	28	14	21	25	

14	28	11	25	23	23	23	20	11	

11	30	22	14	29	14	18	22	15	

23	27	19	16	17	14	11	28	30	

30	24	12	25	26	22	15	19	10	

12	13	24	23	20	28	21	25	11	

18	13	12	29	25	19	11	12	22	

17	25	17	22	27	20	15	10	24	

26	22	20	13	21	16	19	16	10	

13	13	11	25	30	23	24	23	17	

29	22	22	11	10	10	23	17	19	

14	22	28	25	18	30	13	12	29	

10	27	27	21	13	11	26	22	27	

29	21	12	23	14	29	16	16	30	

19	13	14	25	26	13	21	26	25	

17	30	30	16	26	27	12	15	14	

30	13	16	22	28	25	17	19	29	

16	26	21	23	28	12	16	21	30	

18	20	21	14	28	23	29	20	26	

16	29	24	19	14	12	25	28	25	

26	10	15	27	11	29	17	18	16	

28	27	14	23	21	14	12	25	11	

29	29	28	10	18	24	17	13	12	

20	18	19	18	20	27	17	16	22	

15	14	16	11	24	28	20	16	18	

17	16	26	14	30	16	17	14	18	

20	22	19	26	15	18	20	11	29	

21	25	29	20	18	21	29	23	18	

16	26	21	26	29	10	25	23	15	

22	23	10	14	14	23	21	29	18	

24	13	29	13	18	27	12	13	15	

17	13	12	16	11	28	12	11	14	

30	16	17	13	18	27	28	10	15	

12	10	14	19	25	15	28	26	28	

22	11	13	24	24	28	26	26	15	

29	21	24	30	17	26	24	26	14	

24	20	23	15	27	19	14	16	24	

10	13	15	19	16	22	29	29	27	

30	20	12	24	16	17	21	13	26	

20	10	10	24	15	27	20	22	11	

13	28	23	22	20	13	25	29	13	

25	30	25	13	12	20	21	27	18	

14	18	17	29	16	25	29	24	22	

30	28	16	23	14	24	26	23	13	

27	17	24	28	17	18	16	23	11	

16	23	20	15	13	22	27	24	13	

30	24	22	13	27	18	26	24	12	

13	23	14	11	16	15	12	10	22	

16	29	24	15	20	28	29	22	10	

10	19	20	30	13	29	11	25	24	

17	26	26	10	18	18	23	25	26	

28	27	25	27	24	16	27	25	12	

10	17	25	19	15	14	19	23	30	

28	21	13	13	20	22	29	25	26	

11	18	15	23	15	13	19	28	13	

30	12	17	29	27	12	15	17	22	

23	16	10	27	11	10	20	16	19	

23	19	15	11	30	28	30	28	11	

23	25	30	14	22	16	15	10	23	

14	25	25	19	26	17	29	28	17	

17	21	14	15	21	17	22	27	23	

22	30	13	29	30	28	18	29	27	

21	28	13	25	24	10	29	11	17	

30	10	13	11	13	30	16	22	23	

19	20	18	14	20	16	26	18	16	

21	15	30	22	29	29	29	15	19	

15	24	13	26	28	17	21	21	15	

30	23	26	25	24	15	23	10	24	

21	28	15	15	21	25	23	13	10	

28	19	30	22	16	25	22	30	12	

27	17	30	24	30	10	13	19	11	

21	25	23	10	23	16	21	17	13	

10	21	18	23	25	10	14	24	28	

19	30	19	22	29	30	27	20	24	

24	22	15	17	24	22	29	14	17	

16	12	20	26	30	19	20	12	11	

21	13	28	24	17	12	16	23	21	

20	11	29	12	26	26	29	29	24	

30	20	22	16	18	24	24	18	21	

25	23	16	10	13	13	17	23	29	

12	24	10	13	20	21	20	10	29	

11	22	22	10	29	21	12	15	27	

22	29	22	27	11	24	27	10	11	

12	16	11	22	22	19	18	27	18	

20	28	27	25	14	15	14	27	10	

22	15	27	25	29	14	17	23	22	

10	29	13	20	27	21	16	23	26	

24	26	21	21	24	20	21	16	19	

25	28	25	20	12	24	22	17	11	

29	18	24	27	16	16	21	28	19	

22	22	10	21	21	18	24	26	27	

19	29	26	26	17	10	10	22	19	

13	14	12	15	29	25	20	29	20	

22	18	19	28	29	16	23	30	17	

25	18	12	12	19	11	16	26	15	

30	19	11	25	19	13	18	16	29	

23	20	20	12	22	20	13	19	28	

22	11	23	30	28	24	10	11	22	

28	29	25	21	23	17	21	28	29	

14	21	11	20	23	19	21	11	16	

11	14	29	18	20	23	26	28	24	

24	16	11	16	12	16	25	16	10	

28	16	17	10	10	19	19	12	20	

26	10	26	12	29	18	26	27	25	

22	23	29	15	28	15	25	20	10	

12	28	29	27	23	16	25	14	16	

16	22	22	26	20	17	11	23	18	

16	12	24	28	15	13	17	16	10	

28	20	24	24	29	16	13	24	27	

17	13	18	14	15	25	24	22	26	

26	21	21	30	27	12	27	29	19	

20	24	24	26	19	25	22	10	13	

11	25	14	15	16	19	21	26	15	

22	23	12	14	17	28	28	25	10	

20	12	25	10	28	10	28	11	12	

15	14	11	28	13	21	15	16	13	

25	17	14	21	29	22	28	18	25	

23	18	16	14	16	22	15	27	19	

15	27	20	12	19	25	17	25	13	

25	22	22	18	21	28	25	11	22	

26	20	20	18	16	17	22	22	28	

29	14	10	19	12	26	24	25	18	

11	24	28	16	13	26	29	18	29	

25	15	10	24	10	14	24	10	14	

22	14	28	29	23	15	26	14	18	

25	12	21	24	26	14	17	11	18	

26	28	20	20	29	28	21	24	27	

13	20	28	30	25	24	28	21	22	

13	29	20	11	12	24	20	25	25	

16	12	13	18	29	12	29	14	29	

17	27	22	30	19	30	24	29	25	

27	12	15	12	18	18	24	16	29	

27	11	24	10	24	15	20	23	13	

21	27	18	17	10	12	13	20	30	

28	23	16	17	10	27	30	12	27	

21	13	26	29	29	12	13	19	23	

12	29	25	28	12	14	16	29	25	

20	24	24	18	26	27	11	13	11	

11	19	16	10	21	14	21	15	20	

23	21	11	14	17	15	11	25	14	

23	12	24	15	22	20	20	17	23	

26	22	27	29	25	15	11	20	13	

18	18	20	24	16	28	20	19	16	

21	18	16	23	25	15	16	15	30	

12	26	25	14	12	28	12	30	18	

20	16	24	24	12	22	30	17	23	

13	16	24	30	16	13	29	10	23	

28	17	20	22	13	22	13	25	22	

20	26	13	27	12	11	29	19	19	

11	20	16	20	11	12	18	19	12	

10	28	15	29	23	19	25	11	13	

16	23	11	12	19	23	15	20	14	

19	14	29	30	19	10	24	16	16	

29	19	21	24	26	20	20	12	12	

19	29	14	13	28	24	12	15	24	

19	13	22	24	24	13	25	14	14	

28	16	30	24	12	30	16	19	11	

14	27	29	23	26	15	11	24	21	

12	25	24	10	12	29	25	18	20	

21	16	29	10	25	18	30	23	15	

11	21	29	17	14	18	19	26	17	

28	20	11	24	10	20	23	17	23	

22	30	22	18	12	19	30	11	17	

15	27	18	22	20	22	16	11	21	

23	19	11	17	28	18	24	22	12	

27	12	15	19	22	18	29	28	14	

17	28	28	12	12	27	18	17	28	

27	21	27	23	17	14	27	11	21	

25	11	26	25	29	18	11	20	14	

10	19	26	13	29	22	12	18	23	

18	30	20	10	13	10	15	10	29	

19	25	11	13	29	28	27	22	18	

17	19	19	19	12	10	12	20	13	

27	23	24	22	25	17	12	29	18	

21	29	12	22	14	17	17	16	20	

12	19	22	11	23	20	11	17	28	

22	29	22	26	11	22	12	27	10	

20	15	27	15	13	12	14	30	25	

21	11	27	22	20	19	15	18	24	

23	23	20	14	18	20	21	15	12	

10	30	11	18	29	24	27	29	26	

17	27	15	13	23	27	13	10	16	

12	24	22	14	20	25	15	12	25	

21	27	17	15	21	26	23	11	11	

24	25	10	19	12	28	12	12	28	

17	18	27	20	15	22	27	29	14	

12	10	20	27	30	11	20	30	25	

22	24	22	30	19	12	29	28	30	

15	14	23	12	27	16	15	19	12	

26	24	21	23	17	27	14	19	23	

28	23	10	29	29	30	13	17	29	

14	27	17	19	13	21	23	17	17	

22	28	18	17	20	29	11	16	21	

26	30	17	13	21	12	11	28	14	

12	30	30	13	17	29	10	12	15	

10	13	15	26	16	12	24	26	16	

16	10	15	10	28	13	13	21	12	

15	13	16	10	14	16	13	23	19	

24	17	15	28	10	23	18	20	20	

25	30	14	14	27	29	10	24	17	

12	26	26	17	15	13	13	13	15	

14	11	17	12	20	10	10	22	10	

19	27	16	25	19	15	24	21	30	

15	10	19	12	13	17	12	25	27	

17	26	23	21	14	28	10	30	30	

22	17	11	11	18	14	19	20	16	

13	15	13	30	26	28	17	18	17	

11	19	28	20	17	17	29	26	17	

20	20	29	20	26	10	14	18	25	

15	13	30	14	12	28	30	27	14	

30	25	27	25	16	30	17	18	22	

11	26	10	17	28	23	29	16	27	

11	24	11	13	20	12	18	14	19	

14	24	14	26	15	14	26	20	21	

21	15	16	17	12	12	25	10	13	

12	15	25	20	19	17	14	24	16	

21	29	26	25	26	24	14	25	18	

14	10	21	24	22	28	14	19	27	

24	30	11	12	30	27	13	24	15	

14	27	17	25	28	23	17	19	30	

16	16	26	11	16	25	14	16	29	

30	24	27	17	24	13	11	10	28	

27	16	22	14	16	20	27	27	20	

11	22	11	28	22	14	14	14	12	

16	14	28	20	13	28	14	22	25	

29	17	21	27	14	14	16	27	18	

13	24	30	23	27	24	27	22	19	

29	23	23	15	18	10	21	28	10	

17	29	13	17	15	13	29	21	17	

24	11	20	17	13	29	16	24	15	

11	11	24	21	15	26	21	10	27	

28	15	15	10	11	14	20	21	30	

23	20	18	19	12	24	26	30	15	

10	22	30	28	28	22	10	13	12	

14	11	25	18	27	19	22	21	28	

14	20	21	26	30	18	27	12	18	

17	22	25	18	14	27	11	10	10	

17	11	21	21	21	28	13	15	10	

15	10	18	25	19	25	11	29	16	

26	12	27	11	29	13	11	26	28	

14	24	20	17	21	28	11	26	14	

10	15	21	18	14	16	28	13	10	

29	21	24	23	28	24	23	19	13	

19	12	15	28	25	11	14	16	22	

29	10	26	18	12	15	16	15	30	

17	25	23	10	20	14	17	15	20	

13	11	12	28	22	14	15	18	20	

19	27	15	26	21	23	27	12	20	

18	10	26	29	17	14	18	25	16	

17	23	18	13	16	26	19	30	28	

14	11	14	21	16	12	23	24	28	

22	27	30	25	22	10	25	18	30	

17	19	27	13	18	21	24	10	14	

25	24	21	19	23	13	27	22	22	

28	16	24	22	29	21	26	12	27	

28	30	28	27	29	22	24	22	18	

22	28	15	11	23	26	29	20	11	

30	19	15	24	20	25	14	26	13	

21	23	22	20	23	23	15	24	15	

21	10	13	25	21	26	30	27	15	

26	21	26	23	16	14	30	19	18	

28	15	27	19	29	12	22	14	23	

23	15	24	19	29	19	15	18	29	

18	10	26	29	18	27	12	21	18	

12	17	14	29	11	17	24	21	10	

11	12	16	24	13	24	17	19	20	

13	15	23	18	27	12	11	17	21	

16	22	19	26	25	27	27	18	16	

19	14	26	28	10	19	27	24	14	

21	16	17	19	25	12	18	27	10	

30	23	11	20	30	20	14	30	20	

24	25	13	15	12	21	21	14	25	

15	15	13	15	14	21	13	29	21	

10	18	22	29	21	20	13	30	26	

29	10	18	30	19	15	23	23	22	

16	19	10	16	27	13	30	28	15	

12	25	21	17	23	17	10	10	11	

22	15	24	14	26	26	15	19	23	

23	10	26	13	20	13	14	11	17	

13	28	25	26	16	24	29	20	15	

21	15	15	17	18	15	19	17	17	

10	15	13	24	19	29	15	10	20	

11	18	18	19	29	23	19	15	17	

22	28	25	22	12	24	18	22	13	

11	14	17	14	29	11	30	16	17	

19	30	24	20	23	20	28	21	29	

13	21	22	10	19	25	27	23	28	

22	29	22	10	12	18	16	30	23	

17	25	17	10	22	28	30	29	11	

15	18	29	11	19	15	22	29	24	

14	27	18	11	14	29	18	27	27	

26	15	10	12	20	24	19	28	20	

24	23	25	13	21	24	13	18	19	

15	20	18	11	22	20	19	22	30	

22	11	19	30	29	27	12	16	21	

25	15	10	26	21	20	30	29	14	

28	25	10	15	21	15	10	29	26	

19	21	12	13	10	13	13	27	27	

18	19	24	15	17	25	11	17	27	

27	28	30	11	19	24	15	21	24	

27	18	11	12	29	22	13	15	12	

18	18	30	27	16	25	18	10	10	

20	19	20	19	17	30	29	24	28	

30	13	27	18	17	30	17	26	12	

18	23	27	18	22	10	29	14	14	

17	13	20	21	13	12	21	21	28	

28	19	29	22	21	21	15	16	22	

15	14	26	22	11	14	14	13	15	

16	21	25	12	26	23	27	10	28	

30	25	13	20	16	30	13	17	10	

12	16	26	29	25	22	14	10	18	

10	27	25	29	24	26	14	25	10	

15	12	17	26	29	22	23	19	16	

22	17	21	15	17	22	19	27	17	

15	19	18	18	29	20	19	26	17	

10	11	12	29	18	28	14	14	14	

25	30	28	16	15	11	25	23	15	

17	30	13	26	18	21	21	22	15	

15	25	21	30	10	11	16	20	25	

17	20	29	11	11	20	13	13	30	

15	29	26	29	28	26	22	14	28	

21	14	10	25	19	24	20	25	25	

28	30	14	26	30	16	18	13	11	

23	13	10	11	10	15	14	19	12	

20	29	25	14	23	28	10	14	14	

15	11	24	16	28	26	24	15	19	

12	23	24	13	11	14	30	12	14	

24	25	10	14	13	29	22	15	21	

29	19	14	11	18	30	15	11	26	

16	14	15	22	16	13	26	12	13	

16	10	14	16	16	18	27	23	28	

15	26	18	25	15	16	17	17	10	

18	17	29	17	28	15	21	11	11	

27	16	29	20	19	13	16	15	12	

26	24	16	30	21	24	14	21	24	

27	15	27	19	19	30	19	13	13	

27	18	18	17	14	28	24	11	27	

10	26	28	25	18	23	19	22	27	

25	17	14	17	29	11	14	22	19	

21	24	22	12	29	24	15	27	11	

16	27	13	29	30	24	17	20	22	

21	28	22	13	29	12	23	20	16	

27	10	22	13	21	21	11	16	30	

12	19	19	29	30	25	20	19	21	

17	12	29	22	13	19	17	16	12	

15	12	28	14	10	12	16	13	11	

22	12	23	29	29	14	28	26	12	

29	14	24	16	16	10	22	23	15	

17	24	15	30	18	15	29	15	19	

24	26	19	11	18	24	20	28	23	

13	15	16	19	15	13	29	26	20	

14	13	12	21	17	14	15	24	14	

17	30	19	17	23	11	30	19	22	

14	14	21	10	30	22	18	15	24	

25	16	11	30	12	19	20	26	11	

13	11	11	19	19	21	26	13	12	

23	30	30	18	28	21	15	23	24	

11	11	12	27	24	30	14	30	18	

25	26	16	12	23	21	14	13	10	

14	19	14	19	26	30	19	17	23	

16	12	26	30	25	24	10	15	13	

22	17	24	30	10	26	11	29	19	

18	28	14	17	23	11	10	17	30	

22	28	21	20	11	12	24	18	10	

30	13	28	10	23	28	25	25	12	

22	21	16	17	24	28	14	28	21	

12	18	12	20	22	28	30	25	10	

12	27	30	18	22	17	11	16	30	

27	12	13	20	14	28	19	28	19	

12	14	13	15	26	17	16	19	22	

19	11	14	10	14	18	26	15	18	

16	17	14	17	29	11	27	11	14	

22	30	14	29	19	12	16	19	15	

27	26	23	29	14	22	30	17	10	

19	23	26	22	21	15	20	13	28	

16	27	20	15	16	18	15	26	19	

23	16	28	19	27	13	14	25	27	

21	23	14	23	24	28	14	18	19	

28	14	18	28	22	26	13	16	27	

21	30	14	15	19	18	30	14	27	

22	15	30	17	10	27	23	21	21	

10	28	13	29	23	28	10	21	28	

23	12	16	28	12	13	24	19	15	

23	10	18	22	21	20	28	16	19	

23	18	26	26	27	28	24	13	11	

15	15	19	12	17	23	26	27	29	

17	25	11	21	10	28	15	25	29	

24	28	28	21	17	16	27	20	25	

19	24	20	12	14	19	14	25	10	

29	14	29	10	19	17	22	27	20	

12	16	18	27	21	19	27	20	16	

20	24	21	14	28	24	27	20	24	

12	14	24	18	22	21	30	28	23	

19	14	29	30	26	21	21	19	29	

24	22	14	28	21	15	23	13	18	

25	29	24	28	27	11	12	22	25	

12	27	10	18	19	25	26	30	21	

28	24	12	23	16	17	14	30	26	

21	16	12	14	14	25	23	30	12	

10	10	15	14	17	23	19	18	21	

18	13	26	25	18	30	12	22	12	

27	10	21	30	14	20	28	28	10	

19	29	22	13	25	12	11	17	17	

26	23	24	24	19	21	16	12	26	

26	17	11	14	23	30	23	16	28	

23	22	17	16	20	30	30	27	10	

14	28	30	24	14	29	22	25	22	

26	16	29	15	19	15	30	20	13	

20	19	20	28	18	28	26	28	27	

23	21	13	17	16	15	19	15	27	

19	17	26	14	19	15	16	13	25	

14	16	11	18	17	11	10	24	19	

11	20	24	24	21	11	28	26	10	

22	10	13	17	25	15	12	10	15	

17	20	12	24	24	30	23	30	25	

20	11	25	27	17	17	22	22	14	

10	15	11	20	11	15	14	10	20	

14	11	28	28	21	21	15	14	20	

19	16	28	23	13	14	16	14	26	

18	28	24	17	11	14	17	21	29	

28	19	20	23	15	20	23	16	19	

12	12	28	12	22	15	16	17	18	

28	25	24	17	29	11	15	16	26	

18	25	21	19	20	25	11	30	13	

20	15	24	22	11	12	10	20	28	

20	26	10	12	11	11	27	27	12	

15	26	29	28	22	29	13	12	29	

11	14	24	27	27	12	20	10	11	

14	28	25	12	20	28	13	19	16	

19	11	30	22	13	15	29	22	26	

13	15	10	27	25	11	11	10	29	

28	10	24	11	18	27	11	10	27	

29	28	12	14	22	24	27	11	30	

22	13	11	19	12	14	26	29	24	

27	23	22	12	22	27	29	24	13	

15	25	29	24	24	11	30	11	10	

11	23	20	14	22	18	10	20	20	

25	29	28	20	28	21	29	20	17	

11	12	12	19	14	12	19	23	22	

21	21	25	11	12	30	14	20	20	

28	29	23	20	16	12	16	17	13	

26	20	30	28	30	10	17	30	10	

17	10	25	18	28	11	22	28	21	

12	28	12	26	21	22	16	15	26	

28	15	27	13	27	28	10	25	13	

10	29	23	14	16	14	24	16	22	

16	27	22	16	10	13	17	14	22	

19	17	27	29	17	11	12	15	23	

24	17	22	18	29	10	17	23	18	

17	15	19	28	17	27	29	29	25	

24	27	25	27	22	11	19	18	30	

24	15	29	11	18	12	24	16	23	

23	24	23	21	12	17	15	22	30	

25	17	23	10	18	21	28	28	24	

11	20	30	28	25	17	23	24	26	

30	14	18	25	23	29	15	21	26	

25	29	15	29	29	12	18	21	12	

26	26	16	19	13	20	20	28	10	

30	10	14	28	11	29	13	30	30	

17	27	19	28	21	17	26	20	21	

25	15	22	28	30	11	19	28	29	

23	14	11	23	24	17	11	30	29	

19	18	30	12	27	29	28	24	26	

22	23	14	17	21	18	17	21	14	

11	22	22	23	16	18	20	24	17	

25	28	18	30	16	12	16	18	23	

13	29	12	17	20	12	12	28	28	

24	16	24	11	14	17	28	10	16	

25	14	16	15	17	20	13	13	30	

26	28	29	27	12	13	22	13	25	

13	20	24	14	13	29	24	16	27	

25	14	16	19	22	18	23	17	13	

21	15	16	10	25	23	29	14	18	

15	13	30	28	25	14	20	29	30	

13	18	11	23	23	23	16	14	14	

26	10	20	15	28	29	11	14	29	

17	23	18	12	30	27	10	11	16	

29	26	30	24	20	14	21	10	24	

23	30	19	29	11	30	28	29	25	

14	30	25	29	26	13	19	10	29	

18	27	25	18	26	30	16	12	26	

24	14	24	23	22	19	16	22	14	

29	23	22	16	15	20	27	27	26	

18	24	24	21	25	19	25	29	13	

29	17	10	23	14	13	11	10	28	

17	30	21	26	24	25	11	25	26	

21	15	25	12	25	11	20	29	20	

28	11	29	26	16	30	25	23	13	

15	19	16	27	16	11	12	18	16	

28	15	26	13	22	17	25	23	22	

30	26	22	20	25	25	14	17	17	

26	21	11	23	29	16	29	14	24	

19	19	29	13	25	19	24	10	15	

17	27	12	29	15	12	19	16	25	

15	12	28	25	12	14	13	10	26	

22	25	26	27	21	11	14	15	12	

22	19	13	13	22	12	19	28	22	

28	15	13	20	22	22	16	24	11	

23	12	10	15	15	17	19	30	17	

30	29	20	26	27	17	16	25	24	

15	29	14	16	21	22	17	10	24	

17	22	11	12	14	29	21	22	21	

12	21	18	27	27	18	25	13	10	

25	27	11	14	16	25	27	26	16	

16	15	23	28	11	19	10	11	29	

28	13	29	30	16	30	26	15	17	

16	23	20	14	23	27	22	30	10	

20	11	18	10	10	21	10	12	17	

23	23	24	11	25	14	15	28	29	

18	23	30	14	10	19	25	18	24	

20	19	17	14	27	27	15	22	22	

24	21	17	22	12	22	28	22	23	

14	17	30	27	17	10	11	17	20	

28	21	21	16	14	10	15	20	29	

25	24	26	29	23	29	26	21	13	

30	25	18	24	18	13	10	25	26	

10	19	12	20	25	17	11	19	14	

11	18	15	21	17	27	22	25	26	

17	16	15	23	21	19	18	18	15	

13	15	27	10	29	26	17	21	21	

29	17	16	22	19	23	24	11	30	

12	15	24	18	28	21	24	21	17	

18	12	10	28	25	24	18	10	10	

11	17	19	26	16	27	26	19	25	

11	28	17	28	10	26	28	22	16	

10	20	21	10	21	14	26	18	21	

22	13	27	19	13	19	16	18	24	

27	21	20	19	25	24	17	20	30	

22	26	24	14	19	18	19	23	11	

28	14	12	20	23	28	15	26	14	

21	25	14	22	10	26	25	23	26	

11	29	27	16	24	26	22	24	20	

12	27	16	26	29	29	11	13	13	

19	11	26	25	11	20	27	14	28	

20	29	14	21	20	19	20	12	18	

30	12	28	12	14	19	27	10	11	

13	16	22	23	13	22	27	24	13	

16	28	28	21	12	19	20	20	21	

20	13	18	22	16	29	27	29	12	

20	12	27	21	16	18	20	28	27	

11	28	24	21	20	28	11	22	17	

29	18	21	18	10	26	25	18	23	

20	28	13	19	12	29	13	16	30	

24	15	14	29	13	28	18	22	18	

17	28	27	15	26	16	24	11	20	

13	17	14	13	24	27	30	27	25	

25	22	13	29	16	24	19	12	23	

16	14	28	30	22	13	24	25	21	

28	19	14	18	15	30	23	24	27	

13	11	28	15	25	24	19	12	19	

30	16	26	20	20	17	22	20	10	

10	12	10	22	27	19	14	29	13	

26	10	22	18	15	28	27	26	27	

21	15	15	21	19	23	19	22	19	

27	21	11	23	23	25	14	15	16	

28	16	30	22	29	16	11	16	29	

19	21	12	21	26	13	18	30	18	

26	17	22	14	14	28	28	12	23	

10	12	17	20	22	16	26	19	28	

25	25	30	16	24	17	26	16	22	

19	21	22	27	15	27	18	28	14	

13	25	20	18	30	26	10	24	28	

10	26	22	28	10	15	23	17	15	

30	22	27	19	16	30	12	21	13	

11	10	21	22	23	14	14	19	12	

21	13	20	28	24	20	18	20	28	

27	16	17	16	29	17	30	30	16	

25	24	12	19	18	11	21	23	29	

24	10	10	28	22	16	28	14	28	

14	26	27	13	25	10	10	10	29	

27	30	30	20	29	19	16	15	10	

15	24	25	10	27	26	24	13	17	

30	19	16	23	16	17	21	30	29	

17	18	27	28	12	17	17	15	12	

28	17	20	23	24	10	11	29	24	

26	11	29	22	14	29	19	16	22	

19	15	12	29	23	30	28	19	15	

23	26	23	18	27	11	26	20	21	

28	24	21	13	19	20	22	17	20	

21	27	26	30	10	19	10	18	24	

26	25	12	20	17	16	20	28	20	

14	12	22	23	26	28	23	19	16	

14	24	14	20	10	12	10	13	30	

16	11	10	22	30	14	17	21	11	

21	16	23	30	23	28	16	15	10	

21	21	18	10	22	18	10	25	16	

25	20	13	10	13	12	20	24	29	

12	15	23	19	11	28	10	12	20	

22	11	23	29	25	18	10	25	14	

19	14	17	11	18	19	25	12	27	

16	18	11	18	13	22	23	12	23	

18	13	29	28	16	26	27	15	17	

19	27	30	18	22	18	24	29	27	

13	11	25	23	23	24	20	14	13	

28	16	26	30	22	13	26	15	21	

30	30	24	24	10	26	12	28	28	

27	13	22	23	20	25	29	26	13	

14	16	22	18	18	23	26	19	27	

15	24	21	29	26	29	19	13	24	

23	12	17	24	19	23	11	27	21	

22	28	26	20	23	26	24	30	26	

10	20	21	29	30	10	16	30	20	

15	20	25	10	13	30	14	25	16	

29	15	25	23	17	23	28	25	18	

10	13	17	14	29	23	27	13	20	

12	22	15	24	30	11	14	30	20]	

