n:1125	
m:9


W:[11160
11220
11407
11209
11247
11339
11262
11304
11103]


b:[96
64
65
88
82
90
90
61
53
63
61
60
80
100
97
99
91
55
75
81
79
56
85
70
90
69
69
57
83
84
97
81
82
53
64
50
91
80
100
57
64
99
80
94
68
76
86
92
96
82
54
65
59
75
61
92
61
79
59
55
85
58
66
74
61
84
87
84
60
89
78
98
67
52
60
73
55
100
92
73
58
77
70
91
65
81
97
71
84
85
82
77
80
69
54
91
57
53
92
89
60
81
74
55
55
52
67
58
60
93
88
85
98
96
50
69
91
64
90
87
99
76
57
91
52
76
72
94
52
50
69
70
57
71
54
89
93
86
83
55
60
97
93
75
100
95
71
66
88
79
79
90
98
58
60
57
53
80
54
52
52
93
80
83
96
62
68
50
86
93
59
85
70
79
74
61
90
83
85
72
95
95
73
87
94
94
70
95
90
62
61
81
91
85
84
86
76
85
60
68
68
64
73
86
63
83
57
84
98
73
71
85
89
77
76
83
90
85
55
68
79
52
50
68
91
67
81
82
57
65
69
54
78
96
52
84
81
69
53
61
63
96
68
60
51
95
53
93
77
69
83
89
92
100
87
83
97
93
72
51
68
89
94
75
70
51
55
91
97
54
56
70
77
65
66
93
71
75
81
62
99
100
61
69
96
83
99
67
56
84
69
61
93
91
83
81
52
89
100
78
50
82
100
59
81
82
87
97
62
89
83
73
83
65
75
81
82
57
65
54
98
51
100
97
70
64
94
76
73
63
99
83
74
61
61
83
56
78
80
52
98
87
79
66
86
75
60
83
56
70
83
53
82
59
62
64
53
53
59
72
90
90
78
72
85
77
57
58
89
80
61
59
69
96
74
77
88
78
89
65
93
50
99
74
89
80
93
77
60
100
67
92
70
80
59
63
51
55
53
97
79
66
64
58
53
86
88
100
73
93
86
87
65
68
51
63
83
61
54
58
76
100
85
53
56
66
54
54
72
95
65
73
64
80
62
53
78
82
68
92
68
71
96
67
73
62
76
55
88
70
63
85
90
83
100
50
77
94
59
92
50
97
57
63
64
81
91
52
84
100
72
69
58
94
53
57
54
51
70
74
50
77
76
77
78
100
94
70
78
60
95
91
65
50
98
62
96
100
53
100
99
83
63
81
100
78
91
90
74
80
100
68
81
88
99
71
87
93
55
81
80
54
83
65
86
57
73
98
50
76
53
58
80
61
96
87
67
87
52
57
94
97
72
73
58
96
72
58
74
95
62
89
57
86
68
88
56
75
54
62
81
85
99
81
74
100
51
62
60
55
83
76
50
60
94
97
56
51
52
69
79
78
74
53
100
74
66
80
50
82
100
80
87
100
66
83
59
53
86
95
80
81
69
73
71
92
67
72
83
78
58
54
59
53
63
100
53
96
67
82
66
61
84
79
78
83
75
80
86
57
90
97
51
96
56
93
83
86
77
67
91
74
79
73
62
64
84
53
82
70
71
91
86
99
66
78
58
88
68
93
100
70
76
93
97
79
82
83
88
67
84
99
100
68
76
57
65
52
69
54
69
77
75
53
82
52
65
66
89
91
72
62
80
78
65
52
95
54
75
56
92
57
54
51
70
95
51
62
97
50
51
66
77
62
94
75
72
100
92
64
62
94
75
95
92
60
96
82
85
89
96
59
78
93
78
79
79
69
98
61
84
79
77
72
70
58
68
97
90
74
100
96
66
56
90
59
91
54
84
97
64
83
95
96
59
73
56
52
72
98
75
84
57
53
91
76
84
96
93
61
92
100
99
60
66
95
81
53
78
53
89
93
60
69
63
66
60
99
99
93
74
87
70
96
72
60
80
61
98
97
53
100
97
56
63
76
58
76
80
67
91
74
55
74
59
88
64
59
76
50
83
66
90
87
62
93
54
53
52
55
63
59
94
97
89
90
69
61
73
78
85
67
85
75
96
74
52
68
50
95
91
77
85
97
99
68
50
99
93
79
87
92
78
52
98
68
51
71
81
72
95
59
54
79
72
96
97
63
67
91
100
74
76
90
84
62
79
65
85
54
54
80
58
63
51
87
57
84
83
77
76
74
59
100
65
82
80
88
73
53
92
57
88
100
66
87
83
98
62
61
89
72
65
50
85
75
78
54
63
69
54
83
72
73
78
61
50
70
81
92
70
83
59
79
100
93
100
84
91
71
52
90
66
57
90
66
98
74
90
93
80
68
63
57
81
79
65
89
89
87
55
50
82
99
74
63
54
65
76
89
80
55
61
82
77
73
83
57
81
67
90
91
70
92
87
69
93
61
93
73
56
52
96
52
66
58
91
50
81
73
53
81
90
96
65
74
87
96
77
74
77
73
53
69
66
74
77
77
69
85
76
100
71
93
99
57
94
57
94
100
76
99
90
82
97
71
65
87
67
62
73
57
79
97
85
65
82
78
94
99
58
56
90
66
96
88
73
74
66
58
97
86
81
81
83
64
87
78
80
77
89
94
78
63
50
67
97
56
66
78
92
94
81
68
70
51
51
71
66
53
96
54
60
69
71
67
54
64
55
65
100
100
97
56
58]


w:[10	22	17	24	27	18	19	27	16	

11	27	20	16	18	24	29	29	11	

11	15	15	18	22	13	19	12	24	

16	25	14	25	17	23	22	24	28	

11	16	19	20	12	27	30	11	20	

22	11	19	24	24	12	13	13	18	

23	25	30	14	18	25	14	13	16	

21	14	15	15	23	10	10	26	18	

19	27	29	26	28	21	29	14	16	

24	30	22	25	18	28	16	17	29	

22	26	27	17	21	27	22	25	27	

19	25	14	30	22	17	30	28	20	

27	24	21	17	13	15	16	28	10	

29	28	16	15	15	12	26	23	10	

29	26	19	17	14	16	12	19	10	

28	19	24	30	12	21	18	25	15	

13	30	29	25	21	13	19	29	30	

30	27	28	13	20	19	11	15	20	

29	24	19	25	14	11	28	28	30	

29	26	24	13	21	18	17	23	14	

18	20	15	12	21	26	11	21	21	

12	30	11	27	18	26	26	10	22	

13	29	28	14	25	28	17	25	30	

21	21	27	29	19	16	23	11	12	

14	27	14	28	29	13	19	29	27	

22	29	12	27	10	27	30	17	15	

14	30	29	14	19	25	21	26	22	

21	26	27	12	21	11	23	24	13	

21	15	21	22	29	29	10	23	21	

25	13	29	17	14	27	11	29	18	

27	14	22	29	16	26	26	25	27	

22	26	12	10	27	15	25	21	18	

12	19	25	28	29	24	10	24	28	

13	29	16	29	10	30	19	22	29	

29	18	30	28	18	20	14	20	25	

25	12	12	21	22	12	22	23	23	

20	27	22	24	15	15	25	14	19	

15	30	11	29	10	15	13	24	13	

21	27	26	11	22	30	21	24	12	

19	26	27	18	25	13	12	12	29	

24	22	18	10	30	14	29	19	29	

20	12	20	26	13	24	17	23	24	

20	20	14	19	12	26	11	14	26	

13	30	30	12	27	29	19	26	27	

14	27	23	23	20	15	30	28	21	

25	10	15	22	21	17	28	23	27	

17	21	19	20	22	26	22	19	24	

23	22	21	26	30	15	24	18	14	

12	10	10	13	14	18	21	20	25	

25	19	11	29	30	26	29	28	19	

18	24	23	15	27	22	23	18	16	

10	13	15	14	18	27	29	22	10	

25	18	26	27	19	30	14	26	27	

19	19	26	12	21	20	15	28	19	

29	20	11	18	30	19	29	25	30	

22	25	13	23	21	12	18	25	10	

12	11	17	12	24	12	10	19	10	

24	18	11	29	18	22	19	10	24	

26	20	27	17	17	10	23	30	20	

16	12	29	24	11	30	13	16	23	

13	15	27	23	23	11	22	20	17	

16	20	27	17	20	12	18	18	11	

15	17	22	20	29	17	11	20	23	

22	22	18	20	10	25	11	17	22	

20	28	30	16	30	16	10	26	16	

10	21	17	28	29	21	15	25	24	

17	29	26	30	16	27	16	12	12	

17	16	24	10	30	22	10	29	19	

22	25	26	12	28	10	26	30	27	

25	20	14	29	13	29	19	17	27	

17	11	17	28	27	29	13	15	14	

15	29	29	11	22	11	18	25	13	

26	19	13	28	13	12	10	18	13	

16	20	22	29	29	25	13	30	15	

21	11	18	20	23	23	12	30	12	

13	26	11	24	29	17	24	20	19	

25	26	18	28	29	27	21	14	30	

19	21	16	26	26	28	14	19	14	

12	25	16	23	22	21	23	14	10	

14	13	27	15	14	12	26	15	18	

14	19	26	14	29	18	25	15	22	

26	21	30	15	22	26	27	10	30	

14	14	19	12	10	11	23	14	28	

20	26	29	13	29	15	23	29	29	

15	19	13	18	15	16	21	18	28	

12	24	10	29	28	29	11	22	12	

22	21	21	13	15	25	28	14	29	

25	16	15	19	16	18	24	14	30	

13	17	25	14	18	30	27	28	29	

20	30	13	23	14	25	26	26	22	

16	18	19	22	21	12	25	29	21	

26	23	12	26	29	29	18	12	19	

29	14	16	21	21	19	27	24	19	

24	10	12	23	16	21	27	15	15	

21	28	21	30	30	30	10	30	13	

13	14	25	16	26	21	28	27	22	

17	16	26	28	18	30	12	10	17	

28	19	27	24	18	18	23	22	14	

15	30	23	21	24	15	19	29	23	

27	27	18	17	20	27	14	15	21	

21	30	30	11	12	25	11	20	22	

29	13	10	22	26	27	29	18	11	

11	29	12	27	13	10	20	13	15	

17	17	21	15	29	23	24	12	11	

24	10	24	29	13	18	30	29	30	

12	26	18	28	14	26	22	15	27	

27	23	28	16	29	23	21	10	25	

19	16	24	15	15	10	29	30	12	

16	30	26	20	10	13	24	27	13	

28	30	28	11	13	23	21	25	21	

15	18	26	29	19	15	13	17	21	

10	13	29	25	14	15	15	15	15	

24	22	22	30	22	18	24	30	27	

26	10	26	29	12	23	13	19	11	

23	21	25	17	14	30	16	28	12	

16	30	28	15	18	28	19	18	26	

15	12	15	10	13	25	12	23	14	

17	21	22	29	11	13	24	20	23	

26	17	29	24	18	20	25	28	27	

27	25	10	18	22	29	14	16	16	

17	12	11	13	13	28	21	25	19	

24	10	23	17	14	20	28	21	25	

17	13	16	14	22	18	26	21	18	

16	13	23	10	22	23	21	11	23	

26	12	12	22	28	10	12	26	16	

17	11	27	28	21	28	11	19	10	

15	28	24	11	25	28	16	14	12	

12	27	16	30	26	29	28	29	15	

29	29	16	15	18	16	28	25	12	

26	29	21	25	16	21	28	11	10	

18	15	23	21	24	15	10	14	21	

15	20	12	25	15	25	23	26	10	

14	29	16	28	17	22	22	21	27	

28	18	12	22	15	27	13	19	10	

30	17	11	10	29	18	14	18	16	

22	22	10	27	18	19	29	25	24	

30	27	28	12	30	14	17	26	24	

19	15	19	22	22	23	12	11	21	

14	22	22	11	26	10	21	13	14	

15	27	27	26	22	27	29	18	23	

26	11	23	11	22	20	23	12	30	

10	10	23	20	12	23	15	27	23	

21	23	14	17	28	13	24	30	25	

19	14	20	26	22	16	29	24	25	

23	20	24	30	26	20	30	12	25	

29	17	27	22	29	21	20	18	20	

19	28	14	24	27	23	18	19	23	

28	11	20	26	17	23	14	25	17	

13	30	19	28	30	14	22	18	14	

15	14	28	19	19	11	13	25	25	

27	28	13	25	17	21	27	17	26	

10	16	14	24	26	25	25	13	20	

22	11	27	13	16	13	30	20	23	

23	20	13	18	16	14	22	19	13	

30	18	20	12	29	15	10	28	22	

29	16	19	15	10	23	29	19	29	

16	25	12	13	17	23	22	12	29	

13	22	30	12	16	21	11	11	21	

20	13	18	14	18	16	19	18	11	

22	18	27	18	17	14	14	15	11	

10	10	15	12	27	15	25	10	26	

10	29	24	22	11	25	28	16	24	

22	22	25	21	10	18	18	27	26	

17	29	22	24	23	12	12	26	14	

10	27	17	18	26	11	26	27	26	

23	26	25	16	25	17	10	30	25	

21	21	24	13	23	30	21	28	27	

30	20	29	25	26	19	26	16	22	

13	28	30	28	22	26	12	22	25	

10	14	22	11	18	27	13	28	11	

17	21	27	18	15	26	21	25	15	

25	23	15	10	12	28	27	30	13	

14	12	12	29	19	27	23	12	10	

22	17	22	22	16	20	25	14	22	

22	11	10	22	13	15	16	18	27	

12	22	28	14	29	24	28	27	11	

11	16	24	26	10	16	25	24	25	

22	27	23	11	14	17	23	10	20	

20	14	15	19	17	30	24	25	21	

25	20	29	13	18	12	12	19	27	

17	22	17	13	29	11	11	27	11	

14	15	29	23	29	11	16	23	29	

21	15	28	13	18	23	24	23	22	

24	24	15	12	12	19	15	11	12	

12	26	25	13	30	13	15	21	18	

13	14	13	23	18	21	24	24	19	

19	19	25	17	14	11	10	24	18	

27	17	12	13	14	13	12	15	21	

15	28	15	10	19	22	24	20	12	

17	11	26	28	28	28	16	17	11	

22	15	10	24	18	27	13	29	11	

25	16	26	18	20	19	13	26	11	

13	23	15	29	12	11	14	12	15	

29	11	24	13	22	22	30	25	27	

24	30	16	13	29	11	22	23	14	

10	16	28	30	18	22	28	29	24	

11	30	29	20	18	23	28	18	21	

19	17	29	29	29	15	16	13	10	

10	16	25	22	24	28	18	10	29	

25	14	18	30	27	28	19	17	24	

24	12	26	14	13	17	12	19	14	

24	13	21	20	14	19	14	17	30	

15	14	28	29	15	10	23	17	17	

13	15	20	15	20	16	22	14	18	

30	28	16	20	24	29	20	26	14	

29	13	12	22	19	11	28	14	29	

19	14	13	20	17	29	19	15	22	

24	15	27	29	13	11	12	29	21	

28	27	10	16	26	11	26	23	26	

28	26	15	14	18	24	29	22	14	

18	30	26	13	30	19	22	26	25	

13	22	27	17	15	17	17	13	15	

27	14	15	12	17	22	23	16	23	

25	25	26	26	22	25	27	24	28	

24	19	11	12	22	24	14	17	26	

21	18	18	14	21	19	11	19	11	

25	18	24	11	12	19	15	11	14	

19	14	15	29	27	27	15	26	19	

22	13	23	15	28	13	15	15	13	

14	24	10	27	24	17	23	10	12	

21	12	19	27	28	26	26	27	19	

25	20	21	24	25	15	20	18	16	

26	30	20	22	18	25	20	15	13	

27	28	26	10	25	28	28	10	19	

27	13	16	11	22	25	15	14	18	

25	29	28	11	26	25	28	24	30	

26	20	16	13	10	23	15	27	12	

12	22	17	27	16	13	24	21	30	

30	25	22	19	27	13	29	21	30	

10	16	24	20	14	25	23	28	22	

10	27	28	23	18	19	19	14	24	

13	18	25	22	26	12	10	15	29	

16	18	27	12	28	15	23	21	23	

28	29	18	17	10	24	23	29	21	

27	27	27	15	10	19	11	19	18	

18	24	24	22	11	29	28	24	17	

24	20	10	16	16	30	24	14	20	

19	14	25	28	10	23	26	18	17	

23	11	17	23	21	28	25	25	24	

29	12	15	17	19	20	26	18	23	

18	27	28	21	10	14	13	18	25	

29	10	21	22	29	12	25	14	26	

29	24	26	15	28	13	22	20	27	

22	17	22	14	11	13	13	26	20	

28	12	14	28	30	22	10	26	17	

10	21	12	18	15	18	12	25	24	

26	10	13	16	21	13	23	28	13	

14	25	20	20	24	10	21	27	24	

21	28	17	21	30	10	20	24	25	

18	23	10	29	13	14	13	26	15	

11	23	27	22	30	21	28	20	23	

24	17	18	13	17	25	27	22	22	

11	16	26	25	26	24	15	18	17	

18	21	12	16	26	22	29	13	22	

30	22	13	18	20	21	16	24	15	

30	28	14	19	13	20	16	20	16	

16	30	28	17	26	28	15	24	17	

25	29	27	12	19	22	12	29	28	

14	16	10	24	27	22	10	15	10	

18	27	10	18	30	14	21	24	16	

12	25	20	22	11	25	22	25	25	

26	15	12	18	29	28	16	11	18	

13	26	27	13	22	20	18	11	16	

23	10	10	23	17	26	26	10	25	

30	30	15	13	28	22	16	12	24	

19	25	30	21	28	26	20	13	24	

17	28	13	27	24	14	23	21	22	

15	11	10	21	15	10	13	29	14	

13	15	19	27	16	30	12	29	19	

18	19	16	28	23	12	25	23	23	

19	24	24	12	14	28	19	24	17	

11	15	21	16	29	10	28	22	28	

17	12	17	19	13	13	10	22	18	

17	22	19	13	12	17	21	29	22	

30	22	18	22	23	26	30	14	19	

25	19	20	16	26	13	26	30	29	

13	26	18	12	13	13	18	14	13	

28	26	26	20	14	17	10	28	21	

28	23	27	22	18	30	16	14	18	

25	24	10	28	22	25	27	12	15	

15	28	28	24	26	21	10	13	17	

28	15	23	23	19	17	20	17	30	

28	24	15	15	13	30	11	12	27	

13	12	12	25	29	27	23	12	20	

19	14	13	24	17	11	21	19	27	

17	20	22	27	11	29	20	11	30	

13	11	28	25	23	27	22	25	10	

15	18	15	22	22	27	15	26	15	

27	10	27	19	10	17	19	19	21	

19	28	25	25	21	11	10	10	14	

11	19	11	15	21	25	13	30	15	

18	17	29	21	29	23	27	14	18	

28	15	26	16	13	18	23	28	22	

17	10	12	17	25	15	29	30	10	

22	17	16	22	16	26	28	14	20	

14	29	10	25	16	18	30	14	12	

23	26	27	28	17	21	26	29	10	

19	24	20	11	18	23	17	19	10	

22	10	16	27	22	26	11	15	10	

11	23	12	20	12	25	24	19	18	

13	17	25	13	22	29	11	21	15	

18	15	27	18	15	30	13	14	25	

19	17	17	23	20	30	27	16	16	

30	30	30	12	27	30	17	23	17	

13	18	10	24	10	24	14	12	12	

15	15	17	11	19	27	23	17	24	

14	11	26	28	30	22	29	22	10	

26	30	18	27	24	12	25	22	27	

14	30	22	25	28	19	19	16	12	

10	30	15	19	20	15	23	17	19	

24	14	18	24	21	26	12	21	15	

28	17	11	24	30	16	23	27	24	

10	11	19	13	21	29	12	11	10	

14	26	25	28	12	14	19	21	24	

24	11	14	24	30	21	22	13	28	

21	18	26	22	23	17	26	15	26	

22	21	19	16	23	16	18	16	13	

14	18	12	21	23	23	29	23	16	

10	16	23	25	10	17	16	23	11	

24	14	17	16	29	21	26	12	10	

26	28	22	13	30	27	14	23	23	

15	28	19	26	25	19	28	24	19	

21	15	20	24	10	20	14	16	15	

27	24	29	27	20	18	15	15	20	

27	21	21	16	24	14	20	23	18	

11	28	29	30	28	13	25	16	24	

30	17	16	23	30	11	30	12	22	

14	15	13	14	28	20	25	14	18	

29	15	23	10	16	30	21	11	17	

28	24	23	21	10	21	20	14	26	

20	26	19	21	20	23	11	30	10	

30	21	15	23	20	16	13	13	27	

30	25	26	22	20	17	29	21	15	

25	29	17	12	15	21	30	13	11	

17	22	10	14	13	30	19	15	15	

25	23	14	27	19	16	21	26	23	

24	12	17	10	29	23	29	20	20	

10	26	16	23	26	15	26	23	22	

22	16	10	13	19	25	11	10	20	

12	11	28	26	18	15	23	20	18	

17	24	21	16	21	11	16	29	20	

27	29	27	26	13	25	28	17	19	

12	29	11	14	28	26	28	20	28	

21	24	11	17	15	16	24	21	19	

29	25	18	29	27	16	22	14	28	

24	26	18	18	25	24	30	26	26	

29	29	13	12	13	17	11	29	17	

15	13	25	18	24	21	10	14	21	

27	13	24	16	12	15	22	29	29	

17	15	29	23	12	15	22	12	15	

20	22	28	21	19	25	12	28	24	

22	21	11	27	22	25	27	11	15	

29	19	19	24	23	20	28	28	30	

26	26	19	19	13	16	25	17	11	

23	14	29	22	10	20	17	26	23	

16	14	30	28	23	11	30	24	25	

13	29	26	11	20	18	19	20	14	

29	16	22	21	10	10	16	19	14	

26	20	16	14	25	22	17	16	20	

26	11	26	19	13	20	11	12	19	

16	22	30	27	24	17	17	17	13	

30	20	19	29	26	15	14	28	30	

19	11	30	22	17	22	16	29	18	

10	26	24	24	27	11	26	24	24	

19	26	21	15	11	29	22	18	19	

21	19	13	15	10	20	10	26	26	

30	28	13	25	12	24	14	15	27	

10	18	14	18	24	13	23	27	21	

25	18	11	11	14	29	26	24	19	

11	26	16	24	24	12	13	29	16	

10	22	17	12	28	25	13	11	13	

12	11	16	30	22	27	15	12	22	

16	28	20	12	14	30	29	22	24	

15	27	11	13	27	24	11	14	13	

19	14	20	21	14	19	21	29	14	

10	30	24	19	20	30	11	27	10	

20	25	22	29	18	26	27	25	19	

21	10	16	20	18	18	16	18	17	

19	12	30	15	17	24	28	13	14	

20	25	21	16	19	18	25	21	28	

18	28	29	30	18	25	30	25	16	

28	23	29	10	16	13	11	29	22	

11	27	26	21	12	21	29	25	17	

15	28	27	28	20	25	15	27	16	

15	12	20	19	24	20	10	10	21	

30	13	24	11	15	22	21	18	24	

11	20	27	28	10	15	24	20	24	

25	12	22	16	14	14	10	29	18	

17	29	15	23	13	18	10	17	16	

29	17	30	18	27	19	30	30	19	

21	24	13	26	30	24	16	14	23	

15	21	19	21	10	20	27	13	12	

17	12	24	29	12	18	13	25	24	

26	22	17	24	16	15	10	25	15	

11	22	28	20	23	19	19	20	26	

14	16	19	26	22	30	15	15	27	

24	22	16	23	27	28	24	14	18	

18	23	26	12	18	10	29	16	18	

25	14	28	23	30	15	26	19	13	

13	20	14	18	24	24	22	22	13	

17	13	13	18	18	15	17	28	12	

14	13	16	27	11	12	27	25	10	

22	28	24	14	26	24	12	10	25	

16	21	10	18	15	26	25	24	30	

14	13	11	30	24	19	18	13	16	

10	29	22	26	30	25	29	16	24	

23	13	30	28	20	25	10	23	10	

14	15	26	11	14	22	11	15	28	

28	22	26	15	18	13	13	14	20	

11	28	13	10	30	26	17	19	15	

10	12	22	17	27	28	24	18	27	

14	19	27	16	14	12	17	12	23	

21	26	19	26	28	16	24	14	14	

17	28	21	16	25	21	10	11	25	

16	13	13	13	21	30	15	18	20	

16	18	26	29	18	13	15	23	24	

12	28	20	29	30	26	22	22	15	

12	24	14	22	13	11	11	18	25	

20	12	27	19	14	26	19	28	27	

27	10	19	21	13	14	15	10	25	

13	23	21	25	18	15	16	21	18	

19	20	27	26	27	29	23	13	29	

20	25	10	25	17	22	16	18	16	

22	19	26	16	24	30	25	28	11	

12	23	21	28	11	11	29	18	10	

12	11	15	11	13	27	20	15	10	

18	17	18	27	28	22	20	23	30	

21	16	21	17	29	19	14	10	24	

10	26	24	14	23	30	23	20	23	

13	22	20	24	19	28	10	10	17	

21	11	10	28	28	17	14	27	10	

18	14	26	27	21	18	10	26	12	

21	15	27	15	29	20	24	27	16	

12	12	26	19	20	20	28	26	23	

27	30	28	20	15	30	21	20	25	

15	30	29	11	28	30	23	15	21	

12	24	10	30	18	15	30	20	23	

21	13	22	24	26	22	29	28	16	

20	21	10	20	22	17	18	16	26	

17	17	29	16	16	17	22	27	23	

20	22	23	19	22	16	28	12	24	

21	30	14	11	29	10	22	12	28	

10	13	30	18	29	26	18	11	21	

13	13	27	10	17	28	27	28	22	

19	10	28	21	28	22	19	18	10	

24	18	10	16	24	12	16	30	22	

24	25	12	27	25	12	22	14	11	

12	15	28	28	11	19	14	10	20	

20	28	21	19	22	27	23	24	23	

23	12	22	11	14	21	24	17	28	

15	26	12	20	20	11	28	12	18	

17	24	29	12	15	17	21	23	12	

26	12	18	28	23	10	26	16	25	

25	16	11	30	17	18	28	30	13	

18	30	27	16	10	28	19	28	13	

16	12	16	27	29	19	21	11	17	

30	27	21	21	27	25	28	22	14	

23	14	18	30	19	29	29	22	16	

20	27	19	12	25	27	14	29	10	

11	20	23	23	29	19	19	12	25	

25	18	22	17	22	27	28	16	18	

17	15	22	24	18	20	18	13	29	

14	21	24	15	15	11	29	18	29	

18	13	16	10	17	19	10	20	19	

12	19	20	13	25	13	27	20	15	

16	27	28	24	28	12	27	29	30	

29	22	21	10	25	17	21	16	18	

16	14	30	18	20	16	15	11	23	

28	21	22	15	11	30	14	30	18	

20	29	14	23	20	25	30	26	10	

28	22	26	30	22	25	24	16	28	

25	20	13	19	20	16	16	26	12	

28	26	30	19	28	29	22	27	21	

23	25	17	21	29	15	24	19	20	

26	14	17	10	16	11	15	16	16	

17	18	11	30	15	12	10	15	24	

21	26	10	14	17	15	10	29	15	

23	15	12	22	13	27	23	28	11	

17	25	18	24	29	17	10	30	15	

12	17	19	17	30	25	28	30	16	

16	18	30	17	11	17	16	11	19	

18	24	11	20	14	29	21	21	27	

25	14	29	24	24	23	28	26	22	

26	14	29	29	14	11	10	26	29	

15	22	19	17	11	14	10	15	12	

30	24	11	19	28	19	13	13	11	

24	17	17	15	29	14	28	12	16	

23	23	10	30	28	27	30	25	10	

27	28	20	19	22	16	11	19	17	

16	19	14	22	16	21	17	14	26	

20	29	20	15	22	23	21	30	20	

24	10	28	15	16	15	28	21	30	

29	10	27	16	13	27	10	25	10	

26	27	15	11	17	20	26	14	27	

22	17	23	29	16	17	16	12	27	

25	22	20	29	23	15	21	22	18	

30	21	11	14	20	17	27	21	30	

16	25	10	11	15	18	28	14	23	

19	25	12	17	21	11	11	28	15	

24	20	21	25	26	20	15	15	28	

28	23	23	15	28	23	12	22	29	

26	15	13	10	19	14	23	16	17	

15	26	21	30	12	19	23	14	28	

21	11	15	18	24	17	26	18	19	

19	24	16	13	25	22	11	17	14	

21	27	21	26	13	10	21	25	15	

26	29	14	14	15	11	15	27	27	

30	16	23	25	18	24	25	28	15	

24	23	19	19	20	30	18	25	30	

20	25	20	22	24	23	20	26	18	

28	27	29	13	15	23	24	13	24	

25	20	18	27	11	19	15	28	24	

11	29	23	23	19	30	19	28	10	

18	20	12	14	24	15	19	24	29	

12	10	19	27	27	25	30	25	16	

29	12	28	13	20	15	27	23	24	

13	22	20	10	13	12	30	13	27	

25	10	14	28	30	22	14	11	23	

29	25	15	30	15	16	23	18	16	

26	16	17	14	15	28	20	11	14	

23	17	12	25	19	29	20	19	21	

16	28	15	15	23	19	18	25	17	

22	17	10	19	17	12	30	22	12	

18	25	16	17	16	16	19	23	28	

25	25	17	29	19	18	22	14	17	

27	15	21	14	26	27	20	21	19	

28	30	10	20	14	23	30	30	22	

14	18	26	14	13	19	24	19	15	

23	30	22	24	27	20	12	25	22	

23	24	12	28	12	29	23	20	22	

27	23	29	12	13	27	29	18	16	

12	12	27	23	17	20	19	15	14	

19	19	11	17	25	28	29	22	20	

15	28	22	12	28	30	30	18	22	

20	10	26	18	15	13	26	19	23	

12	14	22	15	29	23	19	21	16	

20	19	20	23	18	27	19	10	17	

25	22	25	14	27	24	30	24	23	

21	30	26	23	24	27	30	17	16	

19	17	29	18	28	29	15	19	25	

18	26	10	19	25	28	12	24	25	

14	11	19	19	27	21	24	28	27	

24	24	21	15	24	26	23	29	23	

30	28	25	27	11	13	28	30	27	

19	16	19	18	12	15	24	15	28	

28	24	23	10	22	28	10	17	17	

10	13	13	14	27	13	30	22	10	

21	27	11	14	29	10	12	22	15	

18	13	11	23	24	15	13	29	20	

17	25	28	14	20	12	18	29	29	

12	15	24	11	15	15	22	19	24	

16	24	21	15	12	28	10	16	10	

13	21	30	22	12	18	10	25	29	

28	29	22	24	23	10	22	15	16	

17	24	26	24	28	21	29	27	16	

24	15	15	30	21	16	13	21	16	

13	28	21	28	23	10	21	30	30	

20	16	19	10	11	27	13	10	14	

18	10	19	20	28	28	10	24	12	

12	13	30	23	19	23	28	19	22	

11	11	29	21	14	18	28	30	18	

17	15	16	26	17	13	14	11	15	

14	29	21	27	14	26	11	12	25	

13	19	30	27	15	20	16	30	12	

28	15	10	27	24	23	22	16	29	

30	19	14	22	20	11	22	24	20	

11	26	28	20	20	26	12	12	24	

25	23	16	10	17	14	27	21	20	

13	20	20	25	17	24	22	20	23	

19	29	20	22	10	25	26	12	12	

27	16	25	24	16	18	27	28	28	

14	14	26	23	23	13	19	11	25	

16	16	18	21	16	29	22	11	15	

15	29	18	22	30	28	15	11	21	

26	13	22	21	30	24	29	24	22	

17	24	27	19	24	20	14	19	27	

30	12	25	19	19	19	18	11	11	

25	11	23	16	12	14	20	18	14	

22	19	28	11	16	14	29	20	22	

22	24	18	20	23	26	28	24	16	

20	15	28	29	26	23	27	14	30	

23	16	23	25	20	30	15	11	18	

19	27	26	20	26	20	29	15	16	

11	21	17	13	23	11	19	10	19	

21	14	18	17	24	27	18	24	26	

16	28	24	28	18	30	10	23	18	

24	28	22	18	11	15	22	10	17	

23	28	10	26	26	29	26	27	18	

24	10	15	17	11	21	30	22	12	

27	11	21	27	12	11	10	25	21	

29	30	18	10	15	18	18	22	14	

17	23	24	20	16	17	20	10	12	

11	25	22	19	26	15	27	27	19	

28	29	19	13	16	15	24	17	17	

15	15	25	12	24	22	18	30	27	

17	21	14	18	14	13	11	12	17	

25	26	28	16	10	28	18	22	11	

11	25	15	18	18	17	11	17	23	

20	29	17	22	29	12	28	16	30	

14	12	26	20	12	22	14	11	21	

26	26	23	16	17	28	29	10	28	

28	17	10	29	25	14	17	14	16	

24	11	27	17	23	30	23	28	15	

22	19	21	27	11	28	22	21	12	

25	24	20	18	24	12	15	25	21	

10	13	26	17	28	12	22	29	26	

17	11	29	22	18	18	11	10	13	

17	30	25	10	23	19	21	11	16	

12	26	26	19	25	10	15	17	10	

27	22	13	14	27	23	17	23	18	

23	12	20	17	17	15	21	15	18	

13	11	10	26	21	24	16	20	27	

18	29	14	17	30	26	18	29	15	

29	28	24	23	28	18	24	14	25	

17	13	11	19	13	16	16	29	26	

18	11	30	30	21	11	19	16	10	

12	10	19	16	24	19	16	21	19	

10	11	18	13	11	19	13	19	12	

21	23	27	28	11	13	19	17	13	

20	20	30	19	29	24	27	15	30	

28	25	19	24	11	30	18	27	26	

28	19	18	11	11	20	27	30	29	

26	29	26	28	16	12	11	15	21	

27	19	14	21	15	30	30	10	25	

14	14	22	29	30	26	28	17	19	

26	23	27	14	20	30	18	19	24	

15	11	22	28	25	27	16	14	14	

26	30	18	23	21	14	22	29	20	

26	10	12	18	10	11	21	21	26	

28	13	26	12	21	30	13	30	15	

11	13	28	25	20	30	18	30	10	

13	22	29	26	23	22	30	16	17	

24	19	23	14	12	22	30	11	16	

11	23	29	25	20	17	17	17	28	

25	18	22	29	10	20	21	26	11	

21	26	21	27	13	30	10	29	18	

22	10	12	26	23	29	20	26	29	

29	16	30	10	22	10	12	21	11	

23	19	16	16	12	21	27	20	23	

19	19	19	19	21	27	14	30	17	

19	12	27	26	29	13	20	22	28	

11	16	19	22	19	29	11	26	10	

12	27	10	16	20	26	12	10	20	

11	17	17	17	10	23	29	28	19	

10	23	21	13	29	19	19	24	10	

19	15	23	11	19	15	14	26	11	

21	18	20	22	20	20	17	24	14	

22	13	23	22	20	13	10	24	18	

26	14	28	12	26	14	18	30	14	

24	20	29	21	12	24	25	13	28	

11	29	19	17	29	29	16	25	11	

30	17	22	22	27	23	25	28	20	

27	12	11	14	28	19	22	11	18	

25	15	21	24	14	29	27	23	14	

28	24	20	21	24	11	10	30	18	

10	19	30	28	19	13	13	25	24	

23	11	21	22	25	11	26	29	11	

18	20	29	15	25	20	15	12	28	

22	17	30	18	14	15	22	22	14	

22	12	27	12	12	28	14	28	20	

19	21	30	16	15	17	14	21	19	

20	12	29	29	12	27	11	27	19	

15	15	13	18	25	13	27	12	23	

18	28	26	20	28	10	13	24	29	

28	25	21	28	23	29	12	27	29	

22	16	29	30	27	23	13	28	29	

16	19	15	18	16	13	19	18	11	

22	20	12	16	22	26	10	20	27	

14	11	11	24	13	19	24	14	27	

26	24	20	22	24	18	12	22	19	

21	18	26	13	21	12	20	11	24	

26	13	16	25	14	27	29	21	29	

28	14	27	20	22	13	12	30	22	

19	19	11	28	22	11	19	16	17	

26	30	23	16	12	29	25	14	16	

11	15	11	24	15	15	21	14	26	

10	23	14	22	30	11	20	20	27	

18	15	27	16	23	14	18	30	28	

26	12	27	15	28	17	15	12	30	

10	27	21	20	20	19	24	12	20	

18	27	29	22	15	18	12	21	23	

15	29	11	14	30	14	20	28	12	

29	27	14	13	18	25	22	26	17	

18	25	10	21	14	20	24	27	15	

19	30	13	18	24	24	18	12	10	

27	25	10	30	23	27	21	30	10	

19	16	24	20	27	24	18	14	25	

14	26	23	16	20	30	14	10	16	

10	22	29	17	27	28	27	25	15	

24	26	30	17	28	30	25	30	30	

17	12	23	11	21	26	14	17	27	

18	27	17	29	21	14	14	17	16	

19	29	29	11	24	12	26	29	13	

17	11	12	12	26	10	10	23	21	

30	17	14	11	26	17	30	16	29	

19	13	28	26	14	15	15	20	12	

23	28	19	13	13	25	20	14	18	

24	24	15	27	26	29	18	16	19	

23	25	26	13	14	22	16	16	17	

26	16	18	29	10	17	18	17	11	

11	26	29	16	17	25	20	28	21	

29	23	21	28	28	27	23	19	17	

25	12	21	21	20	15	22	23	21	

15	15	26	27	20	16	21	22	19	

25	23	28	10	17	21	12	21	12	

25	22	28	25	10	14	25	17	21	

12	27	11	11	12	21	30	30	12	

16	22	12	15	13	29	12	23	17	

14	26	21	16	13	27	21	23	20	

30	26	24	30	12	27	12	22	10	

27	15	23	20	28	21	25	20	13	

27	20	20	14	12	15	15	14	22	

10	20	20	13	10	10	30	25	11	

11	24	14	29	28	30	30	11	24	

13	20	25	18	16	21	10	27	19	

21	11	22	13	16	12	21	13	29	

15	17	15	10	30	17	29	16	23	

26	15	16	13	19	12	13	22	18	

10	26	26	11	20	24	12	18	13	

16	13	15	16	20	27	21	20	18	

24	27	25	22	13	20	10	27	28	

21	29	11	17	20	21	30	19	11	

12	12	18	16	28	11	24	17	19	

15	14	15	11	11	15	28	27	14	

11	21	21	14	14	11	18	24	27	

16	28	11	11	12	27	25	18	17	

23	26	29	29	23	14	11	21	13	

20	16	14	22	27	21	26	23	27	

28	16	15	28	24	13	13	10	25	

21	25	20	19	22	25	23	20	12	

20	15	15	15	29	29	24	21	25	

23	21	27	15	28	26	11	28	23	

11	26	29	12	29	12	20	26	12	

14	26	28	11	16	19	25	19	27	

19	30	27	17	10	17	11	17	24	

10	19	22	12	19	27	18	26	11	

16	11	28	18	10	14	23	13	24	

28	18	25	27	13	11	10	12	26	

16	19	21	23	21	18	20	23	30	

19	10	12	20	28	22	14	20	29	

21	21	11	16	27	24	26	12	23	

14	17	20	22	13	30	20	21	23	

27	21	10	28	16	29	26	15	10	

18	16	20	29	23	23	11	24	15	

24	17	26	30	18	23	26	17	12	

19	25	27	19	23	19	26	15	16	

22	23	20	21	10	23	19	18	29	

26	17	22	23	25	21	18	29	28	

15	25	21	14	15	30	11	23	19	

24	28	24	30	25	11	13	26	16	

25	19	10	27	26	13	17	23	27	

13	11	18	29	27	19	10	16	20	

16	23	30	12	24	10	19	23	30	

19	26	27	14	12	28	14	25	22	

22	11	30	24	26	11	25	28	13	

17	12	12	26	16	21	26	28	18	

21	21	11	13	25	27	30	29	11	

17	13	23	16	11	23	19	28	17	

17	16	12	19	26	25	17	23	18	

27	23	11	18	25	22	13	23	25	

11	19	28	16	24	20	15	25	28	

29	12	19	24	17	10	27	18	22	

25	15	13	24	30	25	28	11	14	

28	18	21	25	11	30	22	16	30	

20	27	15	13	16	25	11	21	15	

21	19	22	27	18	16	22	28	20	

14	13	30	20	21	27	26	26	17	

30	24	15	22	21	25	28	14	29	

21	17	27	29	12	19	18	24	15	

21	21	18	28	15	11	12	20	15	

26	18	30	12	25	30	30	13	18	

15	27	26	11	25	24	13	14	26	

28	27	21	20	22	27	15	17	12	

12	21	29	15	13	30	29	25	21	

14	24	19	29	30	17	14	25	23	

23	21	14	18	11	22	25	15	27	

15	17	16	13	10	24	29	10	30	

25	14	26	13	20	18	19	19	10	

17	29	23	21	21	14	30	22	11	

16	20	13	28	14	25	27	12	10	

14	16	16	22	26	16	25	23	12	

25	27	12	12	28	17	21	28	15	

28	11	16	13	29	29	27	30	17	

16	17	15	14	23	13	30	26	21	

22	10	29	14	12	20	15	19	22	

23	27	22	19	29	25	19	19	25	

13	20	12	28	28	17	25	12	13	

28	14	21	15	22	15	22	18	14	

12	30	27	13	28	17	28	15	11	

14	24	23	26	14	25	30	14	11	

26	10	11	28	14	14	17	30	24	

16	18	12	19	10	29	24	17	25	

26	10	16	11	25	28	21	16	22	

16	11	25	28	10	18	16	15	23	

16	17	14	19	10	17	24	26	23	

25	21	21	24	28	13	20	18	23	

10	17	13	24	13	11	13	26	26	

17	13	17	14	16	15	25	14	23	

21	10	29	22	12	11	22	24	30	

17	19	30	22	17	14	30	21	16	

24	12	20	20	13	19	26	16	23	

18	12	24	11	24	15	11	29	10	

22	26	22	16	18	29	14	26	27	

20	28	13	17	30	27	28	16	17	

17	28	23	11	15	26	16	20	23	

11	21	10	23	12	23	27	16	13	

28	15	25	10	28	29	24	15	19	

17	13	11	12	13	25	12	13	24	

27	20	17	29	16	23	26	16	25	

28	12	23	19	10	20	18	22	24	

19	10	13	30	11	17	10	29	11	

25	20	14	11	27	14	27	11	17	

15	13	26	13	19	16	25	10	16	

22	20	13	16	14	26	16	15	11	

16	13	29	14	21	23	13	25	15	

10	27	15	27	17	26	17	26	30	

14	24	29	17	12	15	20	18	11	

22	24	12	16	20	20	27	23	16	

23	27	28	24	20	24	20	26	22	

18	27	26	29	27	27	13	21	13	

28	28	27	16	18	28	13	16	29	

17	15	13	24	18	21	29	23	13	

18	23	15	16	12	26	10	26	27	

27	12	21	13	29	17	18	28	18	

13	28	23	21	13	19	19	21	29	

20	12	30	22	26	12	16	20	11	

23	30	29	24	23	28	17	14	30	

30	12	17	24	15	19	12	16	18	

21	12	23	23	16	19	12	26	25	

30	29	14	21	29	13	13	28	15	

17	13	25	27	22	19	15	29	17	

24	28	25	30	12	21	28	23	12	

18	21	26	10	27	10	14	30	19	

10	22	15	27	20	30	20	21	23	

21	13	14	15	14	12	26	22	29	

24	28	17	15	23	18	23	17	25	

16	21	13	22	14	20	10	27	21	

29	19	13	22	25	26	11	12	15	

20	17	22	13	27	30	26	10	20	

10	20	20	30	16	13	27	19	12	

28	10	15	25	21	18	21	29	22	

14	21	18	20	21	19	12	17	12	

20	20	28	19	27	13	10	22	25	

23	22	30	16	11	10	12	14	29	

24	14	10	23	23	12	21	22	17	

18	26	22	14	27	18	11	29	22	

11	20	20	10	14	21	26	16	10	

25	21	15	14	14	24	19	26	14	

24	19	23	16	17	22	15	10	23	

12	16	30	16	22	18	27	13	19	

30	15	20	27	15	17	29	14	12	

20	20	25	16	19	15	10	29	27	

25	17	11	14	11	14	21	16	12	

24	12	19	22	16	12	26	30	19	

15	27	15	10	10	13	21	20	21	

24	17	28	17	15	14	30	21	13	

13	10	15	15	27	18	19	18	12	

17	18	20	20	11	20	14	25	14	

18	10	17	29	29	23	17	30	20	

19	23	26	22	26	27	22	19	18	

14	14	28	23	26	18	10	10	25	

21	15	30	15	28	24	18	23	11	

11	15	13	21	18	22	28	28	26	

16	22	24	17	13	13	27	15	25	

16	13	20	25	23	12	17	26	20	

29	25	22	29	20	27	28	26	30	

19	20	13	28	26	16	30	28	26	

23	13	26	30	22	17	22	19	18	

14	26	15	22	29	22	10	10	21	

27	13	18	23	13	11	12	22	28	

27	21	22	26	10	17	15	24	27	

28	21	26	14	29	26	10	14	14	

30	24	19	16	28	20	22	16	15	

25	10	16	16	28	13	21	25	21	

17	11	14	21	26	11	27	19	27	

30	24	22	18	15	16	19	11	22	

28	27	28	11	17	25	17	11	12	

30	13	30	16	20	11	12	12	11	

16	19	18	27	19	11	28	18	10	

21	24	20	26	19	29	22	17	18	

19	24	21	18	16	26	24	26	29	

12	27	12	22	19	18	10	21	25	

30	28	19	20	17	22	25	16	24	

23	27	19	30	18	20	19	26	16	

17	30	20	16	28	26	16	24	10	

24	17	21	27	13	19	27	10	25	

13	21	12	11	25	17	26	19	20	

27	24	16	24	14	12	17	25	25	

22	19	25	30	19	14	26	30	11	

20	23	16	27	10	18	10	18	17	

19	24	24	14	19	21	25	14	17	

17	29	30	15	26	19	30	24	18	

28	15	27	24	11	12	16	14	19	

22	22	27	16	26	25	11	28	25	

25	13	17	28	16	20	27	28	18	

16	12	21	20	19	14	22	21	23	

30	19	23	19	22	30	20	30	21	

26	23	16	16	12	25	19	19	26	

15	30	27	24	20	13	16	21	18	

10	17	10	28	10	12	12	24	28	

18	26	26	25	23	13	20	23	20	

22	22	23	15	14	13	10	12	30	

21	10	20	28	12	14	12	11	18	

26	25	26	25	25	24	26	22	22	

21	14	14	16	16	15	17	10	19	

29	24	16	24	24	12	20	25	20	

22	19	12	16	19	21	29	17	18	

20	23	24	14	27	22	10	23	16	

10	22	18	10	14	16	29	18	23	

12	10	27	22	17	12	21	14	29	

26	16	19	28	14	22	12	17	26	

16	13	24	30	30	16	27	15	20	

20	14	19	20	14	28	13	29	11	

11	12	25	20	12	14	23	14	10	

10	26	19	19	14	19	12	14	27	

18	10	28	27	29	28	22	22	29	

11	14	20	12	19	30	12	26	13	

24	18	30	10	11	28	30	27	29	

25	26	24	27	17	15	23	27	25	

13	23	30	23	10	12	22	21	13	

19	12	16	21	19	10	28	21	10	

27	12	21	11	24	10	25	19	18	

27	20	13	30	29	20	30	14	29	

13	26	26	25	29	23	27	30	12	

10	26	15	15	30	16	15	14	25	

19	10	27	29	23	30	29	18	17	

29	20	19	20	25	10	21	13	13	

15	24	24	20	15	30	26	14	24	

11	28	29	23	13	23	20	11	12	

18	28	15	11	14	13	15	13	13	

14	28	23	29	13	26	18	25	11	

14	10	22	18	22	10	18	26	22	

11	21	23	13	19	12	11	21	19	

16	10	23	30	19	27	16	24	12	

10	13	22	25	27	13	12	20	11	

14	23	26	30	29	14	16	11	21	

12	15	19	25	17	28	21	13	21	

16	25	30	15	25	21	26	23	25	

30	17	30	15	21	12	14	17	19	

23	30	12	20	23	24	30	17	14	

16	22	24	15	12	28	25	12	26	

22	12	15	11	25	24	28	28	17	

30	18	16	19	29	18	29	10	20	

28	28	28	29	21	29	14	15	11	

26	18	15	14	18	19	24	21	15	

25	10	10	27	15	24	22	28	13	

11	22	16	24	29	14	27	15	22	

28	18	30	16	13	18	21	23	10	

23	14	20	27	23	30	16	28	23	

23	15	25	29	10	12	11	12	21	

18	13	21	11	23	23	22	19	18	

30	16	17	12	23	24	27	28	14	

30	29	29	27	15	30	12	22	14	

11	15	28	25	15	23	24	18	27	

19	19	11	16	22	12	24	17	28	

28	16	18	16	30	25	25	25	26	

21	15	13	12	18	15	18	22	28	

29	22	25	18	24	29	21	29	27	

19	11	28	21	18	30	10	30	26	

26	18	30	11	15	26	22	17	28	

10	12	18	14	24	17	20	11	26	

30	14	19	19	16	27	17	22	13	

27	24	27	13	10	11	29	14	16	

25	11	25	21	29	10	28	15	17	

22	20	21	19	19	27	23	28	27	

12	12	29	21	17	27	28	11	26	

14	25	10	23	20	19	11	21	21	

23	29	28	18	15	13	25	20	28	

16	12	18	22	14	15	24	18	18	

18	14	23	24	20	29	23	28	15	

12	28	26	26	28	16	14	14	24	

25	30	25	27	17	10	17	18	22	

11	23	12	17	17	27	20	28	18	

15	20	20	15	18	27	22	16	19	

23	22	20	16	26	24	12	10	13	

27	21	22	11	29	14	30	10	10	

14	15	13	18	18	15	28	10	23	

23	29	23	23	15	29	25	17	22	

20	26	26	17	16	24	17	14	26	

11	16	15	19	29	22	17	21	18	

12	17	14	29	24	14	22	10	29	

30	20	10	15	12	28	20	10	19	

26	30	28	13	19	23	15	18	14	

23	21	10	28	29	21	12	29	23	

13	30	10	29	12	20	29	17	29	

16	22	17	27	22	15	11	24	25	

14	19	20	20	29	28	29	25	24	

16	21	12	21	16	20	22	22	29	

14	28	12	29	28	26	29	15	25	

22	24	27	23	20	14	15	28	26	

16	17	22	25	24	25	18	16	28	

22	30	18	30	28	29	22	19	24	

27	13	17	21	11	24	10	29	20	

13	28	16	21	14	28	11	14	22	

24	12	13	26	20	11	10	26	20	

10	10	19	17	10	27	17	24	11	

22	20	14	18	16	29	14	27	18	

24	14	20	25	13	24	20	14	14	

29	22	15	28	13	25	21	17	10	

11	17	19	11	24	12	17	11	29	

30	17	27	23	29	23	12	15	27	

30	12	25	17	17	24	11	18	23	

29	12	28	10	29	20	21	21	25	

22	21	21	15	14	29	17	27	14	

22	11	26	17	15	26	24	29	15	

16	13	30	30	23	26	20	20	17	

12	28	19	24	13	20	17	20	17	

25	23	18	28	10	10	11	24	14	

30	11	13	18	11	22	24	10	17	

11	11	19	20	15	29	24	11	22	

14	17	26	27	16	13	18	25	26	

13	21	22	30	24	19	11	21	18	

24	15	19	14	28	17	10	17	26	

28	11	20	12	25	27	29	11	29	

18	10	12	27	10	24	25	19	18	

14	26	16	26	20	19	25	28	21	

10	19	20	22	28	16	21	18	13	

13	14	12	26	29	12	18	24	13	

21	17	24	17	27	10	11	17	27	

13	29	25	24	10	25	12	17	10	

14	15	22	14	24	17	30	11	24	

17	30	14	28	27	29	12	28	15	

15	26	26	18	25	11	14	30	30	

20	30	27	12	16	25	27	18	14	

17	21	13	14	10	21	26	26	28	

13	19	16	24	26	18	25	15	10	

26	29	14	14	30	13	28	11	18	

17	12	10	24	17	16	21	28	23	

21	12	30	17	11	30	22	19	19	

22	20	30	22	27	30	17	26	16	

10	26	15	20	21	17	20	14	12	

26	18	13	15	16	26	26	16	13	

24	15	18	16	26	22	23	26	14	

12	20	24	27	14	28	26	15	22	

26	22	10	19	17	10	15	26	25	

13	28	13	10	28	10	17	23	17	

13	16	20	23	16	14	11	26	29	

17	29	16	18	22	27	30	19	22	

13	26	22	16	28	29	10	24	12	

27	15	18	10	15	29	17	25	26	

22	28	27	26	20	24	22	16	11	

11	13	13	17	28	13	19	19	23	

16	22	27	22	26	18	17	18	17	

19	20	19	12	12	24	25	24	16	

26	26	13	20	24	27	13	11	14	

10	20	16	18	22	15	16	17	11	

29	18	28	18	27	25	10	29	17	

14	19	19	15	16	16	17	27	19	

11	19	19	17	23	27	18	12	22	

11	26	10	28	29	10	12	12	20	

29	21	12	13	29	26	24	20	17	

26	17	15	16	11	15	24	13	14	

28	20	11	29	22	22	24	10	20	

16	12	17	28	30	17	28	11	20	

26	19	23	12	26	30	19	24	24	

24	17	22	17	20	26	16	22	13	

16	20	20	17	12	28	16	15	19	

23	22	18	23	21	21	10	11	29	

23	11	15	18	10	16	25	23	26	

30	18	20	20	29	26	19	11	26	

16	11	10	30	25	25	28	12	27	

21	24	29	29	25	16	26	23	13	

13	22	22	11	22	13	30	28	16	

19	20	14	14	16	11	12	29	24	

11	20	22	16	16	30	29	22	14	

24	22	23	19	16	21	17	25	16	

12	10	10	22	28	22	26	26	21	

24	29	12	23	16	21	23	17	28	

13	24	22	21	13	26	30	27	19	

23	21	25	14	29	28	21	26	23	

20	17	28	30	10	13	27	15	24	

27	12	27	18	27	21	24	25	28	

23	21	12	21	23	24	10	30	14	

10	23	13	24	20	15	18	16	12	

18	13	30	24	30	27	24	23	15	

16	27	23	15	14	14	26	13	13	

19	26	18	18	19	16	28	20	15	

30	16	19	11	23	24	25	13	15	

16	30	27	15	12	16	10	18	23	

19	20	28	30	12	10	28	12	24	

19	15	14	10	16	16	26	21	11	

30	15	20	13	14	19	15	21	28	

25	29	22	10	10	28	26	21	11	

14	30	12	13	16	23	17	12	15	

12	14	15	14	27	24	24	15	13	

10	15	28	21	10	17	14	29	23	

13	16	19	16	24	11	11	17	18	

22	26	30	28	21	17	30	13	13	

26	27	18	13	14	13	24	21	29	

19	18	29	25	12	29	27	14	21	

17	10	17	27	22	11	17	26	24	

26	23	14	13	25	28	19	15	26	

23	21	28	20	20	27	13	15	11	

11	26	28	20	13	22	19	17	12	

19	11	12	13	22	22	17	18	24	

30	13	25	16	20	21	28	28	13	

24	29	14	22	13	16	25	13	12	

23	28	22	28	26	29	26	30	25	

13	25	25	28	30	25	22	12	23	

25	17	17	19	30	20	20	12	29	

19	14	18	26	14	17	25	16	26	

12	27	26	23	15	28	18	14	10	

30	15	28	25	18	20	12	23	25	

22	25	12	24	19	10	22	17	27	

30	16	29	15	23	17	18	29	24	

26	27	21	23	18	13	28	15	19	

13	20	16	17	25	23	15	26	26	

15	18	16	30	11	27	28	11	14	

20	11	11	30	16	21	17	23	19	

23	25	19	27	22	25	16	23	23	

28	28	20	19	18	11	15	12	26	

11	21	19	15	18	17	26	24	12	

10	23	15	16	17	13	13	10	27	

14	26	23	12	14	20	30	29	11	

19	25	14	12	11	10	22	23	27	

29	29	27	11	24	13	25	24	30	

29	13	13	21	18	24	30	22	30	

14	10	26	29	29	21	25	14	19	

13	30	21	14	22	14	27	16	26	

23	10	28	16	23	11	22	30	13	

21	19	29	27	30	23	26	23	18	

12	22	18	15	22	24	27	30	20	

10	30	13	15	17	23	13	10	25	

20	13	18	26	20	17	20	18	20	

15	26	19	26	21	25	15	10	27]	

