n:748	
m:9


W:[7309
7449
7452
7553
7325
7410
7492
7513
7430]


b:[57
52
52
52
76
94
100
76
61
67
68
65
97
55
56
81
58
67
85
86
87
99
81
52
87
89
82
82
60
58
92
54
54
68
61
66
66
73
71
97
95
72
99
77
80
59
60
50
57
57
95
94
61
63
88
60
50
87
80
94
50
64
54
71
86
93
90
50
88
89
59
68
65
51
75
95
64
94
74
80
77
73
74
61
69
84
61
68
93
95
70
67
77
96
78
69
86
56
55
85
56
86
51
58
68
73
79
55
62
95
91
98
56
60
53
91
94
83
74
60
81
53
93
53
88
99
85
62
56
73
98
92
67
60
70
62
72
69
76
90
84
79
74
74
63
94
99
69
89
78
50
85
63
57
59
61
98
74
72
52
63
82
83
63
90
65
65
74
70
60
88
85
61
60
50
87
57
97
58
87
82
78
99
52
85
95
68
93
97
72
83
94
95
52
51
85
65
90
50
69
69
74
78
76
60
91
95
58
76
56
100
91
53
54
83
50
99
59
82
83
80
73
82
85
98
65
85
76
86
70
55
50
62
61
93
90
94
57
96
81
89
94
84
68
54
57
78
99
99
61
85
100
86
51
53
87
99
59
57
59
61
55
81
58
60
52
75
88
62
52
68
86
88
62
96
70
82
79
88
96
69
58
84
69
92
56
83
74
85
75
82
93
92
73
86
52
68
95
62
87
99
87
71
63
96
64
95
51
75
93
63
79
73
67
78
50
82
71
73
60
70
86
99
72
77
77
92
92
100
79
60
69
62
54
79
67
63
95
76
60
70
52
69
72
78
81
94
98
65
82
61
52
77
78
97
88
62
92
91
92
77
75
76
92
86
96
89
73
50
87
73
85
92
51
77
66
60
90
87
93
66
72
56
92
95
68
100
74
53
66
87
78
70
59
99
79
84
60
98
72
97
68
83
80
88
83
60
83
58
84
52
97
88
87
54
63
91
68
63
73
98
80
89
67
81
66
68
82
98
69
56
52
95
81
100
83
88
63
78
97
87
81
68
70
91
57
56
61
76
64
88
59
65
77
93
84
58
72
93
75
79
63
64
93
91
97
92
56
71
59
65
84
69
97
86
98
66
78
60
74
92
77
62
51
61
53
71
80
55
59
66
76
98
85
61
92
98
76
89
60
92
59
76
98
58
84
69
63
99
57
89
59
91
63
61
98
95
95
61
74
88
84
89
75
76
80
97
54
64
98
68
78
66
74
84
93
93
80
63
70
56
88
65
71
65
99
77
72
99
71
74
73
94
97
75
64
56
55
89
90
91
90
52
61
53
94
100
55
73
53
96
77
87
96
90
76
72
60
91
75
57
80
63
95
83
57
92
69
66
72
53
76
53
51
53
62
86
72
68
99
69
81
91
87
53
73
88
66
73
62
98
93
73
53
96
84
73
100
64
72
55
55
95
74
50
81
91
80
64
80
93
79
95
91
56
91
73
95
78
94
53
54
98
79
73
56
94
57
54
86
84
92
83
55
68
71
85
52
57
98
52
89
71
94
61
87
85
73
78
67
83
84
75
64
96
79
76
77
61
56
74
80
71
97
76
97
51
60
100
63
53
94
67
70
78
63
56
55
80
90
95
98
89
74
71
72
81
98
91
76
82
61
96
87
52
70
59
62
56
57
91
52
94
70
81
81
76
55
71
72
63
99
99
80
57
55
58
55
84
98
91
60
55
82
91
50
100
89]


w:[19	27	23	16	15	20	13	11	20	

24	10	17	21	11	30	24	19	20	

13	19	28	12	10	27	19	25	20	

17	15	21	15	21	18	29	26	10	

30	12	13	26	29	12	14	16	15	

23	22	20	25	17	18	22	30	21	

22	20	25	15	17	24	30	12	19	

28	27	17	20	28	27	30	29	14	

21	17	25	16	29	24	20	23	19	

20	19	14	27	12	11	18	20	18	

22	14	18	19	25	22	15	29	17	

29	10	28	16	29	22	18	24	25	

18	23	19	13	16	24	21	15	26	

19	22	21	10	19	18	11	25	20	

25	24	27	30	20	23	19	30	23	

13	24	22	20	13	15	22	25	21	

10	22	11	30	20	24	15	15	17	

14	10	20	28	21	13	18	26	15	

28	22	30	16	22	14	22	18	24	

14	21	12	10	29	15	23	29	14	

17	28	30	22	22	16	16	28	11	

14	30	21	13	16	19	23	18	26	

22	25	30	23	28	30	21	21	29	

16	18	24	29	22	25	19	23	29	

13	23	17	15	11	10	16	15	10	

22	13	26	17	14	20	22	14	20	

19	29	17	15	17	15	10	29	26	

15	10	18	25	16	10	23	20	18	

25	16	29	30	11	25	10	29	26	

13	11	29	12	27	22	28	23	29	

10	15	22	19	21	23	25	18	12	

14	23	20	28	16	29	10	18	29	

10	12	26	14	23	17	24	13	29	

25	24	25	14	16	29	21	18	18	

30	22	10	10	24	14	13	16	11	

19	15	13	29	27	17	12	18	22	

20	22	18	30	22	20	19	25	20	

16	27	17	18	11	28	22	29	16	

20	12	23	26	10	25	19	16	12	

25	20	28	26	10	16	20	13	22	

15	19	11	15	19	23	17	25	14	

26	17	20	29	16	30	23	25	13	

28	20	22	23	20	24	12	14	15	

17	17	23	16	27	21	10	29	24	

20	19	25	28	27	19	25	30	17	

29	19	17	21	20	13	30	11	12	

24	27	26	28	25	23	12	15	26	

15	21	30	24	24	15	22	30	26	

14	17	28	25	12	18	13	10	14	

26	15	16	12	21	21	18	22	10	

18	12	25	19	27	20	16	16	10	

28	19	22	29	26	30	12	28	28	

13	25	14	20	13	24	28	11	17	

23	14	28	15	24	29	21	26	16	

13	28	12	15	29	26	12	28	13	

29	23	27	13	19	28	29	25	20	

13	11	24	28	18	16	15	18	29	

20	19	26	15	26	25	20	17	29	

10	19	26	14	27	11	28	12	24	

30	11	28	13	18	10	26	28	16	

19	14	14	17	27	17	15	11	24	

29	10	18	27	29	27	20	21	10	

13	29	13	10	15	26	19	28	26	

18	20	15	18	17	10	11	16	16	

10	28	13	10	27	19	20	11	25	

20	27	29	13	17	23	28	27	10	

10	22	11	20	17	30	22	30	23	

18	12	17	23	12	26	21	11	21	

18	21	30	20	26	14	26	20	23	

28	26	10	13	16	26	16	20	27	

28	10	24	29	17	25	25	15	26	

15	19	11	17	18	20	17	18	20	

18	14	28	29	23	20	22	21	14	

30	12	13	25	17	18	14	11	13	

16	23	26	16	18	21	22	27	21	

15	16	12	14	22	14	25	29	28	

17	21	19	22	10	11	11	25	23	

20	14	30	10	20	21	25	16	27	

14	29	18	28	13	29	11	15	19	

20	30	17	12	29	19	24	16	16	

29	24	30	24	19	26	14	22	29	

30	23	20	29	16	30	27	21	15	

21	14	12	13	15	16	11	20	30	

16	15	15	30	12	18	21	14	27	

28	18	23	22	29	16	23	11	28	

23	23	23	11	24	16	29	10	25	

11	27	19	19	10	11	23	17	14	

23	27	22	10	12	10	13	29	19	

21	23	11	19	18	12	14	17	16	

12	15	22	10	21	14	22	23	22	

17	21	27	30	21	12	18	29	26	

30	17	29	16	17	25	12	26	22	

21	21	11	24	14	20	14	24	15	

17	21	14	27	18	27	17	17	20	

29	29	23	17	28	10	11	14	12	

12	28	18	25	30	13	10	22	29	

22	13	17	13	13	12	15	20	14	

13	23	13	26	24	20	26	22	16	

29	17	18	26	25	17	29	19	30	

12	16	17	22	21	21	10	30	12	

11	28	17	18	10	22	30	10	22	

14	21	27	30	19	30	14	28	17	

29	28	16	18	29	21	22	25	29	

12	27	18	13	17	13	22	26	19	

12	28	13	20	16	14	27	17	23	

24	19	27	28	14	19	19	23	13	

19	16	25	10	13	19	30	24	11	

29	19	20	17	27	11	26	22	22	

26	10	23	22	29	13	10	16	20	

29	10	14	17	25	29	11	17	18	

14	22	21	21	23	10	18	12	24	

26	14	11	24	12	29	16	16	20	

21	11	17	26	15	30	16	23	23	

11	19	14	29	25	13	22	19	26	

26	10	23	18	25	26	20	25	27	

28	18	23	16	14	12	22	19	16	

26	23	11	27	28	10	12	12	15	

26	22	22	22	23	11	19	13	26	

29	15	16	16	24	22	26	16	25	

23	26	23	18	21	28	18	28	19	

18	30	30	12	15	29	16	14	12	

14	12	25	16	29	21	27	10	27	

30	14	19	13	11	20	13	11	29	

19	12	17	22	10	24	11	29	21	

10	22	19	16	21	17	21	21	26	

21	25	16	18	22	19	28	16	16	

25	17	12	16	14	16	16	27	29	

11	10	24	26	19	18	17	15	21	

15	23	15	16	26	12	20	19	16	

17	12	21	22	15	26	27	20	15	

24	11	24	15	17	22	30	17	10	

15	26	27	22	30	19	24	20	17	

15	22	21	25	22	27	23	10	26	

11	20	13	28	11	29	21	26	22	

12	17	27	22	19	11	23	23	19	

15	23	30	30	28	22	29	19	17	

26	28	21	28	27	11	17	28	28	

30	20	22	22	25	30	10	23	10	

11	10	19	27	26	18	17	19	22	

10	24	25	28	13	14	25	29	23	

21	11	20	22	11	27	20	24	12	

10	20	15	28	12	16	20	23	30	

24	17	26	21	19	12	29	20	14	

20	18	14	15	26	25	25	12	23	

19	12	17	30	11	16	10	20	28	

17	16	11	29	26	11	18	18	16	

27	19	21	19	12	11	27	23	14	

13	19	14	27	27	29	26	29	22	

18	20	14	25	12	14	21	19	20	

23	23	24	19	26	23	30	30	17	

22	11	28	24	22	16	16	25	25	

30	27	28	23	25	28	15	11	30	

27	10	13	13	29	12	22	28	14	

17	15	17	17	15	23	30	21	24	

29	28	23	16	29	19	11	24	27	

14	18	28	28	20	11	13	15	13	

27	30	22	20	27	29	16	18	11	

10	21	15	19	22	19	28	11	11	

30	26	17	28	21	30	30	23	16	

26	24	21	24	16	12	28	23	26	

24	12	30	24	15	11	21	27	13	

22	23	27	29	15	21	23	17	16	

25	26	16	27	24	15	13	27	20	

16	21	13	28	16	16	23	17	20	

29	17	10	18	18	13	17	10	14	

13	16	22	20	15	26	16	19	29	

27	19	12	19	14	19	16	14	12	

30	10	27	12	18	30	23	17	26	

17	18	24	29	26	22	28	25	24	

13	22	16	14	17	19	16	28	17	

10	23	11	16	12	23	11	12	23	

18	29	29	25	22	24	24	21	15	

27	27	16	30	19	13	10	19	22	

11	12	27	22	10	30	28	10	13	

17	15	27	25	19	20	15	26	18	

23	30	19	18	24	26	29	29	27	

19	13	10	13	28	29	22	20	23	

25	23	16	29	26	21	13	13	28	

15	19	15	22	24	15	21	15	25	

16	16	27	21	11	24	10	12	14	

17	18	19	30	10	20	21	13	13	

28	21	10	13	14	25	10	15	25	

17	11	29	27	16	28	29	16	26	

15	28	19	10	11	17	28	29	13	

30	27	22	30	10	10	27	17	15	

15	24	15	13	25	11	12	27	19	

22	26	12	30	18	28	28	26	25	

21	15	25	28	18	16	16	19	28	

13	22	23	28	18	13	18	17	19	

23	15	11	17	26	15	15	29	17	

10	12	24	25	22	25	21	18	11	

27	17	23	13	28	17	23	30	26	

14	12	23	14	23	13	23	16	23	

24	26	13	16	15	20	19	10	10	

28	23	25	13	12	10	11	13	20	

19	22	11	24	25	12	30	18	30	

10	26	20	10	21	24	29	14	16	

17	13	13	25	26	10	18	12	20	

26	13	22	30	19	12	10	24	27	

13	11	28	14	28	21	25	26	16	

18	26	11	23	29	19	13	25	30	

15	27	28	11	25	24	16	22	11	

10	14	16	14	30	30	13	23	22	

24	15	13	22	20	12	23	17	19	

11	25	18	29	25	23	21	16	19	

25	12	24	28	15	12	16	13	19	

17	19	15	18	20	14	26	23	12	

17	18	18	15	14	12	11	28	15	

15	10	22	12	13	17	24	15	16	

29	16	30	27	24	18	16	22	25	

11	12	29	12	18	16	22	29	22	

19	28	14	12	25	10	30	17	12	

13	21	16	17	14	29	16	22	14	

11	10	11	14	10	26	27	19	11	

27	16	25	23	11	11	12	26	10	

19	27	24	30	13	25	28	17	10	

19	20	20	20	20	10	21	13	29	

20	10	20	23	19	10	16	25	26	

29	26	12	24	24	17	19	23	10	

12	10	13	15	20	20	13	21	22	

11	10	15	30	16	24	14	26	18	

22	25	21	14	20	14	14	18	29	

13	26	20	27	10	11	15	18	21	

16	24	24	28	10	27	29	11	25	

25	26	11	27	19	13	18	25	20	

16	23	23	30	18	26	17	25	17	

22	11	12	29	19	10	21	30	18	

11	30	14	18	10	30	26	27	11	

26	15	26	25	26	13	25	29	11	

30	21	11	12	17	14	13	21	29	

13	15	22	26	13	30	10	25	30	

18	11	12	19	22	16	30	28	25	

16	15	20	25	29	15	27	24	25	

17	28	30	28	24	18	18	30	14	

30	26	27	21	12	25	25	24	28	

11	20	24	24	17	26	17	24	19	

27	27	26	24	30	25	30	12	15	

24	23	18	23	11	15	27	17	26	

20	21	17	18	23	26	30	18	26	

12	12	10	30	20	13	12	22	15	

15	13	11	29	13	19	28	21	10	

17	11	19	16	11	14	14	28	14	

16	13	27	13	24	27	27	24	20	

12	10	26	30	24	24	28	25	17	

21	24	18	29	17	13	23	10	18	

26	12	12	21	21	26	14	27	13	

16	14	18	11	15	14	12	28	20	

28	26	22	30	26	23	14	25	20	

29	29	13	16	17	28	22	19	28	

12	25	13	27	18	16	29	18	12	

30	10	16	16	16	29	29	18	17	

27	30	11	25	12	23	21	15	15	

28	20	29	12	29	26	22	11	26	

12	28	14	28	16	19	23	12	15	

25	28	14	25	22	10	12	15	21	

17	13	15	22	14	12	30	20	18	

23	15	15	20	26	30	21	23	20	

27	24	13	18	20	13	14	18	21	

25	21	27	16	27	23	15	23	19	

11	27	18	27	11	11	10	26	30	

20	30	22	13	22	15	27	16	30	

14	21	30	10	19	10	10	29	27	

19	14	15	24	30	10	15	21	26	

26	28	14	15	18	18	22	26	20	

28	17	17	22	12	29	22	22	19	

16	26	23	20	13	21	21	25	23	

11	12	12	17	26	28	26	10	24	

22	27	13	20	15	25	27	21	25	

23	29	12	16	17	11	26	22	12	

24	17	16	18	13	29	12	10	21	

25	15	23	11	21	17	24	16	13	

19	14	10	15	10	21	25	19	20	

21	23	24	29	16	26	17	12	27	

24	19	17	26	18	14	14	28	28	

15	13	15	25	21	15	18	30	26	

19	20	20	16	23	24	29	19	22	

22	25	18	18	13	16	26	12	22	

16	10	25	13	27	10	28	21	22	

20	17	27	11	26	10	15	25	27	

22	29	13	10	18	12	12	19	26	

25	23	18	28	28	28	23	13	10	

12	26	16	25	20	12	16	29	15	

15	26	21	20	12	29	20	29	14	

10	23	17	16	21	11	19	20	30	

15	21	25	30	24	20	23	17	27	

14	15	27	11	23	27	25	21	30	

11	14	28	24	25	20	24	11	15	

10	23	26	19	21	27	22	18	11	

28	14	14	18	18	22	28	11	11	

16	30	12	14	24	14	20	19	29	

27	29	14	21	26	14	13	10	14	

21	30	21	22	30	17	10	23	23	

11	20	23	25	13	27	22	23	27	

12	17	15	18	23	21	25	15	29	

16	10	30	10	27	22	11	13	14	

17	21	17	11	18	13	23	20	12	

27	24	11	28	20	11	15	20	21	

16	24	18	29	11	18	10	28	21	

24	14	19	21	25	16	25	11	20	

23	25	14	24	17	26	24	28	21	

29	16	26	11	24	20	20	26	15	

14	21	10	11	12	13	27	11	16	

20	14	12	13	27	27	25	16	28	

11	26	18	27	14	25	22	24	25	

30	25	30	18	10	12	12	13	26	

20	19	13	11	14	16	30	20	16	

25	23	27	26	27	12	30	10	22	

12	21	27	16	17	23	18	15	20	

29	20	12	23	15	19	23	30	26	

20	15	17	28	10	25	12	18	24	

19	13	20	21	27	13	22	11	28	

13	26	28	24	30	17	18	16	18	

12	27	18	26	16	11	14	26	20	

20	21	15	13	19	23	10	17	11	

12	28	27	21	26	28	28	13	24	

15	13	17	16	27	20	14	14	27	

21	25	21	11	10	25	15	20	29	

23	18	18	12	25	11	29	11	13	

25	30	22	19	21	12	14	24	15	

19	12	20	26	16	27	10	15	13	

21	20	24	11	29	22	29	23	29	

19	11	28	29	13	26	24	23	17	

11	28	25	12	16	10	27	11	29	

22	30	30	17	21	24	24	26	18	

14	19	21	14	27	21	12	10	21	

14	11	16	12	26	18	11	26	16	

21	30	15	15	25	10	29	27	13	

18	19	30	26	16	25	18	16	17	

22	25	25	20	20	11	10	25	27	

27	28	30	21	21	29	26	13	10	

27	19	13	13	20	27	21	11	24	

13	15	21	28	15	21	19	11	23	

24	16	19	12	13	13	30	10	23	

23	19	12	14	15	24	18	21	20	

19	12	20	27	16	19	13	18	10	

21	19	19	11	14	29	18	14	22	

30	21	16	30	13	18	29	15	29	

16	22	25	11	26	14	14	10	28	

14	23	23	23	30	28	19	27	10	

23	27	27	15	11	16	24	22	27	

27	15	29	24	23	13	13	26	12	

15	28	25	16	29	23	26	28	18	

19	23	22	27	14	15	23	22	10	

13	30	15	21	23	30	20	13	14	

21	19	16	26	23	22	29	27	25	

22	19	23	10	17	22	19	24	24	

13	29	23	23	28	30	26	27	23	

14	16	11	11	14	30	20	18	23	

15	22	11	29	30	26	12	23	18	

17	20	30	18	25	30	24	29	17	

28	15	24	25	15	21	15	27	19	

27	27	10	12	29	22	18	14	24	

21	27	10	21	26	12	26	27	21	

28	22	18	23	16	11	10	21	22	

19	12	30	11	13	24	21	25	12	

11	30	24	13	14	19	21	19	27	

30	11	10	12	22	14	13	23	30	

28	29	25	28	29	29	14	23	16	

23	26	26	30	29	14	15	23	18	

27	24	30	13	16	12	16	22	12	

27	17	24	26	18	23	12	28	26	

22	11	12	17	26	16	25	20	30	

16	27	15	11	14	27	16	12	28	

27	20	18	17	19	11	21	15	15	

26	28	21	28	21	27	11	18	12	

16	19	20	29	22	20	14	25	29	

21	16	24	30	24	28	22	25	24	

16	26	26	17	16	14	18	10	20	

15	30	13	23	22	25	18	16	17	

23	27	21	10	16	11	17	23	25	

10	18	25	23	11	23	24	19	27	

14	21	13	14	14	23	25	12	27	

17	10	11	22	18	10	30	19	18	

10	24	22	14	27	16	22	16	13	

12	10	23	20	19	30	20	21	15	

14	22	28	15	21	14	16	30	12	

11	24	20	25	21	29	21	11	24	

12	23	27	18	11	26	28	14	23	

24	28	23	18	16	18	25	16	21	

10	29	20	13	30	27	20	15	19	

17	22	23	19	26	12	12	17	21	

16	16	23	22	17	17	12	30	17	

19	29	15	10	29	21	27	23	17	

24	23	27	20	13	18	25	26	27	

28	26	23	15	13	12	18	12	12	

29	29	17	11	14	23	24	16	29	

29	13	27	24	16	26	12	12	28	

12	13	11	29	15	10	10	22	20	

14	30	10	29	27	10	10	17	26	

28	18	17	24	13	12	24	23	23	

17	22	14	15	10	13	25	16	17	

13	29	17	10	19	28	17	14	26	

25	28	22	18	28	30	20	20	18	

19	20	20	13	11	11	29	21	28	

20	12	19	30	14	24	30	19	10	

29	30	17	19	20	13	16	11	11	

25	17	17	30	14	12	20	13	19	

12	25	23	15	16	17	18	19	20	

10	13	20	16	16	12	21	14	30	

15	23	19	22	13	25	13	19	18	

11	10	17	10	10	28	30	19	18	

24	29	11	29	24	26	12	11	21	

27	15	15	19	19	29	24	13	20	

23	18	27	28	28	15	30	17	26	

12	13	24	29	20	22	24	11	26	

11	29	11	10	25	16	16	23	18	

19	12	17	26	13	16	13	14	28	

14	26	29	25	29	17	13	14	19	

12	13	10	29	26	29	21	16	29	

17	14	14	26	11	23	20	21	10	

13	11	29	29	14	10	14	17	18	

22	15	17	16	26	16	12	16	17	

15	26	23	28	20	25	26	29	21	

20	19	24	16	18	20	30	30	23	

21	13	12	16	15	27	23	11	16	

15	22	20	23	27	20	12	29	11	

16	12	23	18	25	12	22	23	14	

25	25	16	27	20	23	24	28	26	

19	10	26	22	22	24	20	30	26	

26	20	10	14	13	15	15	13	30	

24	18	21	20	25	21	15	15	24	

20	28	19	13	10	16	18	27	17	

18	22	29	28	16	21	19	20	18	

11	29	18	12	23	27	17	30	10	

15	18	26	16	29	24	19	16	17	

11	18	19	13	21	16	28	10	13	

12	16	24	21	19	30	24	13	25	

16	30	30	22	25	29	17	30	16	

20	13	28	15	18	18	10	22	17	

20	18	17	13	18	18	21	27	10	

14	14	24	10	18	23	29	30	10	

20	27	21	14	26	20	13	21	10	

28	24	14	20	16	30	21	28	10	

13	17	30	20	29	25	28	15	14	

30	14	28	14	11	15	11	14	13	

16	25	14	26	19	11	19	13	24	

26	21	22	20	15	30	16	30	21	

29	10	12	24	20	27	25	26	12	

11	14	21	11	27	18	22	20	24	

12	25	12	15	28	16	17	28	18	

13	19	20	28	28	29	11	17	24	

24	26	21	27	21	22	30	22	21	

25	17	29	27	10	14	29	13	12	

13	23	15	18	12	14	26	22	25	

23	14	11	29	19	30	12	11	18	

11	30	18	11	30	10	17	26	17	

17	25	16	18	29	24	10	13	11	

19	15	15	18	30	16	25	15	14	

26	10	10	20	20	23	28	10	20	

23	10	19	10	14	17	14	20	28	

13	10	26	20	10	20	12	17	19	

24	30	11	10	25	23	12	15	20	

25	21	30	24	14	29	30	17	16	

18	30	11	28	14	17	22	11	14	

10	28	23	23	16	28	22	13	28	

22	11	22	18	18	16	16	20	15	

23	20	16	15	14	24	30	29	29	

26	17	24	18	18	24	13	18	23	

13	23	10	29	23	23	13	19	24	

30	16	22	18	17	25	10	28	12	

27	22	13	17	13	24	24	11	25	

11	14	11	14	13	23	20	15	16	

21	23	30	21	26	16	15	23	15	

22	26	26	27	26	15	12	12	10	

28	30	19	23	29	11	27	30	23	

12	19	15	15	19	17	20	29	30	

15	18	19	28	14	18	21	13	17	

16	26	25	24	23	20	22	16	28	

12	21	27	22	13	28	20	29	13	

23	20	10	10	23	27	12	29	12	

19	12	23	12	27	25	20	29	10	

13	29	28	11	22	29	19	11	14	

15	11	29	22	15	27	24	24	23	

12	28	20	29	10	21	23	30	26	

16	23	23	11	22	29	17	25	22	

17	23	11	17	16	30	23	26	16	

11	13	24	10	20	16	28	27	19	

24	27	23	27	21	26	21	18	29	

28	30	11	26	26	23	18	14	18	

13	20	19	22	20	24	30	11	25	

26	16	12	29	10	12	13	28	13	

22	23	29	24	25	22	12	20	11	

22	27	22	19	21	26	24	17	16	

10	28	29	13	14	16	21	29	22	

15	15	13	30	22	14	30	22	13	

10	14	25	15	19	18	27	19	13	

11	28	29	14	20	25	14	23	10	

21	27	17	12	12	27	28	28	17	

30	11	10	28	16	14	23	30	30	

16	16	11	26	23	29	12	15	25	

16	19	13	15	27	10	24	18	15	

10	28	29	27	10	26	15	27	20	

20	21	25	21	20	10	11	24	22	

18	11	21	14	14	28	10	20	15	

30	21	15	30	21	13	21	24	26	

30	27	19	15	22	15	15	18	16	

10	13	16	27	18	11	15	15	11	

25	30	18	20	24	25	16	15	18	

20	30	15	23	23	20	17	27	25	

24	16	23	30	28	24	23	17	25	

21	25	19	23	22	11	12	17	19	

12	27	28	19	17	26	29	26	21	

21	26	24	12	12	30	20	23	23	

22	24	17	11	14	26	21	18	28	

29	28	26	28	28	14	15	13	24	

15	20	27	23	27	24	25	11	28	

17	24	16	30	26	14	19	11	16	

14	17	20	27	11	16	19	11	15	

24	11	24	13	26	20	27	16	29	

27	27	10	11	26	24	12	14	28	

13	11	29	16	14	21	24	23	22	

13	22	26	29	10	28	13	20	22	

25	22	15	19	27	11	25	28	23	

18	20	21	25	29	19	20	22	22	

20	13	17	25	18	24	16	29	21	

27	26	28	29	28	21	17	26	19	

29	19	12	19	30	19	14	26	12	

28	26	16	23	13	24	10	20	29	

13	21	14	23	19	20	19	21	17	

17	14	19	19	25	20	13	17	28	

12	23	20	12	30	18	16	10	23	

14	10	30	11	22	23	21	18	21	

10	13	13	29	16	14	24	16	30	

30	10	17	29	26	12	29	14	16	

20	10	28	15	27	16	16	30	14	

22	29	16	27	29	13	24	27	25	

12	22	26	11	28	11	17	26	20	

21	13	30	20	10	19	18	17	29	

19	15	14	30	19	25	20	14	22	

24	13	15	24	17	25	27	14	26	

22	26	22	26	20	26	29	20	21	

26	20	12	10	15	26	20	11	29	

13	24	13	13	24	10	10	18	30	

22	13	25	12	16	10	22	21	13	

14	27	12	18	30	14	27	30	20	

24	22	30	15	15	18	11	12	11	

23	18	22	28	15	12	28	15	12	

14	28	10	10	11	14	26	15	20	

17	19	17	19	12	30	29	18	24	

15	18	17	17	14	23	14	18	22	

20	11	27	19	13	26	17	10	26	

28	29	23	16	20	15	23	20	16	

26	30	12	30	27	18	11	14	15	

20	23	24	14	14	12	20	18	20	

30	19	24	17	30	18	15	21	28	

23	21	19	23	17	24	11	22	18	

16	17	19	15	13	10	12	20	20	

20	19	25	17	13	16	13	12	11	

17	24	12	28	14	24	18	26	29	

20	13	26	27	21	12	30	19	11	

29	21	27	11	10	30	29	19	17	

19	17	25	21	17	24	20	22	29	

27	23	30	12	11	27	13	22	25	

29	17	11	10	25	24	23	22	24	

14	23	21	27	22	28	30	27	13	

12	27	23	10	19	15	13	15	15	

26	19	15	20	30	27	23	26	10	

21	13	12	28	20	20	12	16	30	

20	14	27	13	30	12	21	13	24	

18	12	29	27	12	15	11	24	14	

27	14	20	18	23	30	16	18	24	

22	11	26	26	26	11	27	22	10	

25	22	18	13	13	23	22	29	23	

24	25	29	23	27	23	28	30	27	

15	19	12	25	14	21	23	13	10	

23	10	28	19	27	21	18	19	27	

16	29	18	10	12	30	23	18	11	

21	27	30	21	21	17	26	19	14	

30	30	24	28	26	13	12	20	23	

10	30	13	20	23	24	16	15	27	

10	20	10	28	26	20	16	22	12	

14	15	21	21	24	17	25	11	18	

13	15	30	24	11	14	27	23	21	

20	17	15	12	18	21	29	13	12	

30	25	25	13	17	17	10	24	14	

19	18	22	21	12	21	23	16	24	

11	21	12	23	27	21	19	13	30	

26	21	20	12	14	30	18	15	11	

23	10	28	13	28	14	16	14	22	

23	12	16	16	28	27	14	17	18	

22	27	26	13	20	14	30	16	20	

21	21	12	11	13	11	22	13	29	

23	15	27	10	12	19	30	15	11	

18	24	25	26	19	10	14	20	12	

18	30	24	12	11	16	22	27	18	

28	18	10	16	12	27	16	12	29	

11	27	27	12	18	11	29	25	22	

18	27	29	22	30	16	18	17	12	

11	15	25	25	12	10	21	13	26	

25	29	22	27	10	29	12	26	15	

17	16	10	21	11	25	19	21	12	

19	16	20	23	29	24	30	26	19	

16	21	25	25	12	18	17	30	15	

30	12	29	16	17	15	23	20	20	

10	29	27	29	29	15	11	30	16	

17	24	30	14	21	20	24	27	22	

26	24	11	29	18	22	19	18	22	

12	14	10	29	16	12	29	29	15	

18	18	27	21	23	25	30	14	15	

23	17	10	13	24	20	16	17	17	

19	27	18	11	24	12	25	23	20	

21	10	19	30	25	24	29	26	29	

14	23	15	29	28	13	13	17	24	

13	27	30	28	30	27	20	15	11	

11	21	27	22	12	17	28	10	15	

19	13	22	25	20	17	30	10	23	

17	11	17	22	24	15	27	15	10	

28	10	18	22	30	12	27	15	22	

30	29	25	24	13	17	29	17	15	

16	11	11	23	15	30	10	17	20	

20	26	21	11	17	25	13	29	15	

19	10	23	19	20	28	17	21	10	

24	14	24	29	30	14	15	13	28	

14	21	11	30	26	10	26	10	30	

15	24	30	20	17	12	13	23	28	

18	15	13	27	23	18	27	20	26	

23	30	18	19	10	20	22	18	27	

16	30	15	15	14	24	20	14	12	

20	11	28	11	15	27	12	25	27	

16	26	22	16	10	22	13	24	20	

26	21	12	24	14	14	25	12	13	

29	13	15	14	14	20	14	14	14	

23	23	24	18	19	26	25	25	18	

24	26	11	26	21	13	29	22	24	

11	27	15	29	20	29	19	29	17	

24	20	21	21	23	17	15	26	15	

21	16	14	16	12	19	11	17	11	

26	18	27	18	16	22	23	18	13	

24	12	20	26	24	16	25	18	28	

13	23	22	25	23	10	14	12	10	

20	19	20	28	20	19	26	17	24	

14	28	28	26	18	14	21	15	12	

26	13	26	20	27	27	13	21	25	

28	14	26	26	12	21	27	13	19	

17	17	30	13	19	15	19	17	22	

25	11	14	14	11	10	22	30	12	

22	20	13	24	19	11	20	10	18	

22	16	10	18	27	23	13	29	15	

23	11	20	22	15	18	12	11	15	

28	14	23	18	20	25	15	13	10	

28	15	19	10	10	17	28	26	14	

12	17	28	10	26	29	19	16	30	

26	18	30	13	30	15	11	28	13	

18	17	18	27	15	29	23	17	14	

22	28	14	27	18	18	11	14	11	

23	22	13	27	22	10	26	16	23	

21	29	29	24	18	30	19	22	29	

19	11	11	20	19	28	26	16	20	

29	24	29	12	15	24	14	28	17	

17	10	11	14	28	25	18	25	30	

14	22	25	17	13	15	17	26	23	

26	20	27	14	13	24	29	26	21	

25	15	17	12	22	25	25	24	18	

23	29	14	20	11	16	24	29	26	

20	25	20	25	20	20	22	23	29	

18	21	12	12	24	17	20	23	30	

13	25	28	19	22	10	25	25	13	

21	11	16	11	18	21	24	28	13	

13	17	18	25	18	30	19	29	23	

22	16	24	28	27	21	28	28	27	

23	13	16	21	21	27	27	28	28	

15	20	16	22	11	14	23	27	16	

12	10	19	27	25	22	27	25	21	

20	27	17	12	29	12	19	18	29	

21	27	25	18	16	29	14	17	17	

21	25	16	29	24	13	12	19	30	

11	30	18	12	29	21	29	30	23	

26	23	28	11	12	20	14	29	24	

10	13	10	23	18	19	19	24	20	

25	17	26	18	14	20	11	23	14	

29	13	23	12	29	13	16	16	11	

29	20	24	12	22	23	25	29	16	

18	25	21	10	24	17	17	23	28	

21	18	20	29	12	25	25	24	30	

17	24	16	14	15	18	30	23	27	

30	10	18	22	11	14	29	15	10	

20	22	18	12	12	20	29	11	10	

28	30	28	12	19	21	15	18	25	

25	15	13	13	11	25	28	24	16	

10	11	30	25	11	19	22	20	28	

14	15	10	20	20	18	26	27	14	

12	14	14	30	12	12	27	21	15	

24	23	25	27	30	10	26	24	28	

15	21	18	24	30	11	22	12	28	

22	16	27	18	17	30	11	21	11	

11	12	26	29	12	13	18	27	21	

22	13	12	30	30	20	26	26	17	

12	11	28	10	11	27	15	19	24	

10	21	28	14	26	15	15	19	29	

16	25	24	20	13	11	20	23	13	

30	29	18	23	30	29	11	28	13	

17	13	20	27	18	12	16	14	13	

12	12	30	11	20	18	22	25	10	

29	25	30	28	22	16	15	14	18	

29	25	22	19	30	19	23	25	30	

24	27	16	19	24	22	19	27	16	

20	28	11	14	11	16	10	26	23	

14	18	15	25	29	18	26	30	11	

28	20	22	30	29	24	12	28	29	

22	27	25	28	15	19	25	11	29	

25	27	27	12	11	21	16	12	19	

18	17	13	30	23	24	18	10	15	

11	29	22	22	29	29	23	13	13	

21	20	16	25	22	27	13	15	16	

11	12	13	21	10	29	28	15	26	

25	17	12	27	10	18	27	25	15	

14	24	19	18	19	13	18	21	14	

16	14	23	17	12	22	17	24	12	

19	18	19	14	16	16	20	27	13	

21	17	18	22	30	17	18	28	15	

10	21	21	10	27	30	26	28	14	

19	27	25	19	12	28	22	14	17	

30	28	23	14	28	21	21	14	24	

19	27	15	15	10	30	21	28	29	

27	24	28	27	30	26	15	11	21	

10	22	13	29	22	15	24	27	13	

10	29	16	17	21	19	10	21	24	

28	10	12	25	11	13	29	24	19	

16	30	14	14	11	22	27	15	30	

15	10	20	18	10	21	27	23	28	

18	29	20	16	29	18	25	21	27	

11	14	25	11	25	21	14	10	24	

22	11	14	10	21	17	21	16	30	

19	20	24	10	10	29	28	10	24	

23	22	10	24	28	23	25	29	25	

17	12	14	20	16	24	18	10	19	

14	20	26	26	14	14	29	27	21	

17	15	14	25	13	30	30	10	28	

22	29	19	23	13	18	25	26	11	

10	14	20	28	22	29	23	30	13	

29	23	22	20	27	21	21	22	11	

24	26	18	30	23	25	11	20	12	

15	23	29	22	12	16	15	30	25	

20	14	19	29	13	26	13	21	21	

26	11	12	27	11	28	22	17	22	

30	20	18	28	10	28	27	23	19	

10	11	24	27	14	21	26	10	25	

15	19	29	18	25	25	30	21	12	

24	15	12	14	22	15	10	26	15	

23	25	12	24	10	28	24	28	16	

12	21	12	19	25	21	23	30	11	

18	21	20	26	18	15	15	27	13	

20	24	27	17	29	12	29	23	21	

19	10	14	26	25	21	19	14	13	

18	14	26	14	16	28	17	14	15	

17	14	28	26	28	10	10	25	14	

22	12	17	28	21	15	24	20	17	

14	29	12	26	15	18	20	22	24]	

