n:166	
m:1


W:[1661]


b:[89
56
72
54
53
60
100
69
64
63
96
73
52
52
90
92
77
76
98
50
77
61
99
87
85
93
91
73
63
76
62
74
51
50
80
59
57
58
69
51
96
91
95
53
78
95
65
57
58
53
98
80
100
91
53
73
50
90
95
52
69
69
54
61
82
80
98
82
68
82
55
95
95
63
64
81
64
61
51
61
66
68
64
65
74
77
84
89
91
72
54
52
76
84
51
90
95
72
78
68
74
85
99
76
92
95
97
56
81
57
89
58
87
93
91
90
66
89
85
74
59
57
90
89
93
63
98
68
50
83
52
69
51
66
98
61
71
85
83
59
84
97
92
98
64
77
55
63
98
50
72
72
74
66
54
68
75
79
84
68
62
87
90
87
53
57]


w:[21	

22	

21	

24	

15	

28	

26	

30	

30	

27	

18	

20	

30	

10	

12	

11	

26	

12	

26	

20	

12	

26	

16	

20	

14	

25	

15	

22	

11	

17	

17	

17	

29	

23	

22	

15	

21	

21	

15	

15	

20	

23	

24	

29	

25	

14	

24	

11	

27	

18	

25	

12	

15	

22	

22	

24	

28	

20	

17	

30	

20	

15	

26	

27	

13	

28	

12	

30	

15	

13	

26	

19	

24	

29	

25	

22	

29	

29	

16	

12	

18	

14	

21	

23	

12	

18	

17	

14	

19	

13	

12	

26	

12	

29	

23	

22	

25	

11	

24	

22	

17	

14	

29	

29	

30	

25	

21	

18	

21	

16	

20	

28	

15	

10	

22	

16	

10	

24	

11	

12	

16	

27	

14	

30	

11	

16	

20	

13	

20	

19	

24	

19	

19	

28	

21	

28	

21	

20	

11	

30	

11	

23	

11	

29	

20	

11	

24	

15	

15	

24	

11	

27	

27	

22	

12	

12	

16	

21	

25	

12	

21	

23	

15	

15	

25	

23]	

