n:594	
m:5


W:[6094
5828
5857
5829
5859]


b:[72
91
82
73
68
55
76
89
82
82
93
55
52
58
79
78
74
85
56
74
51
82
51
84
59
80
95
95
80
86
91
70
52
63
56
63
88
91
95
58
65
80
56
77
96
89
100
95
83
52
62
79
51
51
83
54
96
85
81
62
62
96
78
91
76
53
59
90
84
67
60
85
62
72
67
50
53
56
56
88
99
56
72
53
82
84
98
99
90
79
63
76
79
80
88
74
53
73
62
51
91
81
70
92
53
80
82
82
80
54
63
100
70
79
81
71
51
63
62
91
53
73
81
64
85
94
96
52
77
84
59
66
75
54
57
74
69
65
52
75
74
50
96
76
55
88
70
98
79
75
58
73
61
74
75
60
89
67
50
93
99
84
89
91
99
81
73
57
58
75
61
96
75
58
62
81
61
93
97
92
54
58
83
70
100
82
75
55
94
52
68
58
78
92
68
74
82
61
55
65
64
73
52
53
61
65
100
89
92
98
89
93
88
64
74
52
56
93
56
68
56
73
83
100
81
57
97
92
93
93
61
73
59
81
71
67
76
50
53
98
76
97
70
94
51
53
50
93
73
86
91
83
85
79
72
63
54
78
95
57
74
54
81
79
60
91
68
74
75
66
75
67
58
68
64
76
68
62
82
87
80
71
100
68
62
82
77
81
92
92
74
71
65
70
75
78
57
81
50
86
97
56
54
96
82
99
64
62
100
66
86
52
60
88
68
85
65
61
83
68
67
75
58
65
79
79
78
84
64
54
62
91
58
82
100
93
67
56
61
86
63
69
67
71
74
78
76
55
54
91
59
84
76
90
68
59
74
66
76
95
59
92
91
63
80
50
55
87
89
80
64
95
87
67
54
66
71
95
62
69
99
73
70
70
78
97
80
67
58
95
67
64
73
98
65
70
86
50
83
71
52
89
97
64
70
94
73
81
94
77
53
51
57
82
78
65
70
85
56
73
68
80
57
51
75
64
95
66
74
82
52
61
77
96
51
99
59
66
68
85
82
54
53
91
50
86
56
91
94
86
67
71
75
63
54
69
57
88
58
50
63
88
50
69
62
86
62
98
51
80
62
73
100
94
67
60
68
77
51
73
50
53
82
74
76
74
100
56
53
59
75
77
71
56
82
98
89
62
88
93
70
66
81
84
70
86
98
54
66
70
53
58
62
97
58
79
81
77
52
82
68
97
80
63
77
59
75
78
100
84
60
51
88
73
66
99
90
63
58
85
66
74
57
92
87
67
67
54
66
89
96
95
67
87
60
57
73
58
71
83
97
93
64
64
74
93
85
83
59
60
61
54
51
76
54
62
65
53
90
65
61
80
94
91
93
83
63
52
69
100
84
60
57
70]


w:[17	16	22	23	30	

11	29	15	14	13	

16	21	23	18	20	

15	23	10	20	21	

30	13	13	12	20	

19	23	15	12	15	

23	23	27	29	27	

14	11	23	29	10	

13	13	16	18	29	

25	25	20	19	12	

21	11	20	21	15	

25	17	24	14	27	

13	24	22	27	21	

12	21	25	15	18	

13	18	15	26	29	

16	28	28	24	27	

19	25	19	17	26	

29	21	27	12	15	

28	21	15	18	15	

14	30	11	28	15	

15	21	27	13	19	

30	21	27	21	18	

29	22	19	13	22	

12	12	11	14	30	

23	16	29	24	15	

21	14	29	24	29	

25	21	13	22	23	

30	29	10	29	10	

15	22	17	21	16	

20	17	28	16	16	

15	16	20	22	10	

27	28	21	28	30	

13	12	28	18	11	

26	18	23	24	22	

15	16	24	27	26	

12	28	10	19	26	

25	18	27	14	11	

30	22	14	18	27	

15	25	19	10	22	

22	17	13	28	19	

24	16	22	28	18	

28	21	15	13	18	

29	12	16	25	20	

24	17	16	13	19	

28	21	26	12	25	

21	12	17	25	12	

24	24	28	20	13	

16	25	25	27	12	

15	26	12	18	21	

22	17	18	20	16	

20	28	16	15	21	

10	25	10	25	11	

28	21	25	11	10	

18	25	19	12	15	

28	14	11	30	20	

20	26	29	27	25	

18	17	21	21	16	

27	12	21	21	21	

23	30	12	10	10	

17	11	15	19	30	

23	28	29	14	29	

11	23	26	14	26	

30	14	22	20	10	

10	12	26	19	26	

26	21	29	13	26	

27	30	15	12	18	

27	23	20	28	25	

23	24	23	27	25	

15	24	13	16	30	

26	18	19	26	20	

23	16	19	11	12	

18	18	11	24	20	

11	22	30	14	12	

25	30	24	12	28	

22	25	11	21	14	

14	16	23	19	25	

14	30	10	30	11	

26	14	10	10	17	

19	15	20	26	22	

10	28	19	25	13	

25	10	23	13	21	

23	23	17	29	26	

22	10	29	20	30	

18	23	28	10	29	

28	13	11	24	27	

13	29	24	12	14	

29	20	20	27	28	

25	11	30	13	21	

22	16	22	29	13	

12	17	28	17	26	

21	16	21	18	23	

16	20	18	29	10	

17	19	18	23	28	

23	15	26	19	24	

20	25	19	24	17	

14	25	11	27	17	

28	19	28	30	30	

17	11	22	23	12	

18	13	10	21	17	

13	14	14	18	22	

28	10	23	15	28	

23	10	13	26	28	

10	24	21	22	13	

14	27	21	10	22	

20	25	27	19	15	

27	18	29	14	10	

28	21	21	17	18	

20	17	15	14	29	

24	12	21	20	16	

27	20	15	25	10	

17	14	24	10	11	

19	18	17	28	30	

13	11	13	10	18	

22	21	26	25	20	

11	11	16	10	14	

22	22	17	12	18	

21	10	29	28	22	

19	18	28	14	18	

20	10	16	27	10	

30	23	15	22	10	

21	23	28	16	30	

16	26	22	17	23	

10	20	25	30	20	

18	18	14	11	20	

20	13	13	22	22	

27	27	15	22	19	

30	16	14	26	22	

17	18	25	10	29	

26	18	18	17	22	

28	16	18	16	14	

29	25	30	21	25	

21	11	10	30	25	

20	17	23	23	18	

11	19	27	19	13	

29	13	15	21	26	

13	23	13	15	26	

28	26	26	30	10	

20	23	13	25	30	

24	19	27	18	19	

20	25	13	29	24	

24	27	22	23	25	

11	20	19	10	29	

22	28	19	12	17	

13	20	12	13	24	

11	16	21	24	10	

18	18	25	11	26	

27	14	23	19	14	

20	17	29	26	12	

17	30	15	14	21	

17	15	11	28	20	

26	21	27	12	21	

25	12	11	21	21	

19	11	18	26	13	

22	23	26	25	10	

11	18	24	28	23	

15	14	19	30	15	

26	10	19	10	24	

27	15	12	26	21	

23	14	23	20	22	

26	11	15	14	18	

22	30	20	16	11	

12	18	20	18	10	

10	19	21	23	28	

27	21	15	22	10	

25	28	20	19	14	

21	12	21	22	18	

27	14	12	16	22	

22	17	18	23	28	

22	21	14	16	22	

13	17	15	18	18	

27	21	23	27	11	

16	24	17	11	27	

19	23	14	30	30	

16	12	13	10	11	

29	29	17	28	19	

21	17	29	18	28	

19	20	27	25	26	

27	22	26	21	22	

23	26	23	29	14	

15	11	20	19	16	

16	15	13	11	21	

29	16	14	20	10	

23	11	28	11	20	

27	17	12	15	17	

30	18	21	20	27	

21	24	16	23	10	

22	30	12	27	13	

19	23	16	22	29	

26	15	24	11	22	

20	21	27	29	25	

16	10	17	13	25	

18	30	19	26	29	

23	24	15	23	18	

30	19	28	22	29	

25	10	28	10	13	

28	15	20	22	18	

23	19	15	25	30	

22	15	15	12	26	

18	19	30	24	17	

17	11	29	17	19	

20	13	30	18	29	

27	14	11	24	20	

20	12	12	11	14	

23	13	18	18	16	

21	14	15	17	18	

14	11	23	11	16	

11	10	21	28	23	

18	16	27	16	13	

23	14	28	10	17	

30	20	25	16	10	

21	29	11	19	14	

30	29	11	10	13	

18	15	27	17	22	

12	16	21	23	10	

22	22	16	24	17	

27	28	28	18	27	

24	22	19	13	11	

25	24	11	22	23	

12	21	15	30	21	

26	30	18	15	13	

19	25	11	11	18	

15	26	20	23	11	

22	15	12	12	20	

14	26	13	14	22	

15	10	20	15	18	

12	20	18	22	24	

13	16	10	18	13	

17	12	18	27	24	

19	28	12	15	10	

27	21	18	25	25	

20	19	16	12	10	

17	22	22	14	10	

20	24	11	10	24	

16	16	24	29	30	

23	22	21	19	14	

11	12	24	28	26	

12	25	18	23	12	

19	20	21	30	10	

15	21	29	19	11	

13	19	16	17	13	

18	15	28	25	16	

26	30	28	21	19	

11	21	16	24	16	

30	27	16	11	11	

26	25	14	27	24	

28	28	27	10	24	

28	14	12	25	17	

15	16	19	18	15	

28	27	15	19	29	

25	26	22	15	30	

23	20	11	19	19	

12	27	13	10	14	

21	13	16	12	10	

16	29	12	10	18	

28	23	21	10	17	

27	21	20	17	16	

14	13	15	12	16	

29	20	13	12	18	

13	12	27	11	26	

21	16	18	14	18	

20	26	28	13	15	

12	20	10	14	12	

18	19	29	27	24	

17	22	23	25	15	

13	15	17	25	16	

15	13	13	17	16	

20	28	14	18	23	

25	18	16	22	13	

26	14	27	21	29	

21	25	12	24	22	

26	19	26	25	29	

26	17	16	27	22	

26	22	26	29	12	

29	18	16	14	10	

30	20	17	21	30	

10	17	30	13	18	

19	21	20	26	25	

16	18	10	28	24	

18	24	14	27	21	

30	18	14	21	20	

23	24	18	22	22	

25	25	17	17	21	

24	19	11	12	17	

30	18	15	30	18	

20	17	26	30	18	

29	23	10	24	10	

13	16	21	21	13	

11	26	19	30	22	

25	12	22	20	18	

26	18	16	16	29	

19	24	29	23	28	

23	29	16	24	11	

28	27	19	15	11	

29	17	30	18	16	

15	28	29	26	19	

30	23	26	16	19	

15	24	30	24	10	

10	30	22	24	30	

10	10	14	16	26	

25	10	12	21	28	

19	28	16	29	27	

19	28	26	16	12	

29	29	18	17	10	

21	16	23	10	25	

23	15	17	11	18	

14	27	19	23	16	

22	18	28	17	30	

17	24	12	26	23	

24	11	23	22	25	

21	11	14	26	26	

28	30	13	18	18	

17	12	22	20	25	

25	11	13	21	18	

23	13	27	14	13	

12	26	15	11	17	

20	10	14	11	30	

16	29	12	14	25	

29	25	19	28	14	

25	24	24	13	28	

10	18	27	28	19	

28	18	13	26	26	

18	25	27	28	15	

11	14	13	16	10	

19	24	25	14	27	

21	20	17	26	14	

25	14	15	15	17	

22	23	15	17	26	

26	17	14	28	15	

25	18	10	16	19	

25	26	15	19	21	

20	24	24	30	29	

29	28	16	23	16	

19	25	19	24	26	

25	29	16	18	19	

25	26	14	25	25	

12	21	20	16	29	

11	14	30	10	18	

23	17	23	27	11	

15	20	26	13	10	

14	20	24	14	18	

28	23	27	22	29	

29	17	17	29	27	

29	28	22	15	15	

11	24	13	13	15	

29	27	19	14	26	

16	16	22	26	18	

13	11	12	23	27	

25	22	21	23	15	

18	20	11	10	30	

13	25	10	20	15	

28	19	26	18	22	

30	12	20	29	11	

26	10	26	13	15	

11	28	23	22	24	

15	20	16	12	13	

22	27	14	27	13	

30	13	30	18	21	

13	25	14	25	22	

29	15	30	23	11	

12	27	10	25	17	

19	17	14	17	28	

20	24	25	16	25	

18	25	21	11	17	

14	20	11	30	11	

28	28	28	21	11	

22	11	22	22	25	

13	16	15	22	26	

18	20	16	26	17	

18	12	22	13	25	

11	10	12	15	15	

17	23	28	12	20	

29	16	20	18	15	

11	27	28	25	12	

27	21	19	25	12	

14	28	26	14	30	

25	22	17	12	13	

18	12	15	10	26	

15	28	25	13	24	

21	21	26	13	29	

14	25	28	16	20	

16	18	10	14	14	

17	24	13	19	25	

15	29	18	20	11	

19	15	14	10	25	

27	30	16	11	23	

16	28	27	16	16	

18	14	14	17	12	

15	28	26	27	29	

25	15	20	25	19	

24	30	18	25	16	

12	17	27	25	24	

29	11	14	23	16	

13	24	28	29	14	

22	18	13	28	16	

14	21	14	11	28	

13	29	28	25	26	

22	14	13	25	20	

25	28	18	15	16	

10	21	21	21	24	

13	17	20	27	16	

27	14	11	17	25	

29	28	28	17	18	

23	26	25	13	19	

17	14	11	16	16	

15	14	24	22	30	

21	24	29	16	17	

16	11	29	19	23	

30	20	17	10	22	

11	25	29	30	10	

12	16	12	26	21	

26	29	29	11	15	

22	27	27	24	27	

20	27	29	23	22	

30	11	25	13	17	

24	13	27	15	27	

14	13	18	28	19	

24	16	28	30	22	

10	29	28	19	19	

22	30	27	14	14	

19	12	30	27	16	

29	14	16	30	17	

30	26	24	13	14	

16	20	14	20	18	

18	24	10	15	23	

15	19	14	25	10	

27	21	25	29	10	

22	18	15	10	15	

25	14	20	24	23	

20	11	23	30	23	

19	20	23	28	17	

30	25	26	18	11	

19	27	12	13	17	

29	17	16	24	22	

13	22	23	16	10	

18	24	21	28	29	

16	15	21	16	29	

14	10	23	16	27	

20	20	20	15	22	

18	11	18	10	14	

29	15	26	12	26	

22	17	16	28	11	

27	16	18	12	24	

19	18	13	22	15	

30	14	21	14	21	

28	26	29	19	30	

22	28	20	10	17	

26	10	28	20	26	

25	20	21	12	20	

20	12	12	22	17	

16	16	16	27	19	

12	19	29	28	12	

26	29	17	26	21	

20	18	20	10	12	

10	14	21	27	27	

19	20	29	16	14	

19	12	24	23	20	

30	10	18	26	20	

25	19	11	23	22	

15	30	20	17	17	

22	30	28	11	29	

15	17	17	30	27	

29	20	13	26	20	

28	25	23	24	11	

27	11	21	16	17	

23	14	12	11	29	

21	18	28	17	13	

24	21	11	17	18	

19	27	25	23	21	

22	21	13	14	13	

12	24	10	16	26	

19	19	27	13	13	

20	11	14	28	22	

10	18	25	26	22	

28	25	19	30	19	

12	14	28	14	10	

28	14	10	23	27	

26	28	21	28	27	

25	21	10	28	25	

10	11	14	23	20	

19	19	14	11	22	

28	30	23	23	21	

15	17	17	17	10	

15	24	24	21	29	

28	25	17	22	23	

19	25	24	12	24	

22	21	16	26	28	

13	15	21	14	23	

27	15	22	17	15	

17	15	12	17	16	

28	22	28	27	25	

30	12	21	30	29	

12	14	24	20	26	

17	30	30	30	13	

28	14	27	16	25	

10	19	26	16	15	

10	24	10	19	28	

27	21	23	13	20	

20	29	30	27	13	

28	27	28	12	16	

22	10	27	12	10	

15	28	17	11	23	

13	25	25	27	19	

24	25	15	30	25	

11	27	11	12	30	

16	21	23	13	23	

10	19	23	21	12	

25	12	30	27	11	

28	20	12	15	28	

11	21	26	16	23	

18	22	30	12	20	

20	12	22	12	26	

23	23	27	22	27	

15	17	23	11	18	

27	17	21	12	21	

23	14	14	23	13	

29	19	15	21	30	

24	26	16	28	27	

19	16	23	16	19	

27	25	12	19	12	

20	11	18	11	10	

11	16	17	28	14	

22	21	13	20	14	

22	17	25	10	28	

15	10	16	30	21	

23	12	24	11	30	

24	21	16	30	28	

14	16	16	16	15	

16	27	10	29	13	

29	26	12	13	23	

13	14	16	12	13	

10	12	17	24	11	

11	12	18	26	24	

14	15	15	19	13	

19	17	12	14	17	

19	28	29	14	10	

15	27	12	29	17	

21	30	17	26	16	

27	11	13	19	28	

20	23	21	10	17	

29	10	14	19	27	

24	15	22	23	14	

29	12	19	22	24	

15	27	12	27	11	

12	12	12	20	29	

18	20	17	24	19	

10	25	19	17	12	

22	11	13	18	30	

23	23	23	14	19	

23	18	26	15	21	

12	24	20	15	23	

20	10	16	27	18	

13	16	30	17	28	

14	28	21	30	21	

20	14	27	15	21	

19	19	18	10	29	

22	24	24	15	15	

13	17	10	30	29	

12	22	22	25	20	

24	13	19	13	24	

29	25	29	28	11	

24	29	11	19	20	

28	22	19	15	16	

25	25	29	10	11	

24	22	28	15	28	

30	22	15	21	12	

30	16	29	12	20	

30	20	21	20	23	

26	13	11	14	18	

22	20	13	11	26	

18	13	28	12	12	

10	20	23	20	17	

28	10	10	29	21	

24	24	29	21	15	

12	19	24	11	15	

25	11	13	19	13	

25	30	18	29	17	

24	15	30	16	17	

30	22	30	17	20	

14	20	19	25	16	

12	27	22	30	25	

27	16	30	28	17	

29	18	30	25	28	

20	20	22	16	28	

21	23	12	27	29	

30	25	13	13	22	

13	24	10	22	21	

24	12	30	20	28	

10	25	11	28	23	

13	13	22	21	25	

29	14	29	21	26	

20	11	24	20	29	

17	14	14	10	23	

25	15	22	10	23	

12	22	24	30	16]	

