n:993	
m:7


W:[9994
10026
9931
9862
10040
9897
10043]


b:[65
75
63
67
59
77
55
68
74
80
82
81
69
86
87
72
59
67
79
67
64
92
58
62
69
75
80
87
73
70
62
50
86
69
53
85
85
71
99
56
55
68
71
81
72
67
72
69
96
88
76
71
83
64
99
85
71
52
95
52
63
74
85
91
61
98
64
75
75
85
82
86
59
57
61
61
99
71
95
94
94
85
81
90
60
67
78
56
70
85
70
99
90
79
88
57
100
72
95
50
84
81
61
84
84
54
50
54
76
56
67
81
98
56
96
83
66
64
53
55
93
98
81
54
58
62
72
77
58
87
61
86
63
70
60
82
73
75
86
81
82
74
83
61
93
50
77
77
50
87
74
55
73
76
69
57
100
56
72
52
61
59
96
96
86
95
58
57
66
83
97
71
93
76
70
65
70
82
80
62
76
87
97
75
97
58
96
77
92
96
64
68
83
100
62
81
55
69
77
52
75
64
65
95
91
66
98
67
73
76
88
60
95
92
81
83
60
95
74
51
60
94
94
96
59
100
92
97
85
61
66
50
58
83
85
74
65
72
64
57
77
87
81
80
75
54
93
94
77
83
76
77
93
88
78
69
88
84
66
54
62
63
82
63
85
90
93
70
73
71
59
74
82
58
94
68
85
75
99
74
53
61
66
98
83
71
66
83
52
91
53
87
92
66
51
79
83
60
96
76
91
59
72
81
95
77
67
52
99
58
66
65
78
60
56
63
94
83
82
79
60
84
85
81
59
92
78
93
93
76
53
82
55
100
62
80
68
75
54
97
92
95
95
58
84
66
87
83
75
93
95
50
70
59
86
76
74
71
55
94
77
93
83
50
67
54
83
90
79
90
96
87
53
78
81
89
62
58
57
95
54
84
80
99
88
77
59
99
95
73
90
95
55
93
75
60
77
89
66
75
71
92
100
73
57
67
84
77
100
69
93
65
78
73
67
54
82
84
58
81
73
78
54
54
95
58
100
63
51
69
74
94
58
51
54
56
52
63
61
51
88
76
73
53
92
100
80
76
86
52
96
87
75
57
99
71
98
80
62
59
76
97
76
55
86
97
58
98
77
70
60
64
95
67
94
94
91
77
66
56
51
98
77
51
53
87
83
84
71
55
59
62
78
74
59
71
73
69
79
69
89
70
87
89
74
72
98
53
88
78
59
57
100
65
81
95
88
67
62
92
84
56
58
96
100
71
60
85
61
89
62
86
56
69
83
80
73
89
92
64
72
89
57
72
95
77
91
64
57
85
59
76
87
79
72
82
86
79
77
77
82
72
53
57
83
70
57
51
59
58
75
74
89
50
50
59
62
55
78
76
75
50
57
66
71
73
68
90
82
71
70
81
93
64
96
78
78
83
50
95
70
90
82
50
92
99
58
63
82
67
52
99
60
59
55
91
53
63
52
68
73
90
77
97
56
80
69
95
87
78
72
69
60
90
53
69
96
58
59
80
55
75
50
80
84
95
69
92
58
88
50
61
81
52
97
72
72
56
83
94
62
65
52
93
76
54
52
76
60
61
97
99
58
61
64
85
54
72
82
82
60
76
69
83
88
72
93
88
79
53
86
74
70
70
77
52
74
100
97
99
72
95
70
75
68
74
78
60
97
97
84
76
92
86
77
84
98
76
85
92
73
95
77
81
66
70
93
50
71
76
99
64
76
77
85
78
75
55
63
50
66
86
79
54
70
54
73
51
60
65
70
63
72
69
73
99
91
73
100
50
86
62
62
100
59
56
69
64
70
60
75
66
76
79
65
63
50
73
80
97
55
62
68
57
73
100
69
98
91
72
64
76
93
88
97
84
52
57
81
57
81
80
75
76
85
89
78
67
60
84
81
76
58
60
79
80
62
60
73
96
52
57
55
56
85
65
92
51
78
70
62
97
64
84
92
54
64
90
65
58
92
84
99
85
84
63
78
79
84
50
95
69
97
96
77
97
97
66
95
90
79
66
70
90
71
95
60
64
77
91
72
79
72
61
61
89
60
72
82
95
60
98
59
55
64
76
66
59
66
53
59
80
63
75
94
53
55
53
81
55
81
66
51
94
74
76
59
59
99
67
95
53
92
92
59
63
71
81
97
79
56
89
62
54
96
59
71
60
82
84
60
77
85
53
85
51
52
79
89
68
95
76
90
79
53
88
66
67
65
80
85
96
54
90
82
69
77
61
50
71
86
54
80
100
92
73
74
60
59
95
71
70
56
83
94
88
80
87
57
58
72
93
85
82
93
57
81
60
55
82
64
89
87]


w:[18	15	24	13	25	16	28	

29	14	22	16	20	12	29	

23	29	15	14	22	14	10	

24	24	19	27	20	22	28	

19	14	16	20	14	16	22	

27	18	18	15	16	10	11	

18	16	25	12	12	23	11	

14	15	11	17	17	20	15	

14	13	25	18	10	13	28	

28	27	15	14	26	26	24	

26	12	18	23	26	28	27	

20	24	18	29	13	11	22	

12	19	21	22	14	10	11	

25	12	16	19	21	30	11	

20	29	18	17	20	25	21	

20	24	18	29	26	14	18	

14	16	24	22	26	13	24	

24	10	18	24	13	21	22	

12	26	18	21	24	11	16	

10	12	14	29	21	22	22	

26	22	26	11	18	15	30	

14	26	21	20	12	26	29	

28	11	21	15	24	30	14	

20	17	26	11	25	15	19	

13	27	16	15	28	15	11	

12	23	29	29	26	21	13	

21	30	25	23	19	11	27	

26	29	30	19	27	26	15	

16	29	29	10	13	22	20	

17	25	14	18	28	23	22	

12	27	26	27	19	27	13	

19	29	11	18	19	14	12	

11	11	20	18	23	12	25	

20	28	14	11	10	18	28	

28	19	30	17	21	11	24	

13	22	22	27	13	15	19	

24	18	14	21	30	21	28	

26	26	25	11	30	11	11	

19	20	27	10	21	22	24	

24	24	21	20	16	30	18	

15	11	23	23	15	30	13	

18	10	18	22	12	10	14	

21	27	15	14	27	14	22	

10	26	10	27	24	24	29	

27	15	29	10	11	13	15	

14	16	21	25	22	18	10	

17	29	17	22	15	24	19	

10	18	23	21	12	11	15	

10	20	22	14	30	15	25	

14	10	30	30	21	12	24	

20	20	24	18	23	21	16	

19	25	18	13	30	25	16	

12	22	18	22	13	20	21	

17	16	30	29	23	23	29	

24	28	24	28	15	19	17	

14	29	19	30	15	14	10	

30	20	16	23	23	11	20	

28	12	16	30	17	27	17	

14	10	14	13	28	21	29	

30	14	17	24	29	16	14	

21	13	10	28	22	15	10	

28	17	29	16	26	17	22	

30	23	14	13	22	17	14	

12	27	13	26	23	19	10	

19	26	15	25	29	20	12	

13	15	29	21	19	22	21	

20	13	23	12	18	13	28	

11	19	17	23	21	19	13	

29	23	19	28	23	16	12	

24	30	18	16	20	11	11	

13	15	15	15	16	15	19	

25	10	23	18	25	18	27	

22	30	17	19	14	27	15	

26	30	15	20	28	29	20	

29	28	17	26	10	15	18	

14	19	14	17	21	14	15	

20	28	21	13	11	17	21	

23	17	25	15	19	10	16	

13	20	20	11	24	19	26	

28	27	20	20	24	29	11	

25	25	28	28	19	29	27	

23	30	11	23	30	10	23	

10	27	26	11	24	15	16	

20	26	10	13	16	10	22	

16	12	14	11	24	12	27	

20	16	26	12	27	18	26	

23	11	13	19	23	15	18	

21	15	24	22	20	15	10	

29	23	28	30	26	24	29	

13	22	15	19	26	29	20	

13	30	17	23	21	11	26	

19	12	12	23	30	12	17	

26	23	23	20	28	13	11	

23	25	14	29	16	10	10	

27	10	10	20	13	27	11	

15	13	13	25	13	10	12	

23	26	29	27	22	18	22	

21	23	15	17	21	14	16	

15	30	14	16	10	27	13	

17	18	28	26	29	18	19	

16	27	27	20	14	28	16	

28	20	24	21	23	11	30	

28	12	28	27	29	21	30	

20	30	12	10	24	18	17	

27	11	25	24	24	15	28	

16	24	27	30	21	30	17	

11	12	12	11	21	15	10	

30	13	28	27	27	30	13	

22	15	12	17	29	30	28	

23	19	17	27	15	16	21	

21	25	13	20	24	20	26	

13	17	30	16	29	18	25	

26	11	16	29	17	10	12	

23	27	23	30	25	22	16	

14	24	14	25	19	24	18	

21	21	22	12	21	26	22	

25	22	22	13	28	28	27	

14	19	21	29	17	18	11	

15	29	12	24	27	22	18	

19	11	14	11	10	21	19	

21	30	16	22	21	30	18	

25	27	15	28	22	27	25	

28	28	20	12	12	29	15	

23	13	14	10	12	22	17	

27	21	14	26	15	10	17	

13	16	19	18	13	23	10	

29	20	22	14	25	17	14	

25	20	17	10	22	13	16	

10	20	15	27	30	16	12	

26	26	16	10	23	27	30	

13	25	13	25	19	16	16	

23	16	26	17	16	28	18	

29	18	11	19	24	22	30	

18	11	16	17	12	26	29	

10	23	14	19	17	10	29	

11	26	21	26	27	27	11	

30	27	16	24	19	14	27	

26	25	15	26	13	23	26	

30	15	14	22	18	22	18	

19	24	30	17	18	18	18	

17	21	23	23	18	14	16	

17	12	23	18	18	17	13	

14	21	24	14	15	19	27	

14	27	15	19	14	28	29	

29	29	16	11	26	12	11	

12	20	23	12	27	25	23	

17	23	13	14	27	20	23	

25	28	23	29	29	16	11	

21	27	26	14	13	13	15	

18	19	15	11	11	25	30	

30	23	23	21	26	18	24	

12	10	29	29	29	18	29	

26	19	10	16	26	12	11	

27	22	14	21	30	25	25	

16	16	25	24	23	26	23	

13	28	11	30	29	12	21	

11	19	14	24	23	10	26	

18	24	28	28	15	24	13	

14	29	28	29	27	19	26	

16	16	28	30	14	18	17	

10	27	30	17	11	13	17	

21	17	15	30	14	26	17	

21	21	18	19	22	25	14	

27	29	25	24	22	22	18	

16	21	22	21	18	20	17	

17	27	28	26	12	12	19	

11	16	25	28	23	19	28	

21	28	15	20	18	10	19	

15	26	21	21	15	22	24	

27	28	22	28	13	17	10	

20	25	15	17	16	29	10	

14	27	14	28	27	27	26	

29	27	14	22	15	16	14	

24	20	13	26	28	10	22	

29	30	11	25	24	16	27	

27	11	15	22	22	15	22	

25	12	22	10	22	19	21	

17	15	20	11	27	11	15	

20	18	21	20	26	28	28	

29	20	19	23	24	20	23	

28	13	21	14	28	30	20	

10	12	10	27	25	15	28	

29	12	30	17	29	22	30	

23	29	18	13	27	23	30	

18	26	12	14	15	10	26	

10	18	13	28	13	24	26	

28	20	13	26	10	13	12	

23	18	26	29	15	23	30	

29	22	14	19	22	18	26	

27	29	24	14	17	16	24	

27	25	21	21	20	14	21	

20	21	21	17	26	30	22	

10	14	27	19	22	19	14	

13	30	15	29	11	15	17	

20	14	22	18	26	18	25	

17	24	12	19	27	16	27	

15	16	25	26	13	18	26	

23	19	16	17	26	30	26	

30	30	19	14	19	14	20	

27	16	29	12	17	16	16	

12	11	11	21	28	10	17	

20	18	11	10	22	11	25	

28	12	24	21	28	12	16	

18	24	18	14	30	20	23	

11	25	29	27	29	10	24	

17	20	24	14	19	17	11	

25	19	25	15	29	28	23	

12	24	10	25	13	14	18	

23	30	13	27	20	17	15	

15	14	18	14	13	25	18	

12	27	24	17	26	21	10	

29	27	17	21	15	19	14	

15	10	11	27	28	19	20	

14	24	29	19	15	25	15	

13	29	21	20	17	12	28	

22	24	11	20	13	19	18	

25	24	24	16	22	24	16	

24	18	25	20	14	13	29	

22	18	19	12	13	14	19	

22	22	14	22	11	29	16	

24	21	15	11	30	29	29	

12	30	26	21	27	12	18	

30	10	11	13	27	12	13	

12	24	25	30	21	18	10	

25	14	13	26	13	20	29	

19	25	28	27	26	13	13	

26	28	11	15	28	28	29	

15	30	12	16	10	19	27	

21	26	15	13	15	25	17	

14	14	23	16	29	27	14	

21	22	16	19	20	25	11	

27	22	15	16	14	10	30	

13	16	10	11	17	29	28	

28	18	24	16	23	21	20	

25	14	26	11	28	14	10	

29	18	13	25	26	23	29	

17	13	14	22	22	29	19	

21	27	16	19	11	28	21	

28	28	27	13	30	11	14	

26	30	16	26	20	18	12	

27	30	20	29	16	24	27	

14	23	23	30	19	16	28	

22	30	21	26	18	15	16	

10	14	30	14	10	28	30	

30	13	13	21	20	14	25	

23	10	26	10	26	21	25	

18	21	30	18	15	11	28	

19	26	27	26	27	22	15	

30	19	23	11	17	15	19	

15	26	30	17	24	17	21	

14	30	20	11	28	23	16	

10	24	24	19	28	28	22	

16	27	22	10	10	29	25	

17	23	22	19	11	25	30	

16	23	21	23	28	17	24	

19	26	12	19	23	23	28	

27	14	14	28	24	23	28	

23	25	20	30	10	27	19	

24	14	10	15	14	16	19	

15	15	14	16	15	30	10	

17	22	17	27	17	24	29	

24	11	12	27	13	24	26	

10	18	28	30	20	28	21	

28	13	27	17	30	29	17	

16	18	14	18	13	26	26	

26	26	21	27	16	19	21	

29	21	28	22	27	15	19	

14	11	29	29	20	24	21	

17	11	12	19	22	27	29	

14	29	17	21	29	21	20	

22	26	25	18	16	29	17	

21	30	28	24	14	22	16	

21	22	27	25	19	26	19	

12	23	20	22	11	10	13	

22	30	11	18	10	25	21	

26	10	15	21	11	20	17	

29	30	29	14	21	25	19	

13	27	18	16	25	20	24	

30	24	12	16	20	29	28	

22	12	14	16	30	17	13	

12	20	27	29	28	23	13	

29	16	22	10	19	21	14	

15	28	23	12	29	30	12	

29	24	25	12	13	19	15	

29	11	17	20	21	11	26	

24	20	14	27	15	25	23	

30	29	27	27	28	26	11	

16	15	26	28	10	22	28	

19	25	11	26	12	30	15	

20	13	29	22	25	19	16	

17	15	24	23	16	30	28	

23	29	29	11	13	11	15	

17	10	10	23	14	25	30	

18	11	18	29	20	10	23	

17	20	28	22	16	16	18	

25	16	20	14	10	28	19	

21	18	17	15	19	26	21	

23	10	26	19	29	11	24	

28	27	26	14	26	16	25	

27	20	24	14	22	30	25	

15	20	25	19	18	12	25	

17	17	15	16	13	14	19	

25	26	20	15	19	18	30	

11	11	23	19	28	17	12	

17	15	28	28	30	10	29	

26	14	29	24	27	23	12	

17	13	10	25	26	29	20	

22	18	25	16	30	13	27	

14	13	17	21	23	23	17	

13	16	26	11	12	17	16	

24	17	13	11	15	28	22	

23	29	10	13	12	23	27	

14	19	28	21	16	29	15	

21	30	29	20	29	21	27	

21	15	26	30	26	25	15	

24	20	29	13	19	30	23	

18	27	28	15	25	30	29	

20	10	26	15	28	15	20	

28	12	26	13	24	18	13	

10	12	20	20	14	29	10	

27	11	21	27	30	17	22	

24	17	20	28	17	24	26	

19	15	28	23	10	28	13	

14	19	21	18	29	24	14	

10	11	24	27	24	16	11	

18	22	12	16	23	15	12	

10	14	19	28	23	27	20	

26	27	13	24	19	29	24	

13	18	24	12	19	19	22	

14	12	13	24	18	20	20	

26	11	16	30	14	23	24	

22	26	13	29	13	22	21	

29	22	21	21	14	17	16	

16	28	16	22	23	25	15	

20	25	15	10	13	12	12	

20	20	15	22	29	10	24	

30	20	14	19	15	15	12	

15	26	20	23	11	29	26	

28	25	19	25	16	13	13	

23	21	15	24	15	22	12	

21	11	24	17	18	16	18	

21	21	30	18	27	19	11	

23	13	16	11	26	27	26	

17	15	25	22	16	23	13	

23	27	14	23	18	28	21	

16	19	23	23	14	25	24	

18	22	12	11	29	27	21	

19	27	26	17	10	25	11	

28	10	22	29	23	12	13	

13	21	26	14	29	18	17	

16	11	27	30	14	29	26	

17	11	28	28	13	22	12	

25	30	24	11	10	11	18	

16	22	10	12	13	17	21	

20	20	17	28	19	12	28	

18	25	30	26	21	15	20	

29	12	14	14	20	30	30	

23	15	19	23	16	17	10	

30	11	29	14	27	11	28	

25	28	10	24	21	10	14	

30	19	11	20	13	22	26	

25	17	12	26	12	24	28	

13	26	19	13	18	23	21	

13	12	17	22	12	24	15	

14	24	28	29	24	21	26	

26	28	25	28	25	29	14	

26	16	16	23	24	25	29	

13	24	17	12	16	27	14	

23	12	28	14	23	29	21	

13	13	15	19	14	27	16	

11	22	22	18	25	13	27	

19	25	22	28	26	30	28	

17	22	25	14	25	22	17	

15	17	12	16	11	16	12	

21	30	17	21	22	26	13	

23	26	19	15	21	24	23	

13	17	15	17	30	27	25	

12	30	17	26	23	20	12	

28	23	28	18	17	15	22	

11	27	13	29	11	14	18	

14	19	11	10	28	29	20	

30	16	28	16	11	12	18	

20	15	26	18	16	22	30	

27	18	18	26	18	30	26	

19	13	24	17	13	12	16	

17	10	29	20	27	26	29	

25	24	14	23	13	23	10	

28	20	20	10	20	28	12	

23	11	29	29	13	27	17	

18	29	25	19	16	22	22	

29	22	26	27	25	24	14	

14	23	18	21	14	23	20	

10	22	10	18	20	17	28	

24	25	17	20	28	22	23	

12	13	19	10	15	21	25	

26	18	30	21	24	26	14	

14	13	18	24	17	22	11	

11	23	22	26	13	10	14	

19	25	20	13	17	29	15	

28	19	25	17	20	21	14	

24	30	23	29	29	27	11	

21	13	10	15	30	13	20	

11	13	23	20	23	11	20	

22	21	19	15	19	16	22	

16	15	11	23	29	18	19	

14	26	27	22	28	28	23	

12	14	20	20	10	25	20	

21	18	23	29	27	19	16	

26	18	13	17	11	21	24	

26	29	25	28	23	11	21	

23	21	24	16	19	30	19	

11	14	25	20	17	29	23	

14	13	10	23	14	23	11	

15	20	18	26	24	13	10	

25	28	20	18	18	24	26	

10	13	30	11	20	14	11	

10	14	19	14	14	18	11	

29	18	17	15	17	14	15	

22	17	10	15	15	26	17	

15	12	13	16	22	13	22	

18	14	29	24	18	28	26	

30	11	24	13	11	15	21	

29	25	10	14	13	25	21	

23	20	27	14	12	21	11	

23	27	13	22	17	13	28	

18	15	14	22	15	12	11	

13	27	26	19	10	13	24	

19	17	17	15	24	29	24	

10	16	17	22	11	27	26	

13	21	17	18	23	27	14	

18	25	14	30	10	23	22	

11	16	23	21	13	28	20	

12	13	21	21	30	22	10	

20	28	30	18	16	11	22	

12	14	22	23	26	24	11	

28	29	28	18	15	15	18	

21	27	28	15	28	18	23	

15	16	19	11	12	24	12	

22	25	11	11	24	27	18	

27	12	10	17	26	22	29	

17	29	17	28	24	21	12	

24	25	27	10	22	22	21	

13	10	30	17	29	24	19	

25	23	10	29	16	24	25	

19	24	18	14	30	12	15	

29	19	11	11	24	21	16	

30	15	13	22	20	13	25	

18	18	10	26	26	28	23	

28	27	30	18	25	11	20	

29	17	19	13	22	23	29	

11	12	16	28	25	11	15	

21	25	19	10	18	22	14	

18	29	10	28	10	28	29	

10	23	15	16	20	30	19	

10	14	12	24	11	28	24	

16	20	10	29	17	12	15	

23	10	29	27	29	22	24	

26	12	13	24	21	21	27	

20	17	12	28	13	12	24	

29	10	11	21	11	28	24	

18	24	11	18	18	14	22	

23	26	28	16	21	10	28	

20	15	25	22	13	26	29	

15	24	27	26	27	11	19	

27	12	23	23	23	11	12	

12	27	17	26	24	28	28	

10	24	23	15	14	16	12	

25	11	26	11	15	20	21	

16	27	24	23	16	27	26	

18	14	10	26	23	30	26	

22	18	19	25	18	27	21	

15	22	18	18	10	20	29	

27	11	28	14	23	12	25	

21	26	14	16	13	28	10	

18	29	27	10	27	12	16	

11	12	11	10	19	24	19	

25	15	25	10	26	24	22	

28	15	30	22	29	14	12	

27	21	23	12	19	25	21	

17	24	24	24	22	19	19	

27	29	24	24	19	11	23	

19	20	22	22	20	19	12	

13	14	23	13	25	15	25	

10	27	12	14	16	28	27	

12	27	16	11	10	14	20	

22	27	12	25	18	17	20	

18	29	11	23	19	27	30	

18	10	23	13	25	16	30	

13	18	29	24	29	26	16	

10	29	20	12	26	19	12	

22	28	19	22	30	19	18	

25	25	26	29	16	20	28	

13	17	18	26	26	17	29	

29	17	30	19	22	13	19	

29	17	18	21	26	10	21	

23	22	23	18	13	17	16	

19	22	17	23	27	23	26	

28	25	30	15	29	29	30	

26	28	20	22	29	12	17	

28	29	19	14	15	24	19	

20	28	29	28	10	27	24	

25	13	15	16	26	12	28	

28	30	29	17	24	22	19	

30	12	16	18	16	10	26	

11	19	26	27	18	21	27	

22	25	28	14	20	22	20	

22	26	29	19	22	27	20	

21	19	16	26	15	22	27	

24	18	15	15	18	18	20	

27	24	23	14	16	18	29	

26	30	25	20	19	26	30	

30	11	29	28	23	30	24	

25	30	11	16	12	27	23	

29	10	18	29	10	20	28	

16	26	19	14	21	17	18	

20	23	22	13	14	21	23	

17	11	17	27	20	23	29	

27	22	26	27	24	19	16	

29	15	23	26	18	11	29	

10	17	10	13	28	11	15	

14	25	11	30	28	30	21	

12	27	19	14	22	27	25	

19	13	14	28	29	25	25	

27	28	15	10	11	22	28	

15	14	26	24	20	13	27	

26	19	12	10	29	10	14	

20	24	17	21	13	22	24	

10	30	19	23	11	27	17	

17	16	27	27	30	13	22	

20	25	26	17	13	20	29	

19	18	18	10	20	17	19	

30	23	16	27	16	14	23	

19	17	15	20	17	23	15	

10	17	17	26	13	15	10	

20	28	13	26	29	29	28	

13	25	18	25	15	28	10	

26	24	15	19	20	21	10	

24	21	19	26	26	27	24	

29	11	15	26	14	15	27	

13	26	14	17	15	21	10	

20	11	15	27	28	10	25	

20	14	20	14	21	16	18	

24	30	24	20	27	14	18	

14	30	12	27	20	14	27	

24	27	29	10	29	16	11	

11	25	21	16	21	11	10	

29	11	30	28	24	23	26	

13	24	23	13	26	23	27	

12	26	27	21	10	14	16	

23	28	23	21	30	19	26	

28	27	13	25	18	13	18	

24	11	25	24	19	28	23	

30	26	20	18	20	21	15	

18	27	23	10	16	27	26	

27	16	21	15	28	12	14	

10	17	13	11	17	27	29	

26	24	10	29	13	16	30	

26	25	11	21	14	21	20	

10	11	26	10	15	27	28	

15	26	13	12	24	26	21	

19	30	11	17	15	11	25	

25	25	30	27	29	23	20	

20	25	23	10	29	16	30	

22	10	18	21	19	21	22	

30	13	22	17	22	28	12	

21	16	13	25	14	22	28	

16	16	12	15	10	26	16	

15	11	15	15	19	30	16	

23	27	11	25	28	13	18	

28	26	16	27	25	13	25	

10	28	17	22	21	10	30	

25	17	28	18	29	13	30	

26	11	24	12	23	25	14	

24	15	11	10	25	15	21	

22	30	13	25	15	21	15	

14	17	10	10	21	22	18	

29	17	11	19	17	15	24	

19	10	29	27	25	12	12	

18	11	18	10	15	14	15	

28	10	29	20	22	22	12	

25	14	19	21	25	19	18	

28	30	27	14	30	11	25	

18	28	15	23	26	12	13	

30	21	29	15	27	30	15	

14	16	18	23	30	15	17	

29	11	22	12	13	30	28	

18	12	29	20	15	22	20	

11	23	27	15	14	26	22	

28	24	30	13	29	13	20	

20	28	25	29	29	22	12	

24	20	21	16	24	23	22	

10	22	23	15	30	13	18	

18	15	25	19	18	25	18	

16	29	22	10	28	19	12	

18	14	13	29	23	27	24	

11	14	15	21	19	10	29	

28	25	24	23	10	11	14	

24	15	17	28	10	12	20	

26	25	30	15	11	29	27	

20	19	29	19	27	22	19	

15	30	29	24	28	12	15	

23	11	20	30	12	30	11	

13	18	22	11	20	16	18	

16	12	14	22	19	15	29	

20	27	11	12	15	28	23	

21	17	17	23	13	24	11	

10	26	28	28	15	24	26	

30	16	22	12	19	26	29	

30	29	21	21	23	13	16	

18	29	28	12	26	13	25	

23	28	28	24	14	13	24	

28	17	10	30	15	13	11	

15	17	11	22	10	16	15	

17	25	25	12	19	23	15	

12	27	28	20	17	28	20	

28	16	24	14	14	30	14	

16	14	17	17	22	18	24	

19	27	20	16	19	11	15	

10	29	29	12	27	13	28	

19	12	21	28	25	30	27	

20	21	18	28	27	25	13	

11	27	30	11	19	24	15	

27	25	21	15	20	28	15	

10	22	28	18	28	14	22	

13	16	18	12	19	19	26	

29	24	13	19	10	22	13	

19	28	12	11	30	30	23	

11	25	16	23	21	27	12	

13	28	27	15	10	12	22	

27	11	20	28	13	27	28	

16	13	14	30	18	27	12	

23	11	26	12	10	23	27	

30	16	30	10	15	13	19	

30	26	27	21	21	10	30	

30	21	10	13	28	13	15	

19	29	29	10	13	27	11	

23	21	16	21	24	18	22	

24	29	22	23	14	11	21	

15	15	13	26	15	17	26	

17	18	25	14	14	25	30	

12	19	30	18	19	10	17	

13	12	26	23	20	20	22	

19	20	11	30	11	24	21	

28	28	19	25	20	26	23	

20	12	30	13	30	11	28	

18	21	20	18	10	27	22	

18	13	13	19	10	15	24	

24	14	13	27	29	16	16	

15	15	29	21	22	27	29	

13	30	10	20	10	14	11	

22	16	23	10	30	10	15	

16	24	19	23	16	30	19	

17	16	22	27	16	24	20	

10	23	22	22	28	17	28	

13	18	16	11	27	15	27	

14	10	21	28	11	11	22	

16	20	17	21	28	11	23	

26	30	14	29	27	20	12	

21	27	24	17	11	17	18	

19	17	27	19	19	28	20	

28	18	16	27	16	10	27	

16	30	11	30	29	23	11	

27	25	12	29	26	25	30	

19	21	30	15	22	30	20	

11	21	22	11	13	21	21	

23	12	14	30	20	23	12	

30	19	14	29	23	10	16	

20	14	22	12	13	11	24	

17	16	25	28	21	20	25	

25	30	16	22	16	14	20	

16	12	21	21	23	15	14	

28	24	26	26	25	18	25	

14	28	24	26	26	21	28	

29	16	30	18	13	21	12	

24	13	24	11	16	22	15	

10	28	25	30	10	24	14	

20	13	24	18	15	11	19	

19	10	16	23	12	24	24	

15	22	29	14	12	14	27	

23	24	14	26	23	22	29	

18	11	12	15	30	10	25	

22	24	19	20	26	30	30	

12	29	17	26	21	29	20	

23	24	28	15	16	15	10	

30	25	21	30	22	20	12	

23	23	27	16	23	29	19	

12	11	10	14	29	16	21	

10	19	20	25	13	26	25	

27	15	21	25	28	29	29	

18	12	18	10	26	29	14	

26	23	20	27	11	14	16	

29	10	14	25	26	23	16	

19	14	28	23	25	11	24	

18	25	22	28	22	15	25	

10	24	19	21	12	18	22	

22	13	13	18	22	13	12	

29	30	14	12	20	28	14	

12	11	27	26	16	13	25	

10	23	29	28	25	27	11	

21	18	21	24	18	20	22	

24	26	18	14	21	23	25	

20	16	30	19	20	26	24	

25	20	22	19	11	24	14	

13	24	27	14	29	17	12	

21	16	13	28	18	28	19	

17	22	14	26	21	20	30	

29	26	23	10	21	21	24	

17	14	29	13	29	20	17	

10	24	17	21	15	13	10	

29	24	17	28	13	26	24	

29	27	24	17	13	14	20	

23	28	26	12	16	26	15	

19	30	23	22	17	20	21	

19	10	13	14	21	19	11	

15	28	21	21	25	21	29	

15	13	10	21	18	11	16	

23	29	12	14	26	19	20	

19	10	30	23	22	25	17	

27	24	13	14	15	12	20	

16	25	28	23	21	19	17	

18	20	22	27	29	16	15	

13	17	23	11	19	14	20	

17	17	12	11	29	21	27	

16	27	13	25	16	22	19	

29	25	17	14	30	13	25	

20	26	17	28	22	28	19	

25	22	21	22	30	12	21	

19	13	22	14	14	14	10	

22	10	22	21	26	25	28	

24	27	11	19	13	24	10	

13	12	21	30	26	24	15	

23	26	23	23	12	16	20	

16	16	16	27	29	27	24	

13	14	12	10	23	14	21	

13	19	20	18	21	24	10	

22	29	14	20	19	17	28	

17	16	13	22	11	21	10	

21	21	23	15	13	30	20	

26	30	27	11	15	23	30	

28	21	20	15	16	12	27	

27	17	13	15	21	21	28	

30	18	11	26	19	26	28	

18	24	21	11	19	25	27	

15	16	14	26	17	29	17	

18	12	30	22	11	19	29	

19	11	26	27	25	28	12	

15	17	20	30	19	24	28	

11	19	18	21	16	18	19	

23	15	14	17	23	19	25	

27	19	28	12	17	20	18	

22	17	11	11	26	14	14	

15	26	25	19	23	20	15	

11	10	26	24	27	11	13	

23	15	20	16	27	13	21	

23	12	27	13	16	29	14	

22	13	28	24	23	16	23	

23	26	15	26	25	13	25	

21	21	24	14	24	16	29	

11	19	16	13	10	14	21	

27	29	21	19	12	25	12	

27	25	30	11	22	14	15	

20	20	19	16	19	21	10	

16	24	13	17	28	13	14	

20	27	20	18	29	22	20	

25	16	23	23	23	27	24	

30	23	21	29	30	25	30	

14	17	26	12	30	17	28	

19	12	26	27	30	16	23	

10	20	19	19	27	17	20	

24	30	30	28	21	11	27	

10	29	26	26	22	21	16	

11	10	25	28	23	21	10	

21	17	29	26	25	29	22	

19	22	21	23	16	13	19	

19	28	11	21	22	14	21	

18	27	14	12	29	25	28	

24	24	17	20	16	15	27	

22	22	23	26	30	22	26	

20	12	18	28	30	14	27	

16	28	18	27	28	12	20	

19	28	29	30	12	15	21	

17	14	21	20	25	25	20	

24	16	17	18	11	14	26	

30	16	27	22	11	25	17	

14	25	19	21	20	25	22	

25	21	19	23	16	26	19	

20	30	15	24	18	18	21	

24	26	17	11	15	24	30	

13	21	23	30	30	13	30	

22	29	20	13	17	12	24	

16	11	27	10	26	28	21	

18	30	14	18	25	22	14	

27	12	19	14	25	12	27	

17	18	17	24	18	22	24	

30	24	28	15	13	25	15	

18	11	19	15	17	25	28	

15	23	19	28	17	16	29	

22	27	29	30	25	30	21	

13	10	11	10	24	19	19	

24	21	10	21	12	10	28	

23	12	25	11	29	10	11	

17	13	16	22	20	23	26	

10	14	11	26	24	13	13	

13	27	26	13	15	26	21	

30	30	21	17	13	12	26	

25	16	13	11	10	27	22	

22	25	29	24	10	13	25	

17	18	15	11	22	19	28	

28	12	21	14	16	29	24	

20	14	15	15	19	24	19	

23	25	29	30	27	25	17	

24	25	16	20	30	17	10	

22	12	15	13	28	16	14	

20	22	23	27	14	13	10	

24	26	16	25	20	21	10	

11	12	13	12	20	17	22	

26	29	20	27	10	24	30	

30	22	26	27	25	30	18	

19	22	26	15	21	29	26	

24	28	20	24	29	24	18	

17	28	30	11	10	15	14	

24	19	18	13	12	27	17	

29	28	11	30	16	20	27	

18	15	10	29	10	19	28	

28	28	29	13	10	13	15	

14	26	26	15	27	12	11	

21	29	17	10	27	19	15	

24	18	27	17	25	16	29	

16	13	20	16	12	16	16	

29	26	14	23	11	26	27	

22	19	25	17	16	22	19	

14	30	16	29	25	18	19	

11	25	21	27	13	19	19	

19	24	26	22	23	27	14	

20	13	12	12	27	16	15	

15	20	14	12	30	16	23	

22	26	23	22	22	29	25	

12	30	18	20	29	18	23	

18	14	24	30	19	20	26	

13	10	18	25	19	14	18	

11	15	19	13	30	22	30	

19	15	13	15	20	29	26	

21	23	13	23	25	17	12	

25	18	21	17	14	23	13	

22	18	25	27	26	27	27	

21	26	27	26	29	25	23	

20	23	17	17	17	21	26	

28	30	23	11	17	22	22	

20	30	19	24	27	15	18	

12	27	11	15	22	20	25	

24	18	27	30	19	12	27	

20	28	11	13	18	14	18	

29	24	23	24	14	29	30	

30	23	13	27	28	11	12	

20	14	23	12	29	26	30	

14	19	13	16	27	13	12	

29	23	28	13	15	16	12	

27	17	24	13	11	20	12	

21	16	18	15	25	30	25	

25	22	12	26	15	16	20	

28	18	12	18	17	17	17	

15	13	20	25	15	17	29	

20	16	26	30	21	18	24	

21	23	25	20	12	30	13	

11	15	29	30	21	14	24	

25	13	25	10	18	17	19	

10	23	18	18	23	21	23	

11	25	30	10	10	10	17	

24	27	19	10	28	26	12	

28	30	30	13	27	30	29	

17	22	19	16	16	13	26	

13	13	29	22	28	19	22	

14	21	22	14	24	13	23	

30	29	18	17	24	16	11	

10	21	10	11	13	24	15	

16	29	23	12	30	27	28	

27	19	13	23	26	21	15	

12	22	10	16	25	14	10	

22	25	10	30	19	21	19	

18	29	22	30	30	14	21	

11	16	26	27	26	14	30	

14	20	14	20	15	22	23	

18	25	19	28	21	14	11	

28	24	29	15	11	25	28	

23	20	19	15	28	23	23	

18	12	21	16	17	16	22	

24	27	12	29	16	17	19	

18	12	29	17	30	30	11	

17	16	29	23	19	23	23	

29	22	25	24	19	17	17	

21	19	23	21	30	22	27	

13	10	11	22	13	29	30	

16	20	29	20	12	11	19	

17	15	15	22	29	12	14	

19	30	11	29	11	24	22	

26	17	19	16	18	27	27	

25	20	21	14	11	29	16	

30	30	29	20	23	25	12	

12	13	24	28	28	26	15	

27	23	21	10	14	24	22	

24	15	25	19	10	10	24	

27	19	21	15	22	25	11	

26	26	20	25	22	19	20	

25	25	27	23	26	20	20	

26	15	23	19	17	28	22	

10	22	24	13	29	30	25	

25	18	12	24	21	22	18	

18	10	10	20	13	25	19	

15	14	18	25	16	25	15	

24	18	22	29	20	17	13	

27	13	13	24	16	17	12	

22	20	24	11	11	30	30	

14	19	30	18	24	21	22	

20	16	14	16	11	10	15	

22	25	29	30	22	24	30	

22	23	12	25	16	14	25	

13	18	29	14	19	19	13	

13	24	30	16	30	17	24	

17	17	14	15	30	24	16	

11	11	22	13	14	22	15	

20	22	17	12	22	22	11	

14	22	22	24	29	15	29	

19	13	27	10	28	25	19	

24	10	29	23	15	22	28	

22	12	10	22	28	14	21	

14	13	23	14	16	21	30	

25	14	24	27	20	12	29	

29	27	16	27	18	19	17	

18	13	21	15	12	30	12	

17	16	29	25	20	17	27	

19	14	13	29	28	10	26	

21	13	13	13	30	17	14	

16	12	12	14	21	23	23	

21	21	12	21	24	29	12	

19	14	13	24	22	19	12	

23	28	22	22	20	15	24	

24	14	28	25	24	27	23	

19	24	16	25	30	22	11	

18	29	17	13	12	24	21	

25	18	10	12	13	18	28	

28	14	15	17	27	24	25	

13	12	17	23	10	13	18	

27	20	20	24	15	26	10	

16	14	29	23	30	20	24	

11	16	18	14	26	17	24	

18	10	14	29	18	24	16	

19	21	22	29	20	29	14	

13	15	20	11	15	28	15	

19	12	12	29	12	12	28	

25	12	18	12	26	22	24	

21	26	20	29	14	18	14	

15	11	16	21	12	12	16	

25	16	14	30	10	25	17	

19	18	30	26	11	16	18	

26	27	30	21	23	29	23	

24	18	25	12	23	19	21	

17	12	12	10	10	14	25	

25	25	17	20	19	17	25	

23	19	13	19	14	17	14	

20	20	25	25	26	23	30	

16	22	22	20	19	17	29	

23	11	28	15	14	18	25	

28	11	25	10	23	20	30	

23	15	12	12	28	28	27	

14	25	25	11	14	11	26	

22	14	24	14	20	11	23	

28	29	21	28	19	27	10	

11	16	29	14	30	26	21	

25	18	22	27	28	18	12	

21	17	29	17	16	21	22	

22	15	30	26	11	29	20	

30	28	11	16	26	27	16	

12	15	21	28	22	27	28	

12	25	11	29	19	17	21	

26	19	27	12	18	11	22	

26	11	23	30	22	19	15	

17	27	21	27	29	10	11	

12	12	23	12	16	12	13	

14	18	10	10	14	13	21	

23	26	28	16	24	22	29	

14	11	19	27	23	22	16	

15	29	24	11	19	21	13	

18	24	23	21	22	19	26	

19	23	19	21	19	14	30	

23	23	23	20	25	17	12	

16	15	28	15	28	19	11	

23	18	21	21	24	19	20	

29	24	10	14	16	25	24	

26	24	29	23	20	30	28	

20	21	19	17	24	15	30	

28	10	15	24	18	17	24	

30	15	17	16	24	13	18	

13	18	13	27	28	26	12]	

