n:109	
m:4


W:[1075
1122
1097
1113]


b:[57
91
82
52
82
84
65
61
97
94
99
97
71
62
60
69
97
56
71
100
65
56
83
91
76
52
53
76
69
60
69
66
94
58
99
53
84
81
67
80
55
54
58
74
69
62
98
81
69
77
68
56
69
84
74
78
94
83
99
73
59
71
90
60
66
54
80
99
63
66
85
59
54
53
58
77
55
69
51
81
77
86
98
56
86
97
72
87
97
92
97
82
87
67
96
79
73
75
53
83
74
92
98
50
82
75
77
73
78]


w:[18	12	24	26	

21	28	25	26	

17	22	30	10	

22	20	24	28	

22	13	11	21	

28	29	28	22	

27	24	27	14	

29	24	15	25	

16	25	15	16	

26	28	12	11	

20	20	16	29	

29	21	11	22	

23	28	28	18	

26	19	18	22	

14	16	18	23	

26	24	10	11	

13	17	17	28	

16	26	29	24	

11	16	20	29	

29	25	20	10	

11	13	26	24	

21	12	16	27	

18	19	29	15	

16	15	17	29	

10	13	30	21	

21	21	12	17	

19	29	23	19	

29	17	21	11	

17	28	27	15	

29	29	19	20	

19	21	30	28	

16	18	16	11	

29	14	17	19	

27	14	14	22	

12	30	18	23	

28	22	14	24	

14	27	12	18	

26	23	27	24	

10	16	21	10	

22	15	21	11	

18	28	20	16	

10	10	27	29	

26	11	13	22	

11	15	10	13	

28	15	24	27	

19	22	16	11	

11	16	28	30	

16	23	22	12	

26	10	14	24	

18	11	18	28	

12	20	27	26	

19	20	30	29	

14	21	26	30	

12	24	24	15	

15	15	21	25	

10	29	15	27	

20	27	20	15	

18	16	21	30	

23	29	19	25	

14	14	20	14	

19	13	10	25	

20	24	13	19	

21	29	23	17	

29	16	19	23	

12	23	20	23	

26	30	21	22	

23	30	21	16	

12	14	13	23	

21	16	13	10	

25	28	21	21	

27	15	25	22	

20	17	10	17	

24	12	17	24	

26	12	12	18	

20	27	15	12	

12	27	11	18	

26	19	11	27	

23	19	27	20	

11	26	27	28	

11	30	22	18	

25	17	12	13	

10	28	21	23	

28	25	28	20	

24	26	17	19	

15	26	15	12	

22	16	26	11	

24	12	16	26	

20	10	17	24	

13	20	19	11	

23	22	24	24	

25	28	29	17	

25	11	24	28	

14	16	23	12	

27	21	21	24	

23	17	20	19	

21	30	16	24	

25	21	28	16	

18	26	30	29	

16	16	27	13	

12	16	20	20	

29	27	22	16	

12	30	18	22	

20	19	19	28	

19	27	27	27	

12	12	14	22	

17	27	29	19	

15	24	18	12	

21	24	11	24	

21	15	29	17]

