n:226	
m:1


W:[2296]


b:[96
87
66
99
50
57
70
70
57
79
54
82
76
61
81
88
81
62
84
68
67
92
67
76
94
73
86
73
61
96
89
78
84
57
67
82
57
85
67
54
56
80
68
85
64
92
96
100
51
50
82
61
96
96
97
92
74
61
83
100
76
90
94
68
54
98
50
58
92
55
91
95
77
77
55
50
70
72
61
60
94
92
86
58
71
93
97
96
92
83
59
60
97
62
84
60
58
52
74
65
70
99
98
94
73
95
60
55
59
53
79
56
51
78
76
77
59
76
78
99
66
99
92
84
71
74
67
88
50
91
72
71
82
76
96
66
55
52
58
80
93
95
66
58
89
99
75
57
71
99
86
73
85
73
84
96
86
77
78
50
59
61
73
92
73
60
52
96
78
97
51
83
75
91
55
100
61
98
67
81
93
74
63
64
67
69
72
64
83
55
77
100
94
87
82
80
81
53
78
82
54
65
91
52
62
97
97
93
54
96
66
52
57
79
69
82
53
56
75
89
61
59
100
83
51
70]


w:[19	

23	

25	

26	

14	

16	

28	

21	

17	

26	

11	

25	

13	

18	

17	

25	

17	

28	

30	

22	

20	

24	

30	

13	

10	

30	

19	

24	

27	

30	

19	

19	

30	

10	

22	

25	

29	

26	

28	

23	

16	

16	

28	

15	

17	

27	

11	

27	

28	

11	

15	

13	

14	

14	

10	

22	

27	

30	

10	

11	

26	

21	

20	

11	

18	

14	

20	

14	

18	

10	

19	

16	

25	

13	

12	

26	

11	

23	

28	

14	

28	

27	

16	

28	

19	

16	

27	

11	

25	

21	

13	

19	

13	

27	

17	

26	

29	

23	

24	

25	

29	

10	

24	

14	

28	

18	

11	

27	

28	

16	

12	

23	

21	

23	

26	

22	

17	

13	

20	

12	

30	

22	

26	

18	

24	

19	

10	

15	

24	

20	

29	

21	

17	

26	

13	

19	

25	

25	

19	

15	

23	

21	

12	

11	

23	

12	

29	

24	

25	

27	

27	

28	

22	

20	

14	

12	

24	

16	

20	

19	

19	

27	

24	

17	

13	

13	

30	

10	

22	

21	

20	

29	

20	

23	

27	

13	

13	

15	

28	

29	

27	

27	

14	

18	

25	

15	

20	

30	

28	

25	

17	

23	

26	

26	

19	

12	

10	

30	

10	

24	

26	

22	

27	

18	

22	

28	

24	

16	

11	

25	

12	

29	

11	

19	

24	

12	

11	

15	

20	

12	

22	

12	

26	

23	

12	

20]	

