n:552	
m:8


W:[5582
5526
5504
5429
5485
5567
5480
5434]


b:[82
85
67
81
57
77
64
100
56
76
79
55
95
63
70
56
53
51
64
90
61
83
63
50
81
59
64
50
98
75
68
67
96
55
91
77
74
50
73
59
78
82
100
99
78
96
75
90
81
77
83
62
71
84
79
61
81
53
69
92
82
98
90
82
98
71
51
63
54
80
84
94
66
78
77
54
69
69
55
98
84
88
97
99
80
56
85
51
58
93
55
79
71
54
60
61
60
52
81
89
96
64
94
94
88
71
87
63
51
68
51
86
93
73
59
83
75
98
60
51
84
85
72
67
50
91
87
91
51
50
52
93
99
58
90
59
79
59
74
80
93
90
51
99
69
84
73
50
100
70
82
61
84
54
88
78
72
86
59
89
86
54
94
69
50
53
90
73
74
90
84
98
79
52
61
54
51
62
90
81
82
84
70
92
64
50
78
93
68
71
65
87
96
93
58
68
98
85
82
59
87
100
83
90
93
52
70
77
71
85
67
93
99
60
69
82
89
86
82
84
74
100
75
68
80
59
71
59
53
57
73
91
90
75
57
77
63
77
70
75
97
56
53
90
80
81
86
56
50
51
100
75
52
71
74
69
88
83
52
77
72
73
87
83
68
95
95
59
66
67
55
75
69
83
83
76
69
79
70
61
69
93
76
61
64
55
50
59
87
91
79
65
83
51
54
90
99
87
72
71
91
53
68
97
89
99
68
54
93
71
55
99
91
91
82
59
76
61
88
52
76
96
54
87
88
64
92
65
69
63
70
75
100
80
69
64
56
100
51
82
86
67
94
59
69
89
92
56
75
87
76
90
50
70
73
72
90
71
88
89
97
77
72
94
88
72
96
58
71
83
77
81
72
82
50
63
85
75
82
57
91
84
69
71
61
70
97
50
60
81
73
50
96
78
99
69
66
77
62
73
57
89
99
72
99
78
78
54
69
79
84
99
97
77
63
91
59
77
55
62
81
90
58
72
56
52
71
84
71
88
54
64
90
88
59
64
75
51
98
52
53
89
64
70
54
61
52
82
63
100
62
81
57
90
67
98
100
84
93
59
90
100
80
50
87
83
76
52
73
77
57
52
96
81
59
83
84
60
89
57
82
55
91
58
75
71
54
54
50
69
93
57
100
68
63
50
55
93
83
64
78
70
94
68
81
60
95
50
80
93
97
73
83
63
79
72
61
53
54
98
70
91
78
87
96
57
88
59
53
66
93
69
61
97
51
97
69
91
87
100
65
52
53
81
100
76
73
66
92
77
65
74]


w:[19	14	24	20	25	23	20	10	

28	26	10	14	22	22	29	15	

26	17	30	18	15	26	17	15	

25	21	22	29	30	11	16	11	

25	22	21	25	30	20	16	29	

23	20	11	22	19	24	22	29	

22	18	18	30	18	26	29	15	

15	18	13	10	22	19	22	21	

28	27	18	30	14	19	13	30	

10	30	20	24	23	28	21	26	

25	21	10	17	10	11	13	10	

21	24	23	29	27	11	18	22	

26	13	16	18	11	12	17	12	

25	21	30	22	14	24	29	11	

15	28	20	14	11	15	11	16	

18	19	21	24	16	20	25	24	

21	19	25	27	19	18	30	17	

27	26	16	11	28	22	16	14	

29	16	28	16	23	14	10	21	

10	28	24	24	29	18	13	24	

15	25	22	18	28	25	15	15	

27	27	12	18	20	25	13	15	

23	23	11	22	30	19	10	10	

28	19	21	24	29	26	21	12	

27	13	27	19	27	10	15	19	

18	16	25	28	15	10	23	13	

25	25	13	15	22	25	22	16	

14	13	17	12	23	14	20	13	

15	28	17	13	25	27	30	29	

14	19	21	21	11	21	21	10	

18	17	23	16	24	14	19	12	

11	11	18	27	24	12	22	19	

26	25	15	23	21	17	14	21	

13	20	13	12	23	11	20	13	

17	13	16	21	18	15	17	19	

17	20	16	12	13	14	15	10	

22	25	16	25	29	29	28	15	

24	27	26	11	29	19	28	14	

17	10	23	23	22	27	14	12	

18	26	17	21	26	23	16	20	

29	21	27	23	17	25	19	12	

27	20	18	22	25	22	20	10	

22	16	17	11	25	19	23	23	

20	19	18	24	20	29	19	16	

22	28	23	11	12	11	25	28	

13	26	13	25	18	13	12	29	

17	22	29	21	14	11	25	18	

10	29	29	19	23	15	22	21	

20	29	21	25	26	16	28	24	

30	18	11	14	15	24	12	18	

12	28	28	27	14	16	25	15	

26	17	11	11	12	30	12	18	

24	10	19	29	28	10	29	24	

22	28	27	21	20	29	23	26	

12	20	21	17	11	14	28	11	

22	22	18	11	26	15	12	17	

11	12	18	10	18	14	17	29	

29	17	12	23	19	15	29	24	

27	23	29	30	18	13	23	22	

27	22	29	15	14	28	24	18	

29	28	23	15	22	30	18	13	

18	25	19	21	17	12	27	28	

29	22	11	23	28	22	23	25	

19	30	18	25	28	27	16	24	

25	13	26	23	19	29	11	27	

24	10	16	24	30	29	10	21	

17	21	15	26	24	27	15	27	

27	16	22	30	10	11	10	30	

29	20	10	20	30	23	30	16	

17	12	13	13	24	28	17	19	

23	18	19	28	18	12	23	19	

22	12	19	13	16	28	23	21	

19	19	25	30	13	21	29	13	

18	26	25	11	21	20	27	11	

17	11	29	13	13	23	10	23	

29	21	12	12	14	19	20	20	

15	26	24	29	11	27	14	23	

17	14	14	12	27	27	11	13	

25	29	18	22	19	13	14	16	

12	25	30	24	30	19	26	16	

21	12	20	10	26	21	23	22	

22	23	23	10	27	11	15	23	

18	22	26	27	14	28	13	29	

10	14	26	25	10	26	25	23	

20	26	14	14	28	29	25	14	

21	20	28	20	23	12	17	25	

23	21	21	22	13	26	29	15	

25	10	16	11	17	24	12	28	

26	25	23	17	23	21	28	12	

25	12	19	11	30	25	11	28	

18	15	28	28	21	18	22	10	

17	21	12	13	21	10	15	16	

17	13	23	13	10	14	14	19	

15	27	13	30	25	10	12	23	

27	17	30	21	14	21	28	26	

19	14	17	14	27	24	30	25	

28	29	10	18	20	27	27	20	

19	10	12	14	16	27	12	26	

30	28	26	14	18	16	24	13	

19	27	12	25	11	30	27	23	

24	15	16	12	20	17	28	14	

26	26	16	22	15	16	12	26	

20	15	28	16	19	28	22	29	

18	27	17	13	20	11	25	22	

28	20	29	13	10	12	15	15	

11	11	11	28	16	17	23	21	

30	23	26	12	16	20	30	13	

18	11	12	10	20	22	30	19	

27	10	12	21	10	28	14	29	

28	14	27	15	13	23	23	10	

16	16	23	14	30	15	13	19	

21	19	17	29	24	13	29	22	

28	11	21	27	18	16	27	13	

11	11	13	21	13	19	29	25	

21	21	19	17	26	17	15	18	

22	13	14	30	24	19	22	30	

30	24	22	19	10	20	22	12	

22	25	11	17	25	20	26	15	

15	23	15	14	10	25	19	17	

23	24	26	28	10	20	10	28	

26	12	15	24	18	13	13	23	

26	18	14	25	19	25	22	21	

24	16	15	18	13	23	20	26	

12	18	20	12	18	14	13	14	

27	27	16	12	26	21	20	23	

30	16	16	11	17	17	30	21	

15	11	24	23	16	23	11	21	

25	11	18	27	12	15	21	29	

20	22	21	20	27	26	21	15	

23	16	19	20	26	20	15	27	

26	21	27	27	25	10	19	16	

26	21	13	10	18	25	28	15	

26	22	13	25	27	30	20	23	

16	10	12	17	10	12	11	16	

10	27	12	18	19	26	14	26	

18	21	28	12	24	15	27	17	

15	23	16	26	19	22	18	12	

20	28	27	16	10	27	30	28	

27	24	19	14	17	15	25	13	

28	29	21	22	20	16	20	17	

12	15	25	14	11	18	25	23	

22	27	11	24	17	18	12	10	

28	30	26	30	21	21	12	29	

22	22	12	20	18	17	29	10	

17	19	18	24	28	19	15	23	

20	25	23	20	17	26	22	17	

24	21	19	23	21	25	29	26	

14	25	21	30	15	19	20	24	

27	29	15	11	12	15	22	23	

12	28	14	12	27	29	19	17	

21	29	23	19	20	17	10	14	

12	27	17	29	27	22	17	27	

22	29	19	14	28	26	27	16	

15	16	25	24	19	18	13	24	

11	28	27	15	12	24	29	10	

11	10	12	12	22	11	20	23	

10	25	11	28	18	21	14	10	

28	21	27	27	24	24	15	26	

16	22	19	25	29	15	22	22	

12	14	12	23	22	20	25	26	

11	10	22	18	15	19	25	23	

18	14	11	15	17	29	26	24	

27	14	17	12	18	27	20	30	

13	11	21	23	17	15	19	22	

21	25	11	26	24	29	24	13	

25	24	19	20	10	22	11	19	

24	20	22	19	19	28	30	10	

15	17	16	23	15	14	21	10	

12	26	29	30	28	23	22	13	

30	26	22	16	12	28	22	26	

18	12	22	19	14	22	25	19	

26	11	24	23	25	29	26	19	

27	15	29	15	30	13	17	27	

21	21	10	11	15	29	21	12	

14	18	11	24	13	26	11	23	

26	18	29	18	13	10	10	24	

22	29	12	21	14	20	14	21	

27	28	16	29	26	18	18	20	

18	26	14	28	22	20	13	14	

22	30	15	24	23	27	27	22	

21	12	20	21	17	11	16	16	

20	20	10	18	23	23	14	25	

23	12	17	25	17	27	17	13	

23	11	12	28	18	26	11	20	

22	11	17	21	11	28	10	24	

28	20	30	29	29	10	19	25	

21	24	22	17	30	26	25	21	

11	27	11	18	14	27	19	22	

16	27	29	30	15	17	26	26	

18	11	13	17	16	19	26	10	

22	21	23	11	16	20	18	17	

13	14	19	19	19	12	24	27	

18	21	15	15	13	29	22	14	

26	23	26	13	10	12	12	15	

11	29	27	20	28	11	23	24	

21	24	17	12	14	21	30	13	

29	20	17	23	21	22	27	21	

16	21	22	24	10	29	13	27	

29	16	20	14	29	29	12	20	

22	15	20	16	30	19	26	21	

22	11	17	25	15	21	15	26	

26	14	21	27	19	17	29	16	

14	20	11	17	22	26	18	19	

28	12	26	19	17	14	10	19	

13	26	22	30	13	18	28	10	

16	20	18	19	30	14	26	18	

24	30	17	17	24	28	21	24	

13	25	15	28	13	13	29	15	

26	27	21	26	10	30	29	26	

20	30	16	17	16	24	19	10	

23	20	19	12	17	27	10	15	

14	24	26	21	23	14	28	12	

20	21	16	21	19	19	23	14	

11	12	11	20	12	15	20	15	

27	24	18	26	26	14	23	10	

30	22	12	19	24	17	16	14	

11	19	19	12	23	15	29	19	

24	14	19	16	19	21	12	23	

26	13	11	17	19	25	27	11	

21	26	12	14	21	21	10	14	

11	11	12	22	17	17	27	30	

24	21	27	14	16	28	13	12	

22	15	12	15	30	14	19	18	

17	22	15	29	17	25	11	12	

17	10	17	21	15	27	18	21	

14	10	25	16	24	21	28	30	

11	17	20	23	19	11	14	24	

12	27	15	21	10	19	19	21	

14	19	20	22	25	28	10	10	

11	13	12	11	11	12	21	26	

16	14	30	10	19	21	13	14	

20	29	19	18	22	29	29	22	

13	18	29	13	22	17	19	29	

20	15	22	21	24	23	21	20	

22	16	26	24	14	13	20	22	

17	22	16	25	22	15	21	10	

26	15	24	22	20	30	15	21	

25	13	16	16	21	25	14	21	

28	28	15	23	19	10	22	23	

11	26	13	19	20	13	17	27	

25	18	14	27	29	22	22	28	

18	19	29	10	29	16	14	22	

13	14	13	10	29	17	28	15	

25	16	21	18	16	18	11	29	

11	27	11	17	25	18	23	19	

15	10	27	14	10	14	28	12	

28	16	21	29	28	28	23	22	

15	20	21	20	19	12	14	15	

10	20	22	29	29	16	11	20	

11	19	23	24	15	24	24	28	

21	30	12	25	12	10	13	13	

27	14	30	21	27	29	15	20	

18	12	21	14	30	14	27	26	

17	21	18	17	17	24	15	21	

24	15	24	28	15	18	19	30	

18	22	26	11	24	29	10	19	

12	30	23	20	19	12	12	25	

18	30	12	12	14	19	24	23	

18	23	10	23	18	29	21	23	

23	29	19	24	25	11	24	28	

30	30	30	25	16	15	13	15	

29	29	10	26	20	24	26	28	

26	12	27	12	23	10	12	25	

18	19	15	27	27	12	15	24	

12	12	22	16	10	12	16	23	

22	30	22	29	22	17	15	18	

23	29	18	17	27	17	22	24	

30	11	30	22	23	24	13	26	

24	23	14	13	29	19	15	17	

13	12	18	11	16	17	13	10	

26	17	20	13	17	28	11	21	

24	12	22	14	23	12	19	24	

28	28	15	11	29	26	21	10	

22	16	27	19	26	12	25	28	

26	11	19	18	22	15	15	29	

11	12	12	12	25	10	29	26	

29	20	16	18	27	13	30	30	

11	22	30	20	17	19	14	17	

29	26	20	17	18	25	29	22	

10	16	17	30	15	22	25	20	

28	27	20	19	12	25	29	22	

21	21	29	13	13	28	12	13	

12	26	12	18	18	22	26	16	

13	17	21	22	29	24	20	25	

27	25	27	28	14	20	26	14	

15	29	12	29	28	29	13	29	

19	12	17	11	12	30	26	17	

12	28	11	30	15	24	26	24	

22	20	24	24	10	16	13	18	

30	17	11	15	11	30	17	23	

12	27	23	17	12	21	12	12	

20	11	19	11	20	22	16	15	

17	21	13	28	28	15	14	22	

17	12	25	17	25	14	27	26	

23	10	28	29	14	12	18	24	

21	17	10	20	26	15	24	22	

28	21	11	10	22	23	10	11	

20	28	30	11	29	14	10	13	

19	10	25	24	11	18	18	20	

28	28	13	17	12	13	29	24	

16	21	14	10	19	26	18	16	

23	23	15	30	15	18	25	19	

14	14	12	23	21	27	14	17	

26	21	26	15	19	17	18	14	

27	23	18	30	29	29	29	17	

28	30	13	28	14	30	28	14	

20	23	26	18	10	26	15	29	

26	27	12	12	30	28	28	10	

22	30	21	25	19	12	29	12	

14	25	27	19	25	21	26	13	

25	29	17	26	18	27	15	29	

30	11	12	22	18	22	10	23	

17	21	23	21	23	23	30	12	

19	15	21	13	23	12	25	13	

28	12	17	29	16	16	22	26	

29	25	17	20	20	27	26	17	

25	30	21	21	21	16	21	24	

13	13	21	28	17	10	26	24	

26	18	13	25	17	17	12	26	

10	25	17	15	18	20	12	10	

24	25	28	25	21	18	21	28	

24	29	10	15	26	24	16	17	

15	14	25	12	15	26	21	23	

23	18	24	30	29	26	16	28	

15	18	29	11	15	16	26	14	

19	18	27	13	29	11	28	10	

21	27	30	16	14	18	14	21	

25	27	25	18	19	26	30	11	

26	24	12	13	22	26	14	25	

16	26	27	23	16	23	27	10	

14	12	25	21	12	18	14	30	

11	22	18	10	14	17	17	11	

18	14	27	12	14	28	24	19	

29	12	17	16	28	15	25	11	

27	16	30	29	29	10	11	22	

24	17	25	19	19	14	20	29	

11	18	27	13	26	22	13	10	

10	22	25	15	29	14	23	22	

24	22	27	27	19	17	10	15	

28	13	28	11	21	22	21	15	

14	26	24	21	22	17	17	19	

10	26	24	25	18	15	21	30	

11	24	27	15	16	23	13	17	

15	17	20	21	13	22	24	11	

11	13	27	14	30	20	30	18	

29	16	27	28	10	23	21	24	

12	27	18	16	24	23	12	14	

21	23	29	16	16	24	30	14	

25	16	28	12	19	12	25	14	

23	28	28	18	17	13	16	29	

25	22	27	15	22	28	20	20	

22	16	21	16	17	17	19	10	

23	27	19	22	16	10	12	17	

12	12	24	14	24	12	24	28	

12	23	30	12	25	21	23	28	

21	12	25	23	11	17	26	21	

17	29	22	30	22	11	18	30	

21	18	20	28	18	26	28	21	

29	20	22	17	29	21	27	13	

17	24	27	10	14	24	12	26	

13	13	30	22	10	29	27	30	

27	17	11	15	23	11	15	13	

11	16	12	22	29	23	25	30	

10	13	16	10	23	21	30	17	

23	10	11	21	24	14	21	21	

30	28	13	10	26	23	22	17	

11	19	12	10	14	26	29	10	

17	29	16	11	29	13	25	10	

19	21	16	23	15	27	19	24	

23	27	18	14	13	10	24	30	

30	24	18	16	26	29	18	13	

30	24	17	14	11	24	11	17	

21	30	25	12	13	19	17	11	

24	22	30	25	19	27	19	15	

17	20	17	22	26	24	15	30	

10	26	27	11	16	10	29	16	

23	13	17	29	26	13	15	16	

16	17	14	15	24	29	27	13	

25	12	15	28	18	24	18	22	

24	29	14	20	15	24	29	20	

27	22	28	28	29	16	27	27	

20	17	16	19	16	17	11	22	

21	13	20	14	17	18	16	23	

17	14	29	21	27	26	17	16	

12	25	17	25	21	22	26	30	

22	19	29	27	17	27	20	18	

12	24	16	15	12	18	10	13	

20	12	19	23	10	21	13	22	

25	10	29	29	16	28	16	23	

17	29	30	12	29	26	25	11	

25	18	16	24	24	11	20	15	

19	20	26	11	20	15	19	22	

19	22	25	25	24	26	19	19	

10	17	14	15	17	24	26	23	

19	25	11	27	10	24	17	20	

29	22	14	21	25	20	22	28	

11	23	20	14	21	26	11	21	

14	26	20	18	26	27	23	14	

12	18	25	14	30	19	14	24	

12	25	22	15	26	18	19	27	

30	23	17	26	30	29	13	12	

20	27	30	10	19	23	11	16	

22	20	12	11	16	13	30	18	

24	14	26	28	25	28	20	30	

10	19	19	29	21	21	21	26	

30	13	20	10	30	26	17	12	

16	21	10	27	12	11	19	25	

10	16	24	27	26	11	11	27	

10	21	11	24	17	12	15	18	

28	23	14	21	12	24	30	21	

23	24	20	17	20	28	23	30	

23	24	22	18	22	25	12	30	

10	20	21	16	28	22	11	21	

20	10	16	10	17	21	13	18	

20	26	28	16	24	17	19	12	

10	30	10	14	24	17	21	25	

25	15	20	17	20	19	18	20	

10	17	13	24	23	26	24	29	

29	27	23	24	21	30	29	20	

20	25	23	10	21	28	25	14	

22	21	17	23	29	24	11	19	

12	18	16	13	19	28	15	15	

16	26	24	26	10	11	11	27	

16	23	18	25	21	24	23	17	

29	30	27	21	15	22	28	28	

25	16	12	27	23	16	29	18	

26	12	14	13	13	12	25	16	

23	14	24	15	12	10	23	25	

23	14	17	10	27	26	24	26	

19	29	23	17	22	15	29	10	

29	21	26	28	13	16	12	23	

17	12	14	18	28	25	17	12	

13	14	22	17	10	27	10	29	

26	28	18	25	18	30	19	10	

10	16	25	30	14	30	13	21	

26	15	28	11	17	11	16	27	

10	29	14	28	28	17	26	12	

27	12	26	23	14	18	14	29	

28	23	22	15	19	12	14	11	

11	30	14	10	18	30	24	12	

30	26	11	24	16	12	25	30	

11	22	27	22	22	27	25	18	

19	29	18	20	21	15	19	15	

10	28	24	10	25	14	24	19	

28	22	12	28	28	21	26	17	

18	10	24	29	30	17	27	20	

11	16	12	24	29	19	18	14	

18	26	30	26	10	27	22	14	

25	16	10	24	23	10	25	25	

17	20	30	10	11	21	13	30	

21	27	12	27	11	20	11	30	

22	20	27	29	19	17	16	26	

20	26	24	29	30	18	28	12	

28	11	25	30	14	16	28	28	

15	26	25	17	23	21	26	10	

13	16	27	24	10	30	12	20	

16	19	20	18	11	16	20	14	

28	16	19	23	19	23	19	13	

28	24	23	17	24	13	15	27	

18	16	25	18	15	26	23	13	

10	11	10	21	27	20	17	17	

27	13	22	27	17	15	14	28	

15	22	17	23	11	25	11	25	

23	27	26	10	13	26	19	30	

29	18	28	23	10	21	23	27	

16	13	30	19	10	21	11	23	

19	23	21	27	10	29	10	24	

30	22	13	24	28	21	22	30	

23	22	10	18	11	29	14	12	

20	14	30	18	28	19	27	12	

15	30	27	15	30	21	26	14	

19	10	17	21	18	21	19	20	

13	16	21	11	29	17	30	21	

18	13	27	14	16	14	10	10	

19	11	24	10	24	14	11	27	

10	15	30	17	15	21	21	11	

21	11	28	28	13	24	16	19	

14	21	25	23	29	22	20	12	

26	18	25	16	22	19	25	11	

28	20	24	30	16	27	16	29	

16	25	25	19	27	11	18	18	

24	19	22	19	20	12	10	13	

14	16	16	23	30	21	18	28	

24	12	25	29	16	12	22	19	

29	24	15	14	16	29	11	12	

17	17	20	16	11	18	19	13	

21	19	26	22	18	29	27	24	

15	14	11	27	19	22	25	27	

28	22	17	17	19	19	27	29	

13	24	22	12	28	15	28	29	

12	19	22	19	10	24	24	24	

30	23	15	20	13	11	18	15	

17	10	19	22	18	26	16	20	

12	11	11	30	25	26	13	10	

27	17	14	18	19	17	16	12	

20	16	22	12	17	10	29	27	

22	12	14	30	10	17	17	19	

11	23	30	30	13	20	22	17	

14	29	19	11	28	27	11	21	

26	26	12	28	14	10	10	22	

14	11	13	10	19	22	13	22	

15	19	18	14	28	22	30	25	

21	22	17	17	30	10	30	14	

27	30	25	10	20	15	14	14	

29	19	30	19	22	19	27	14	

26	23	24	23	28	23	19	28	

30	12	11	26	23	30	16	10	

20	12	18	22	28	25	27	26	

30	13	12	19	21	27	11	30	

10	13	15	14	30	22	12	12	

22	26	25	20	30	30	14	23	

17	26	26	17	21	16	14	17	

10	22	21	26	18	20	23	24	

21	25	30	11	24	12	28	14	

29	15	13	11	22	13	27	13	

19	30	28	26	15	28	25	30	

17	25	16	17	16	11	23	24	

24	10	27	13	19	12	18	28	

23	16	11	28	15	17	11	17	

14	14	25	18	29	23	14	27	

13	21	30	22	30	21	19	14	

10	29	21	20	30	16	27	17	

19	14	22	18	13	23	13	29	

15	29	20	16	13	25	16	13	

15	10	18	22	13	28	26	19	

29	11	16	22	11	14	19	10	

17	14	15	26	20	19	11	28	

24	29	27	17	17	27	26	11	

22	25	21	30	15	19	16	28	

18	18	30	28	20	15	21	22	

26	23	27	28	13	30	17	11	

13	24	25	17	24	23	24	28	

27	15	18	19	17	26	30	17	

27	18	30	25	19	20	17	18	

18	21	29	10	25	19	13	12	

13	21	29	16	14	24	25	11	

22	13	21	22	13	23	26	21	

23	26	18	16	26	26	21	21	

13	29	30	21	13	22	15	12	

26	16	23	26	15	24	29	20	

20	20	10	29	28	18	23	30	

12	28	14	25	15	29	22	20	

30	17	21	25	17	29	27	12	

29	19	13	19	29	21	17	23	

17	19	22	15	29	30	10	25	

28	22	23	28	16	21	23	14	

13	22	19	28	28	13	18	24	

28	25	20	13	29	18	24	13	

30	18	14	13	19	18	25	16	

25	14	16	13	22	13	25	15	

14	13	18	24	22	26	11	29	

15	26	29	15	23	13	18	27]	

