n: 20

m: 5

b:[ 61   98      51      47      162     67      37      142     73      107     36      60      160     113     26      164     88      159     43      140 ]

w: [ 32   20      36      21      17
11      33      15      11      38
35      20      36      29      17
21      37      13      37      39
23      40      33      12      34
36      25      16      19      20
21      26      15      38      13
25      13      24      23      33
27      13      33      29      31
35      22      17      11      13
38      35      23      19      15
24      23      28      21      38
12      14      15      12      18
24      16      16      38      31
39      16      39      22      30
23      22      18      29      34
15      30      28      38      32
32      22      20      37      22
14      40      18      26      17
11      34      21      23      30]

W: [166  167     154     165     174]