n: 235
m: 9
b: [61  25      161     67      73      67      36      166     149     164     53      91      156     70      27      142     30      111     51      148     79      94      93      118     58      22      39      127     31      108     46      165     69      58      133     141     155     74      57      104     93      22      123     34      81      139     21      30      102     93      84      23      20      73      80      92      107     55      73      77      74      75      26      75      116     82      60      112     169     71      140     74      34      45      133     109     152     70      79      124     56      143     125     112     96      26      95      136     168     70      159     148     155     78      41      52      135     33      141     96      137     36      79      26      134     28      115     156     167     72      88      90      68      141     81      107     105     101     119     75      29      38      65      42      101     128     86      153     90      113     46      108     112     142     110     152     153     37      133     53      30      28      135     61      60      80      30      46      44      116     86      124     76      116     101     42      121     39      106     85      65      27      125     59      168     66      29      117     36      169     167     78      140     146     106     151     122     138     167     67      92      138     129     25      45      110     105     135     41      55      81      40      25      58      49      113     141     48      141     111     128     24      50      105     113     161     157     113     96      160     65      142     163     133     30      158     72      28      165     153     153     58      122     108     134     74      85      168     120     148     22      87      73      165     60       ]
w: [32  20      36      21      17      18      11      33      15
38      10      35      20      36      29      17      32      21
13      37      39      23      23      40      33      12      34
36      25      16      19      20      40      21      26      15
13      22      25      13      24      23      33      22      27
33      29      31      21      35      22      17      11      13
38      35      23      19      15      29      24      23      28
38      28      12      14      15      12      18      37      24
16      38      31      11      39      16      39      22      30
23      22      18      29      34      39      15      30      28
32      30      32      22      20      37      22      32      14
18      26      17      18      11      34      21      23      30
32      26      15      14      39      12      22      11      34
13      25      34      26      30      24      38      37      32
21      18      39      13      22      10      34      20      29
32      19      20      24      38      11      20      17      22
14      13      25      13      14      15      21      16      25
32      22      25      18      37      16      21      24      35
32      32      25      16      17      28      16      33      12
23      13      18      23      13      29      24      38      38
31      35      39      26      20      37      39      23      26
13      26      38      26      38      12      35      34      31
16      29      27      18      38      14      25      37      28
39      38      38      26      11      22      10      10      26
40      34      31      32      32      16      20      39      20
40      40      39      33      26      22      29      37      16
33      15      31      36      16      40      30      18      36
28      33      33      32      27      37      40      26      33
35      19      34      13      34      21      24      12      34
33      14      21      15      35      25      25      32      25
29      22      27      14      25      34      36      11      36
28      28      12      29      33      14      28      19      15
25      36      32      17      17      21      28      24      26
17      34      14      20      24      16      35      30      28
30      40      37      23      30      13      30      14      21
38      34      30      26      31      18      20      40      32
31      23      29      26      31      14      37      27      39
39      12      13      21      15      20      39      39      16
26      19      23      13      39      13      22      24      11
30      16      19      32      25      26      35      26      34
40      37      12      28      14      12      27      21      11
17      33      31      34      12      28      36      20      24
38      31      13      12      21      39      28      27      17
36      39      31      10      15      20      40      28      29
40      27      27      10      36      26      33      39      27
27      19      35      38      24      21      32      38      35
12      36      16      18      36      20      24      39      14
24      33      20      38      12      25      14      13      35
15      32      25      13      38      31      31      28      39
10      30      30      40      23      27      34      37      16
24      12      35      18      31      36      29      35      13
16      40      23      35      11      21      29      10      13
22      27      11      36      28      17      32      28      32
29      23      40      39      34      12      17      33      13
25      14      21      40      40      28      39      11      33
34      16      18      13      38      24      36      11      37
31      40      14      10      12      22      16      17      13
26      36      21      28      18      28      14      17      12
15      29      15      30      25      15      26      36      28
13      22      20      33      11      35      21      32      18
11      28      35      17      10      38      24      24      14
18      21      17      31      19      20      34      35      39
19      18      16      28      18      19      31      39      35
34      39      33      31      11      36      14      26      39
35      37      23      17      25      25      31      35      31
15      35      33      24      24      20      35      39      26
27      19      11      30      28      13      15      35      27
20      40      39      24      26      39      34      38      24
23      27      17      29      39      37      33      16      13
11      13      13      39      39      11      31      28      21
26      13      33      10      10      39      25      35      18
17      27      12      12      17      30      16      33      22
39      34      29      37      18      22      35      16      12
30      34      24      28      35      16      18      36      18
18      10      16      10      26      12      20      35      14
20      23      12      36      36      25      11      32      30
23      37      18      29      13      27      32      18      34
40      13      26      38      39      30      21      39      30
30      37      10      17      37      29      16      27      32
35      20      18      23      19      19      24      14      14
23      34      27      36      11      36      33      12      10
21      27      38      25      23      16      31      32      17
11      22      20      25      39      25      40      25      36
20      10      34      38      15      19      11      19      19
31      10      33      21      19      21      11      10      21
28      14      34      32      32      38      25      12      26
37      35      11      15      17      30      37      22      40
39      37      18      16      39      38      28      25      37
36      20      38      25      13      39      10      31      35
16      30      22      40      28      17      11      32      37
34      21      23      25      29      18      20      28      35
26      15      30      18      36      38      26      40      33
27      12      19      22      27      13      34      37      13
20      32      24      37      14      23      18      37      16
17      30      12      13      13      19      11      28      34
11      37      12      35      15      20      34      14      10
15      39      23      19      23      24      38      20      24
36      24      21      28      14      38      22      19      18
35      36      27      28      30      30      14      31      34
15      16      35      33      22      15      20      20      14
19      29      31      12      14      32      37      24      22
19      39      10      17      23      17      16      37      29
27      25      30      22      19      19      28      37      13
33      28      32      18      13      24      30      35      11
35      33      37      24      37      29      22      10      28
10      30      20      26      23      19      32      25      16
39      14      18      20      21      28      26      30      20
33      32      14      16      35      40      19      27      29
18      40      34      16      33      38      40      34      39
29      35      23      22      28      30      29      26      24
36      15      35      11      29      26      40      17      22
38      27      29      31      22      39      27      20      20
30      13      17      25      18      30      21      19      35
20      32      16      38      25      16      19      37      18
30      35      26      30      34      26      21      26      39
40      26      17      34      20      34      26      12      26
35      17      32      10      29      30      29      12      12
27      17      31      18      20      28      28      10      18
18      13      12      23      40      29      25      28      26
31      13      26      13      15      38      31      39      26
23      20      35      37      27      27      29      26      32
30      31      16      32      16      13      33      38      12
39      16      10      32      24      37      19      38      16
13      11      34      40      11      14      24      16      20
30      26      13      15      32      38      25      21      23
28      20      32      37      15      20      38      34      32
17      31      32      35      22      31      15      16      40
37      15      30      11      19      23      12      18      30
28      14      27      32      38      25      17      33      14
11      32      17      16      22      28      12      36      18
40      12      14      20      32      10      37      32      34
36      10      26      36      25      28      13      38      11
38      38      40      40      34      22      25      13      31
24      18      25      10      30      19      30      21      27
29      15      35      11      20      29      12      24      10
32      31      11      37      19      19      36      31      12
30      24      33      18      39      30      23      20      10
13      36      31      29      37      11      39      10      36
30      16      14      31      39      20      31      32      32
31      10      18      10      21      12      11      18      40
15      36      16      31      22      36      33      37      11
24      32      20      28      26      19      35      34      38
36      13      21      13      30      16      21      25      30
23      24      18      39      31      27      20      14      35
12      10      29      30      30      31      34      21      35
34      21      11      36      32      23      29      33      10
12      12      19      12      18      21      22      18      24
38      22      20      10      40      30      25      14      18
30      36      17      15      19      39      37      35      36
25      30      35      26      34      30      35      18      15
40      11      23      35      34      20      21      32      10
36      27      40      32      10      13      13      27      24
31      34      13      25      30      24      25      26      24
37      33      20      11      20      28      19      36      24
29      22      10      18      15      14      13      34      40
31      24      22      10      12      10      31      35      31
22      15      26      29      22      38      11      25      22
13      34      13      18      29      20      21      35      22
36      11      19      24      39      36      34      27      18
12      12      33      33      39      24      14      33      27
25      39      14      22      21      26      18      28      25
38      40      40      12      25      14      12      18      27
10      38      38      20      20      38      15      28      39
21      24      33      24      23      19      34      30      38
20      21      28      14      34      40      13      20      21
34      22      37      23      40      38      31      40      17
22      25      25      19      12      10      37      10      36
15      34      20      12      24      16      11      33      23
12      13      36      35      12      10      28      13      19
16      22      22      21      28      40      14      32      20
23      34      11      18      34      31      30      18      34
19      11      21      32      15      25      10      27      29
20      39      11      18      14      13      34      20      26
36      33      29      22      17      11      34      19      15
20      30      12      22      13      21      19      18      25
23      27      31      39      40      30      12      29      29
25      17      22      24      37      11      37      39      13
16      17      19      25      32      40      39      18      31
29      21      40      23      14      12      12      25      39
20      37      11      28      40      19      37      37      29
25      39      36      35      27      32      29      31      21
37      39      30      10      31      14      16      12      27
34      15      28      40      11      11      30      22      27
31      20      18      22      21      32      17      10      34
27      17      24      10      17      19      26      40      15
27      16      38      31      31      24      14      11      24
15      36      35      25      30      28      38      29      35
31      22      27      12      11      26      17      36      39
14      32      20      19      36      12      21      21      32
28      17      19      12      20      10      29      37      32
11      35      21      18      16      32      15      37      36
14      23      40      11      16      16      26      36      38
39      23      14      32      31      36      40      32      37
13      17      37      29      22      12      39      33      28
25      35      26      30      19      27      21      18      11
13      17      34      37      19      37      25      13      13
10      19      21      29      30      13      36      35      17
10      12      39      15      19      22      26      16      18
37      16      22      12      10      40      19      20      40
28      16      21      23      36      24      37      37      21
16      19      12      13      15      30      11      39      38
14      39      31      34      30      15      14      23      20
39      37      36      29      39      25      39      37      25
13      10      33      15      27      25      25      31      40
21      17      23      35      26      10      17      27      24
31      18      17      13      34      31      32      17      10
27      13      34      21      27      13      20      12      25
32      38      33      36      27      21      29      18      16
12      13      31      25      13      18      36      16      18
25      23      25      23      27      28      14      37      13
11      21      27      13      27      13      10      26      26
40      38      36      12      29      28      10      14      13
12      15      37      21      10      33      17      29      33
33      10      18      28      17      27      14      16      15
12      24      27      38      24      27      39      33      34
40      14      22      40      31      24      12      22      12
22      26      16      31      27      19      12      30      28
30      34      22      40      26      14      18      26      39
25      35      29      19      15      20      22      20      40
37      18      38      19      20      15      29      30      35
35      22      38      17      38      37      39      29      28
13      18      23      37      27      24      16      19      28
16      30      10      38      38      33      12      39      25
38      22      26      19      28      39      18      19      24
21      14      37      26      17      17      39      26      12
36      35      30      32      20      22      35      39      23
23      32      15      35      12      30      19      20      24
14      20      21      39      33      24      36      23      21
13      27      35      16      19      39      18      36      33
22      24      38      24      11      25      34      10      29
31      24      33      29      14      28      17      37      21
11      37      24      10      13      14      29      23      33
31      18      10      29      36      40      24      34      31
18      24      24      22      23      19      12      21      38
22      15      33      10      10      14      24      35      18
 ]
W: [2008        1957    1959    1880    1934    1909    1965    2051    1973     ]