n: 420
m: 8
b: [61  34      47      136     37      34      107     62      160     43      164     61      43      143     125     150     115     150     44      106     51      37      33      76      65      20      129     127     142     62      127     39      52      74      154     143     63      104     155     78      155     94      88      84      157     55      63      163     157     130     139     113     30      128     95      166     100     94      78      30      80      126     146     82      129     42      37      95      20      63      75      163     137     60      164     99      37      153     147     73      34      25      141     132     138     83      48      51      66      103     143     45      145     149     56      25      60      82      37      25      159     39      124     130     57      35      54      118     61      105     96      119     36      132     65      27      160     82      89      66      167     119     156     145     145     89      54      89      57      125     101     92      39      36      142     99      72      59      142     143     86      91      138     56      116     97      21      101     21      143     152     130     38      168     85      112     52      52      59      70      60      131     161     113     38      28      139     61      56      140     116     49      113     143     99      85      132     131     145     152     125     129     23      76      38      155     20      165     63      60      78      67      37      110     135     127     105     70      63      85      92      83      99      155     72      56      110     127     45      92      55      61      23      134     43      140     107     85      118     34      141     65      149     110     100     86      144     131     104     48      113     110     59      25      135     148     122     60      25      31      72      106     76      39      124     153     122     115     162     80      74      38      39      58      100     99      142     37      148     98      60      81      60      85      45      70      168     131     130     29      110     117     43      163     168     119     67      32      107     22      66      141     154     155     25      135     95      23      48      51      157     138     142     122     144     48      87      105     117     122     28      24      26      112     33      71      109     92      102     62      32      134     109     56      24      118     77      134     136     99      31      34      102     20      148     37      107     112     45      64      49      169     141     40      149     53      163     117     116     89      25      151     97      120     107     123     140     168     34      119     58      33      49      43      35      89      105     76      147     31      46      63      156     23      24      132     42      147     145     157     91      81      93      41      61      119     111     44      57      54      97      74      69      138     158     127     76      76      48      87      59      32      105     86      26      48      89      139     55      147     108     24      71      80      39      155     98      62      92      167     54      115     29      45      29      164     105     28      98      124      ]
w: [32  20      36      21      17      18      11      33
11      38      10      35      20      36      29      17
21      37      13      37      39      23      23      40
12      34      32      36      25      16      19      20
21      26      15      38      13      22      25      13
23      33      22      27      13      33      29      31
35      22      17      11      13      19      38      35
19      15      29      24      23      28      21      38
12      14      15      12      18      37      24      16
38      31      11      39      16      39      22      30
23      22      18      29      34      39      15      30
38      32      30      32      22      20      37      22
14      40      18      26      17      18      11      34
23      30      33      32      26      15      14      39
22      11      34      18      13      25      34      26
24      38      37      32      29      21      18      39
22      10      34      20      29      15      32      19
24      38      11      20      17      22      29      14
25      13      14      15      21      16      25      40
22      25      18      37      16      21      24      35
32      32      25      16      17      28      16      33
18      23      13      18      23      13      29      24
38      28      31      35      39      26      20      37
23      26      34      13      26      38      26      38
35      34      31      29      16      29      27      18
14      25      37      28      21      39      38      38
11      22      10      10      26      34      40      34
32      32      16      20      39      20      30      40
39      33      26      22      29      37      16      26
15      31      36      16      40      30      18      36
28      33      33      32      27      37      40      26
15      35      19      34      13      34      21      24
34      35      33      14      21      15      35      25
32      25      22      29      22      27      14      25
36      11      36      23      28      28      12      29
14      28      19      15      22      25      36      32
17      21      28      24      26      39      17      34
20      24      16      35      30      28      14      30
37      23      30      13      30      14      21      28
34      30      26      31      18      20      40      32
31      23      29      26      31      14      37      27
31      39      12      13      21      15      20      39
16      11      26      19      23      13      39      13
24      11      18      30      16      19      32      25
35      26      34      20      40      37      12      28
12      27      21      11      38      17      33      31
12      28      36      20      24      13      38      31
12      21      39      28      27      17      23      36
31      10      15      20      40      28      29      36
27      27      10      36      26      33      39      27
27      19      35      38      24      21      32      38
22      12      36      16      18      36      20      24
14      30      24      33      20      38      12      25
13      35      18      15      32      25      13      38
31      28      39      13      10      30      30      40
27      34      37      16      34      24      12      35
31      36      29      35      13      21      16      40
35      11      21      29      10      13      34      22
11      36      28      17      32      28      32      19
23      40      39      34      12      17      33      13
25      14      21      40      40      28      39      11
37      34      16      18      13      38      24      36
37      21      31      40      14      10      12      22
17      13      32      26      36      21      28      18
14      17      12      35      15      29      15      30
15      26      36      28      13      13      22      20
11      35      21      32      18      18      11      28
17      10      38      24      24      14      25      18
17      31      19      20      34      35      39      17
18      16      28      18      19      31      39      35
34      39      33      31      11      36      14      26
34      35      37      23      17      25      25      31
31      36      15      35      33      24      24      20
39      26      22      27      19      11      30      28
15      35      27      11      20      40      39      24
39      34      38      24      13      23      27      17
39      37      33      16      13      27      11      13
39      39      11      31      28      21      14      26
33      10      10      39      25      35      18      33
27      12      12      17      30      16      33      22
39      34      29      37      18      22      35      16
25      30      34      24      28      35      16      18
18      14      18      10      16      10      26      12
35      14      27      20      23      12      36      36
11      32      30      31      23      37      18      29
27      32      18      34      16      40      13      26
39      30      21      39      30      37      30      37
17      37      29      16      27      32      18      35
18      23      19      19      24      14      14      20
34      27      36      11      36      33      12      10
21      27      38      25      23      16      31      32
29      11      22      20      25      39      25      40
36      32      20      10      34      38      15      19
19      19      21      31      10      33      21      19
11      10      21      20      28      14      34      32
38      25      12      26      34      37      35      11
17      30      37      22      40      36      39      37
16      39      38      28      25      37      34      36
38      25      13      39      10      31      35      35
30      22      40      28      17      11      32      37
34      21      23      25      29      18      20      28
13      26      15      30      18      36      38      26
33      21      27      12      19      22      27      13
37      13      25      20      32      24      37      14
18      37      16      31      17      30      12      13
19      11      28      34      37      11      37      12
15      20      34      14      10      21      15      39
19      23      24      38      20      24      21      36
21      28      14      38      22      19      18      28
36      27      28      30      30      14      31      34
15      16      35      33      22      15      20      20
17      19      29      31      12      14      32      37
22      32      19      39      10      17      23      17
37      29      24      27      25      30      22      19
28      37      13      11      33      28      32      18
24      30      35      11      37      35      33      37
37      29      22      10      28      24      10      30
26      23      19      32      25      16      30      39
18      20      21      28      26      30      20      38
32      14      16      35      40      19      27      29
18      40      34      16      33      38      40      34
10      29      35      23      22      28      30      29
24      25      36      15      35      11      29      26
17      22      40      38      27      29      31      22
27      20      20      40      30      13      17      25
30      21      19      35      30      20      32      16
25      16      19      37      18      35      30      35
30      34      26      21      26      39      31      40
17      34      20      34      26      12      26      18
17      32      10      29      30      29      12      12
27      17      31      18      20      28      28      10
28      18      13      12      23      40      29      25
26      33      31      13      26      13      15      38
39      26      34      23      20      35      37      27
29      26      32      21      30      31      16      32
13      33      38      12      36      39      16      10
24      37      19      38      16      30      13      11
40      11      14      24      16      20      11      30
13      15      32      38      25      21      23      27
20      32      37      15      20      38      34      32
17      31      32      35      22      31      15      16
34      37      15      30      11      19      23      12
30      23      28      14      27      32      38      25
33      14      28      11      32      17      16      22
12      36      18      17      40      12      14      20
10      37      32      34      23      36      10      26
25      28      13      38      11      11      38      38
40      34      22      25      13      31      26      24
25      10      30      19      30      21      27      15
15      35      11      20      29      12      24      10
32      31      11      37      19      19      36      31
32      30      24      33      18      39      30      23
10      28      13      36      31      29      37      11
10      36      33      30      16      14      31      39
31      32      32      31      31      10      18      10
12      11      18      40      11      15      36      16
22      36      33      37      11      15      24      32
28      26      19      35      34      38      15      36
21      13      30      16      21      25      30      17
24      18      39      31      27      20      14      35
12      10      29      30      30      31      34      21
20      34      21      11      36      32      23      29
10      14      12      12      19      12      18      21
18      24      10      38      22      20      10      40
25      14      18      38      30      36      17      15
39      37      35      36      39      25      30      35
34      30      35      18      15      24      40      11
35      34      20      21      32      10      33      36
40      32      10      13      13      27      24      28
34      13      25      30      24      25      26      24
37      33      20      11      20      28      19      36
35      29      22      10      18      15      14      13
40      13      31      24      22      10      12      10
35      31      19      22      15      26      29      22
11      25      22      10      13      34      13      18
20      21      35      22      29      36      11      19
39      36      34      27      18      37      12      12
33      39      24      14      33      27      37      25
14      22      21      26      18      28      25      16
40      40      12      25      14      12      18      27
10      38      38      20      20      38      15      28
36      21      24      33      24      23      19      34
38      17      20      21      28      14      34      40
20      21      39      34      22      37      23      40
31      40      17      16      22      25      25      19
10      37      10      36      14      15      34      20
24      16      11      33      23      22      12      13
35      12      10      28      13      19      12      16
22      21      28      40      14      32      20      11
34      11      18      34      31      30      18      34
19      11      21      32      15      25      10      27
30      20      39      11      18      14      13      34
26      20      36      33      29      22      17      11
19      15      19      20      30      12      22      13
19      18      25      39      23      27      31      39
30      12      29      29      32      25      17      22
37      11      37      39      13      28      16      17
25      32      40      39      18      31      37      29
40      23      14      12      12      25      39      38
37      11      28      40      19      37      37      29
25      39      36      35      27      32      29      31
22      37      39      30      10      31      14      16
27      24      34      15      28      40      11      11
22      27      20      31      20      18      22      21
17      10      34      38      27      17      24      10
19      26      40      15      18      27      16      38
31      24      14      11      24      33      15      36
25      30      28      38      29      35      22      31
27      12      11      26      17      36      39      31
32      20      19      36      12      21      21      32
28      17      19      12      20      10      29      37
40      11      35      21      18      16      32      15
36      22      14      23      40      11      16      16
36      38      11      39      23      14      32      31
40      32      37      17      13      17      37      29
12      39      33      28      20      25      35      26
19      27      21      18      11      38      13      17
37      19      37      25      13      13      38      10
21      29      30      13      36      35      17      20
12      39      15      19      22      26      16      18
37      16      22      12      10      40      19      20
11      28      16      21      23      36      24      37
21      37      16      19      12      13      15      30
39      38      31      14      39      31      34      30
14      23      20      31      39      37      36      29
25      39      37      25      28      13      10      33
27      25      25      31      40      11      21      17
35      26      10      17      27      24      24      31
17      13      34      31      32      17      10      37
13      34      21      27      13      20      12      25
32      38      33      36      27      21      29      18
26      12      13      31      25      13      18      36
18      35      25      23      25      23      27      28
37      13      31      11      21      27      13      27
10      26      26      15      40      38      36      12
28      10      14      13      24      12      15      37
10      33      17      29      33      40      33      10
28      17      27      14      16      15      13      12
27      38      24      27      39      33      34      29
14      22      40      31      24      12      22      12
22      26      16      31      27      19      12      30
13      30      34      22      40      26      14      18
39      40      25      35      29      19      15      20
20      40      36      37      18      38      19      20
29      30      35      16      35      22      38      17
37      39      29      28      30      13      18      23
27      24      16      19      28      30      16      30
38      38      33      12      39      25      10      38
26      19      28      39      18      19      24      32
14      37      26      17      17      39      26      12
36      35      30      32      20      22      35      39
19      23      32      15      35      12      30      19
24      30      14      20      21      39      33      24
23      21      33      13      27      35      16      19
18      36      33      30      22      24      38      24
25      34      10      29      33      31      24      33
14      28      17      37      21      14      11      37
10      13      14      29      23      33      29      31
10      29      36      40      24      34      31      29
24      24      22      23      19      12      21      38
22      15      33      10      10      14      24      35
23      18      28      20      37      19      34      18
38      27      26      18      39      27      29      18
19      17      14      19      13      27      26      30
25      13      26      19      16      21      34      40
13      22      38      29      17      21      10      38
19      14      18      13      27      16      27      24
37      39      23      26      34      20      34      13
27      35      36      25      28      23      24      37
18      23      34      16      21      16      15      32
11      33      33      25      37      38      37      14
30      34      28      40      33      39      26      26
27      36      29      24      11      33      14      38
36      23      25      31      23      32      19      16
22      21      38      15      11      12      38      33
23      13      20      22      22      10      12      12
19      15      12      36      36      20      33      37
30      25      23      16      38      19      22      39
36      15      26      12      34      22      14      21
14      27      22      10      38      36      19      23
36      40      12      11      40      22      33      18
39      19      10      14      34      12      24      16
24      19      20      32      36      30      27      36
39      25      37      35      36      10      27      17
11      22      22      19      33      13      17      16
12      14      38      20      25      35      32      22
17      28      19      10      26      30      18      13
37      28      25      16      36      40      29      38
31      37      38      33      40      13      40      38
27      35      11      16      13      26      12      32
31      22      28      40      13      25      31      39
23      36      14      18      35      40      21      12
21      14      13      17      22      25      24      28
19      40      28      27      29      28      21      11
39      17      13      28      21      27      10      15
20      32      22      32      36      20      29      27
10      23      30      32      13      17      20      11
30      28      30      28      24      36      38      23
27      22      12      14      10      10      38      21
30      24      10      37      37      21      12      24
23      36      40      33      26      29      13      18
14      11      37      12      40      25      13      37
12      21      17      24      33      19      27      14
35      34      37      10      13      40      19      30
13      23      27      15      11      36      25      34
24      19      32      30      19      17      18      16
13      13      33      35      11      16      21      35
23      12      37      36      14      40      33      24
14      23      25      34      36      33      12      14
12      13      14      12      29      29      23      26
29      35      37      30      25      21      18      11
25      35      34      18      10      37      13      40
30      38      39      17      17      39      38      29
15      20      21      24      14      28      37      11
34      32      25      21      35      21      11      25
20      24      12      23      18      15      29      12
35      13      19      39      27      34      20      14
20      15      11      15      14      18      15      37
40      15      39      21      39      30      28      35
10      31      17      30      18      36      36      26
29      37      29      28      13      15      14      18
23      16      21      38      32      23      27      24
39      23      13      37      29      19      19      34
22      40      33      22      24      25      25      22
29      19      33      11      12      12      37      33
32      16      32      24      16      15      12      16
37      15      38      38      17      29      11      23
10      24      20      32      20      37      27      34
26      39      26      34      11      38      35      18
28      22      35      21      10      16      18      12
34      17      16      30      29      39      20      33
15      40      37      28      36      24      32      23
22      29      24      12      37      39      15      35
12      31      23      17      33      38      28      37
16      23      38      33      10      35      20      22
34      15      33      11      40      10      23      30
34      15      21      15      37      20      38      11
13      39      34      35      36      35      12      34
20      35      27      22      28      10      33      39
23      30      40      30      26      13      33      29
29      15      13      38      20      18      20      40
17      35      35      16      36      15      28      29
11      40      12      40      28      19      25      15
14      27      34      33      33      10      13      39
40      14      23      15      27      39      15      13
17      34      25      33      37      10      25      36
22      23      40      10      16      39      29      14
30      38      34      30      18      14      20      34
17      29      23      30      35      36      26      35
30      20      39      23      14      26      32      33
33      10      27      17      11      20      23      11
21      15      13      34      36      34      10      25
28      40      33      30      21      28      30      39
34      24      39      35      23      40      30      22
38      19      12      38      17      32      16      22
38      20      40      10      38      39      26      37
33      35      10      27      38      17      32      31
36      32      33      10      40      12      14      24
17      14      13      33      37      10      18      29
15      13      14      20      13      35      25      38
26      24      38      29      12      24      20      26
34      28      18      27      11      19      36      27
14      28      19      13      14      40      12      13
28      17      11      27      11      29      39      27
29      13      31      27      26      33      20      40
14      22      23      10      16      19      13      21
25      15      29      18      11      19      39      39
13      23      38      20      32      15      32      14
13      32      21      25      24      18      36      37
31      10      38      31      20      34      39      19
19      38      12      39      15      16      16      16
27      13      24      32      39      24      11      31
28      18      30      28      30      13      39      18
19      16      39      25      20      37      10      14
10      23      33      22      35      36      13      26
28      23      33      21      28      15      11      18
31      19      35      19      28      25      25      17
20      22      15      36      32      20      20      35
40      34      11      20      27      11      24      29
13      31      31      32      26      20      31      21
10      11      38      17      27      35      24      32
29      39      35      37      32      10      19      16
20      40      37      40      20      24      33      23
29      10      27      19      25      25      39      18
10      10      31      10      30      40      14      16
16      32      20      14      32      17      23      31
37      23      20      29      33      30      35      30
25      31      29      36      16      15      32      33
30      15      34      17      30      16      40      32
37      38      37      36      10      21      30      31
11      15      33      24      30      36      26      25
13      15      25      23      28      14      36      16
19      25      27      14      26      11      25      16
30      11      33      19      37      26      39      22
33      16      15      15      34      28      13      27
10      18      35      19      18      28      29      20
23      23      27      31      22      38      14      16
25      35      18      21      21      30      15      15
23      14      35      28      22      24      23      40
34      39      29      17      29      37      19      20
22      21      10      20      33      31      14      32
32      17      16      19      18      10      30      35
19      35      21      25      37      40      25      19
30      36      16      28      16      38      21      37
11      33      17      24      38      18      25      33
30      23      22      25      25      38      35      13
33      28      16      12      14      32      24      37
35      33      35      13      38      24      37      21
23      32      21      13      19      39      17      12
18      13      13      37      28      17      34      36
13      11      16      12      38      34      23      23
31      39      29      19      10      38      26      38
15      24      25      35      21      39      33      17
15      38      17      35      37      15      36      37
13      21      17      23      20      34      30      30
10      37      32      13      37      12      35      33
15      30      34      32      16      10      34      36
12      18      15      24      13      38      18      20
15      14      15      31      24      26      23      12
26      14      31      14      36      38      15      16
 ]
W: [3445        3546    3545    3478    3413    3504    3416    3613     ]