n: 135
m: 6
b: [61  128     81      74      88      132     142     138     43      62      166     71      26      59      149     50      94      32      125     144     27      28      83      79      22      41      73      37      80      71      94      105     118     151     108     61      142     103     142     109     31      105     102     149     111     143     86      75      136     123     141     142     64      130     88      45      92      97      122     95      123     162     83      130     165     72      138     146     63      57      93      81      100     90      82      127     27      70      81      105     107     82      99      32      52      68      111     154     63      75      75      148     145     115     167     60      84      167     49      153     140     90      26      62      20      167     115     55      138     57      70      158     108     58      168     158     27      45      134     42      96      61      102     81      113     74      37      78      113     23      148     51      142     81      78       ]
w: [32  20      36      21      17      18
33      15      11      38      10      35
36      29      17      32      21      37
37      39      23      23      40      33
34      32      36      25      16      19
40      21      26      15      38      13
25      13      24      23      33      22
13      33      29      31      21      35
17      11      13      19      38      35
19      15      29      24      23      28
38      28      12      14      15      12
37      24      16      16      38      31
39      16      39      22      30      28
22      18      29      34      39      15
28      38      32      30      32      22
37      22      32      14      40      18
17      18      11      34      21      23
33      32      26      15      14      39
22      11      34      18      13      25
26      30      24      38      37      32
21      18      39      13      22      10
20      29      15      32      19      20
38      11      20      17      22      29
13      25      13      14      15      21
25      40      32      22      25      18
16      21      24      35      14      32
25      16      17      28      16      33
18      23      13      18      23      13
24      38      38      28      31      35
26      20      37      39      23      26
13      26      38      26      38      12
34      31      29      16      29      27
38      14      25      37      28      21
38      38      26      11      22      10
26      34      40      34      31      32
16      20      39      20      30      40
39      33      26      22      29      37
26      33      15      31      36      16
30      18      36      33      28      33
32      27      37      40      26      33
35      19      34      13      34      21
12      34      35      33      14      21
35      25      25      32      25      22
22      27      14      25      34      36
36      23      28      28      12      29
14      28      19      15      22      25
32      17      17      21      28      24
39      17      34      14      20      24
35      30      28      14      30      40
23      30      13      30      14      21
38      34      30      26      31      18
40      32      27      31      23      29
31      14      37      27      39      31
12      13      21      15      20      39
16      11      26      19      23      13
13      22      24      11      18      30
19      32      25      26      35      26
20      40      37      12      28      14
27      21      11      38      17      33
34      12      28      36      20      24
38      31      13      12      21      39
27      17      23      36      39      31
15      20      40      28      29      36
27      27      10      36      26      33
27      36      27      19      35      38
21      32      38      35      22      12
16      18      36      20      24      39
30      24      33      20      38      12
14      13      35      18      15      32
13      38      31      31      28      39
10      30      30      40      23      27
37      16      34      24      12      35
31      36      29      35      13      21
40      23      35      11      21      29
13      34      22      27      11      36
17      32      28      32      19      29
40      39      34      12      17      33
24      25      14      21      40      40
39      11      33      37      34      16
13      38      24      36      11      37
31      40      14      10      12      22
17      13      32      26      36      21
18      28      14      17      12      35
29      15      30      25      15      26
28      13      13      22      20      33
35      21      32      18      18      11
35      17      10      38      24      24
25      18      21      17      31      19
34      35      39      17      19      18
28      18      19      31      39      35
34      39      33      31      11      36
26      39      34      35      37      23
25      25      31      35      31      36
35      33      24      24      20      35
26      22      27      19      11      30
13      15      35      27      11      20
39      24      26      39      34      38
13      23      27      17      29      39
33      16      13      27      11      13
39      39      11      31      28      21
26      13      33      10      10      39
35      18      33      17      27      12
17      30      16      33      22      22
34      29      37      18      22      35
12      25      30      34      24      28
16      18      36      18      14      18
16      10      26      12      20      35
27      20      23      12      36      36
11      32      30      31      23      37
29      13      27      32      18      34
40      13      26      38      39      30
39      30      37      30      37      10
37      29      16      27      32      18
20      18      23      19      19      24
14      20      23      34      27      36
36      33      12      10      31      21
38      25      23      16      31      32
29      11      22      20      25      39
40      25      36      32      20      10
38      15      19      11      19      19
31      10      33      21      19      21
10      21      20      28      14      34
32      38      25      12      26      34
35      11      15      17      30      37
40      36      39      37      18      16
38      28      25      37      34      36
38      25      13      39      10      31
35      16      30      22      40      28
11      32      37      10      34      21
25      29      18      20      28      35
26      15      30      18      36      38
40      33      21      27      12      19
27      13      34      37      13      25
32      24      37      14      23      18
16      31      17      30      12      13
 ]
W: [1227        1094    1182    1109    1100    1209     ]