n: 200
m: 5
b: [61  98      51      47      162     67      37      142     73      107     36      60      160     113     26      164     88      159     43      140     156     125     161     27      115     142     20      44      22      116     51      20      68      33      70      94      65      84      50      129     58      35      142     145     151     127     70      71      52      102     46      154     138     57      63      58      136     155     133     51      155     62      115     88      22      104     157     133     133     63      123     112     157     105     105     139     141     138     30      146     102     95      22      165     100     23      160     78      128     47      80      81      93      146     166     55      129     154     52      37      74      91      20      157     82      75      44      160     137     110     60      164     84      62      37      71      44      147     157     26      34      38      23      141     166     109     138     22      43      48      79      28      66      168     55      143     88      69      145     46      96      56      106     100     60      136     123     37      38      73      159     22      128     124     142     78      57      137     82      54      135     147     61      48      103     96      56      149     36      160     79      65      38      156     160     28      109     89      129     28      167     62      102     156     136     90      145     34      95      54      81      20      57      111     157     101     146     94      39      135      ]
w: [32  20      36      21      17
11      33      15      11      38
35      20      36      29      17
21      37      13      37      39
23      40      33      12      34
36      25      16      19      20
21      26      15      38      13
25      13      24      23      33
27      13      33      29      31
35      22      17      11      13
38      35      23      19      15
24      23      28      21      38
12      14      15      12      18
24      16      16      38      31
39      16      39      22      30
23      22      18      29      34
15      30      28      38      32
32      22      20      37      22
14      40      18      26      17
11      34      21      23      30
32      26      15      14      39
22      11      34      18      13
34      26      30      24      38
32      29      21      18      39
22      10      34      20      29
32      19      20      24      38
20      17      22      29      14
25      13      14      15      21
25      40      32      22      25
37      16      21      24      35
32      32      25      16      17
16      33      12      18      23
18      23      13      29      24
38      28      31      35      39
20      37      39      23      26
13      26      38      26      38
35      34      31      29      16
27      18      38      14      25
28      21      39      38      38
11      22      10      10      26
40      34      31      32      32
20      39      20      30      40
39      33      26      22      29
16      26      33      15      31
16      40      30      18      36
28      33      33      32      27
40      26      33      15      35
34      13      34      21      24
34      35      33      14      21
35      25      25      32      25
29      22      27      14      25
36      11      36      23      28
12      29      33      14      28
15      22      25      36      32
17      21      28      24      26
17      34      14      20      24
35      30      28      14      30
37      23      30      13      30
21      28      38      34      30
31      18      20      40      32
31      23      29      26      31
37      27      39      31      39
13      21      15      20      39
16      11      26      19      23
39      13      22      24      11
30      16      19      32      25
35      26      34      20      40
12      28      14      12      27
11      38      17      33      31
12      28      36      20      24
38      31      13      12      21
28      27      17      23      36
31      10      15      20      40
29      36      40      27      27
36      26      33      39      27
27      19      35      38      24
32      38      35      22      12
16      18      36      20      24
14      30      24      33      20
12      25      14      13      35
15      32      25      13      38
31      28      39      13      10
30      40      23      27      34
16      34      24      12      35
31      36      29      35      13
16      40      23      35      11
29      10      13      34      22
11      36      28      17      32
32      19      29      23      40
34      12      17      33      13
25      14      21      40      40
39      11      33      37      34
18      13      38      24      36
37      21      31      40      14
12      22      16      17      13
26      36      21      28      18
14      17      12      35      15
15      30      25      15      26
28      13      13      22      20
11      35      21      32      18
11      28      35      17      10
24      24      14      25      18
17      31      19      20      34
39      17      19      18      16
18      19      31      39      35
34      39      33      31      11
14      26      39      34      35
23      17      25      25      31
31      36      15      35      33
24      20      35      39      26
27      19      11      30      28
15      35      27      11      20
39      24      26      39      34
24      13      23      27      17
39      37      33      16      13
11      13      13      39      39
31      28      21      14      26
33      10      10      39      25
18      33      17      27      12
17      30      16      33      22
39      34      29      37      18
35      16      12      25      30
24      28      35      16      18
18      14      18      10      16
26      12      20      35      14
20      23      12      36      36
11      32      30      31      23
18      29      13      27      32
34      16      40      13      26
39      30      21      39      30
30      37      10      17      37
16      27      32      18      35
18      23      19      19      24
14      20      23      34      27
11      36      33      12      10
21      27      38      25      23
31      32      17      29      11
20      25      39      25      40
36      32      20      10      34
15      19      11      19      19
31      10      33      21      19
11      10      21      20      28
34      32      32      38      25
26      34      37      35      11
17      30      37      22      40
39      37      18      16      39
28      25      37      34      36
38      25      13      39      10
35      35      16      30      22
28      17      11      32      37
34      21      23      25      29
20      28      35      13      26
30      18      36      38      26
33      21      27      12      19
27      13      34      37      13
20      32      24      37      14
18      37      16      31      17
12      13      13      19      11
34      37      11      37      12
15      20      34      14      10
15      39      23      19      23
38      20      24      21      36
21      28      14      38      22
18      28      35      36      27
30      30      14      31      34
15      16      35      33      22
20      20      14      17      19
31      12      14      32      37
22      32      19      39      10
23      17      16      37      29
27      25      30      22      19
28      37      13      11      33
32      18      13      24      30
11      37      35      33      37
37      29      22      10      28
10      30      20      26      23
32      25      16      30      39
18      20      21      28      26
20      38      33      32      14
35      40      19      27      29
18      40      34      16      33
40      34      39      10      29
23      22      28      30      29
24      25      36      15      35
29      26      40      17      22
38      27      29      31      22
27      20      20      40      30
17      25      18      30      21
35      30      20      32      16
25      16      19      37      18
30      35      26      30      34
21      26      39      31      40
17      34      20      34      26
26      18      35      17      32
29      30      29      12      12
27      17      31      18      20
28      10      18      28      18
12      23      40      29      25
26      33      31      13      26
15      38      31      39      26
 ]
W: [1674        1696    1669    1686    1730     ]