n: 370
m: 10
b: [61  115     22      158     143     129     60      71      151     61      91      110     161     53      83      53      68      58      33      23      93      151     60      125     151     82      72      74      111     99      58      75      116     136     156     45      157     100     31      106     81      45      138     85      47      166     81      21      128     70      92      41      143     54      37      145     63      20      122     102     60      125     81      153     45      133     38      168     139     143     70      83      66      146     164     85      93      61      100     23      168     25      102     139     142     89      50      135     126     20      96      48      101     43      127     163     109     86      157     119     88      160     34      148     50      156     34      146     39      44      38      84      147     59      124     52      143     56      48      155     112     50      157     57      142     120     85      160     64      69      61      157     60      149     98      28      126     66      60      165     101     163     64      113     132     98      53      111     96      97      66      118     146     165     142     52      41      48      69      150     122     92      63      74      113     110     90      152     28      50      135     92      39      73      33      146     103     158     139     33      141     42      92      148     75      128     104     106     30      110     160     159     98      27      132     42      159     71      76      161     153     61      92      27      143     150     167     58      36      32      87      50      151     63      121     156     45      81      151     125     54      31      89      104     62      119     88      65      125     48      75      30      93      73      95      145     96      65      63      99      149     132     132     105     124     88      44      166     112     35      77      80      102     39      30      76      79      36      23      150     134     99      124     51      168     137     155     65      141     159     49      142     41      132     86      113     87      156     127     151     60      24      31      91      59      26      124     138     49      68      98      65      52      107     132     97      125     23      38      109     90      116     160     37      20      24      61      67      114     73      138     118     115     144     78      127     71      100     94      131     42      117     158     28      89      76      25      20      74      99      111     107     123     62      67      169     58      166     156     110     169     126     98      36      119     77      106     58      28      33      106     101     59      121     22      161     103     151     135     127     121     165     165     52      71      108     159     71      86      130      ]
w: [32  20      36      21      17      18      11      33      15      11
10      35      20      36      29      17      32      21      37      13
39      23      23      40      33      12      34      32      36      25
19      20      40      21      26      15      38      13      22      25
24      23      33      22      27      13      33      29      31      21
22      17      11      13      19      38      35      23      19      15
24      23      28      21      38      28      12      14      15      12
37      24      16      16      38      31      11      39      16      39
30      28      23      22      18      29      34      39      15      30
38      32      30      32      22      20      37      22      32      14
18      26      17      18      11      34      21      23      30      33
26      15      14      39      12      22      11      34      18      13
34      26      30      24      38      37      32      29      21      18
13      22      10      34      20      29      15      32      19      20
38      11      20      17      22      29      14      13      25      13
15      21      16      25      40      32      22      25      18      37
21      24      35      14      32      32      25      16      17      28
33      12      18      23      13      18      23      13      29      24
38      28      31      35      39      26      20      37      39      23
34      13      26      38      26      38      12      35      34      31
16      29      27      18      38      14      25      37      28      21
38      38      26      11      22      10      10      26      34      40
31      32      32      16      20      39      20      30      40      40
33      26      22      29      37      16      26      33      15      31
16      40      30      18      36      33      28      33      33      32
37      40      26      33      15      35      19      34      13      34
24      12      34      35      33      14      21      15      35      25
32      25      22      29      22      27      14      25      34      36
36      23      28      28      12      29      33      14      28      19
22      25      36      32      17      17      21      28      24      26
17      34      14      20      24      16      35      30      28      14
40      37      23      30      13      30      14      21      28      38
30      26      31      18      20      40      32      27      31      23
26      31      14      37      27      39      31      39      12      13
15      20      39      39      16      11      26      19      23      13
13      22      24      11      18      30      16      19      32      25
35      26      34      20      40      37      12      28      14      12
21      11      38      17      33      31      34      12      28      36
24      13      38      31      13      12      21      39      28      27
23      36      39      31      10      15      20      40      28      29
40      27      27      10      36      26      33      39      27      36
19      35      38      24      21      32      38      35      22      12
16      18      36      20      24      39      14      30      24      33
38      12      25      14      13      35      18      15      32      25
38      31      31      28      39      13      10      30      30      40
27      34      37      16      34      24      12      35      18      31
29      35      13      21      16      40      23      35      11      21
10      13      34      22      27      11      36      28      17      32
32      19      29      23      40      39      34      12      17      33
24      25      14      21      40      40      28      39      11      33
34      16      18      13      38      24      36      11      37      21
40      14      10      12      22      16      17      13      32      26
21      28      18      28      14      17      12      35      15      29
30      25      15      26      36      28      13      13      22      20
11      35      21      32      18      18      11      28      35      17
38      24      24      14      25      18      21      17      31      19
34      35      39      17      19      18      16      28      18      19
39      35      25      34      39      33      31      11      36      14
39      34      35      37      23      17      25      25      31      35
36      15      35      33      24      24      20      35      39      26
27      19      11      30      28      13      15      35      27      11
40      39      24      26      39      34      38      24      13      23
17      29      39      37      33      16      13      27      11      13
39      39      11      31      28      21      14      26      13      33
10      39      25      35      18      33      17      27      12      12
30      16      33      22      22      39      34      29      37      18
35      16      12      25      30      34      24      28      35      16
36      18      14      18      10      16      10      26      12      20
14      27      20      23      12      36      36      25      11      32
31      23      37      18      29      13      27      32      18      34
40      13      26      38      39      30      21      39      30      37
37      10      17      37      29      16      27      32      18      35
18      23      19      19      24      14      14      20      23      34
36      11      36      33      12      10      31      21      27      38
23      16      31      32      17      29      11      22      20      25
25      40      25      36      32      20      10      34      38      15
11      19      19      21      31      10      33      21      19      21
10      21      20      28      14      34      32      32      38      25
26      34      37      35      11      15      17      30      37      22
36      39      37      18      16      39      38      28      25      37
36      20      38      25      13      39      10      31      35      35
30      22      40      28      17      11      32      37      10      34
23      25      29      18      20      28      35      13      26      15
18      36      38      26      40      33      21      27      12      19
27      13      34      37      13      25      20      32      24      37
23      18      37      16      31      17      30      12      13      13
11      28      34      37      11      37      12      35      15      20
14      10      21      15      39      23      19      23      24      38
24      21      36      24      21      28      14      38      22      19
28      35      36      27      28      30      30      14      31      34
15      16      35      33      22      15      20      20      14      17
29      31      12      14      32      37      24      22      32      19
10      17      23      17      16      37      29      24      27      25
22      19      19      28      37      13      11      33      28      32
13      24      30      35      11      37      35      33      37      24
29      22      10      28      24      10      30      20      26      23
32      25      16      30      39      14      18      20      21      28
30      20      38      33      32      14      16      35      40      19
29      24      18      40      34      16      33      38      40      34
10      29      35      23      22      28      30      29      26      24
36      15      35      11      29      26      40      17      22      40
27      29      31      22      39      27      20      20      40      30
17      25      18      30      21      19      35      30      20      32
38      25      16      19      37      18      35      30      35      26
34      26      21      26      39      31      40      26      17      34
34      26      12      26      18      35      17      32      10      29
29      12      12      40      27      17      31      18      20      28
10      18      28      18      13      12      23      40      29      25
26      33      31      13      26      13      15      38      31      39
34      23      20      35      37      27      27      29      26      32
30      31      16      32      16      13      33      38      12      36
16      10      32      24      37      19      38      16      30      13
34      40      11      14      24      16      20      11      30      26
15      32      38      25      21      23      27      28      20      32
15      20      38      34      32      23      17      31      32      35
31      15      16      40      34      37      15      30      11      19
12      18      30      23      28      14      27      32      38      25
33      14      28      11      32      17      16      22      28      12
18      17      40      12      14      20      32      10      37      32
23      36      10      26      36      25      28      13      38      11
38      38      40      40      34      22      25      13      31      26
18      25      10      30      19      30      21      27      15      29
35      11      20      29      12      24      10      13      32      31
37      19      19      36      31      12      32      30      24      33
39      30      23      20      10      28      13      36      31      29
11      39      10      36      33      30      16      14      31      39
31      32      32      31      31      10      18      10      21      12
18      40      11      15      36      16      31      22      36      33
11      15      24      32      20      28      26      19      35      34
15      36      13      21      13      30      16      21      25      30
23      24      18      39      31      27      20      14      35      33
10      29      30      30      31      34      21      35      20      34
11      36      32      23      29      33      10      14      12      12
12      18      21      22      18      24      10      38      22      20
40      30      25      14      18      38      30      36      17      15
39      37      35      36      39      25      30      35      26      34
35      18      15      24      40      11      23      35      34      20
32      10      33      36      27      40      32      10      13      13
24      28      31      34      13      25      30      24      25      26
21      37      33      20      11      20      28      19      36      24
29      22      10      18      15      14      13      34      40      13
24      22      10      12      10      31      35      31      19      22
26      29      22      38      11      25      22      10      13      34
18      29      20      21      35      22      29      36      11      19
39      36      34      27      18      37      12      12      33      33
24      14      33      27      37      25      39      14      22      21
18      28      25      16      38      40      40      12      25      14
18      27      19      10      38      38      20      20      38      15
39      36      21      24      33      24      23      19      34      30
17      20      21      28      14      34      40      13      20      21
34      22      37      23      40      38      31      40      17      16
25      25      19      12      10      37      10      36      14      15
20      12      24      16      11      33      23      22      12      13
35      12      10      28      13      19      12      16      22      22
28      40      14      32      20      11      23      34      11      18
31      30      18      34      27      19      11      21      32      15
10      27      29      30      20      39      11      18      14      13
20      26      20      36      33      29      22      17      11      34
15      19      20      30      12      22      13      21      19      18
39      23      27      31      39      40      30      12      29      29
25      17      22      24      37      11      37      39      13      28
17      19      25      32      40      39      18      31      37      29
40      23      14      12      12      25      39      38      20      37
28      40      19      37      37      29      15      25      39      36
27      32      29      31      21      22      37      39      30      10
14      16      12      27      24      34      15      28      40      11
30      22      27      20      31      20      18      22      21      32
10      34      38      27      17      24      10      17      19      26
15      18      27      16      38      31      31      24      14      11
33      15      36      35      25      30      28      38      29      35
31      22      27      12      11      26      17      36      39      31
32      20      19      36      12      21      21      32      28      28
19      12      20      10      29      37      32      40      11      35
18      16      32      15      37      36      22      14      23      40
16      16      26      36      38      11      39      23      14      32
36      40      32      37      17      13      17      37      29      22
39      33      28      20      25      35      26      30      19      27
18      11      38      13      17      34      37      19      37      25
13      38      10      19      21      29      30      13      36      35
20      10      12      39      15      19      22      26      16      18
37      16      22      12      10      40      19      20      40      11
16      21      23      36      24      37      37      21      37      16
12      13      15      30      11      39      38      31      14      39
34      30      15      14      23      20      31      39      37      36
39      25      39      37      25      28      13      10      33      15
25      25      31      40      11      21      17      23      35      26
17      27      24      24      31      18      17      13      34      31
17      10      37      27      13      34      21      27      13      20
25      30      32      38      33      36      27      21      29      18
26      12      13      31      25      13      18      36      16      18
25      23      25      23      27      28      14      37      13      31
21      27      13      27      13      10      26      26      15      40
36      12      29      28      10      14      13      24      12      15
21      10      33      17      29      33      40      33      10      18
17      27      14      16      15      13      12      24      27      38
27      39      33      34      29      40      14      22      40      31
12      22      12      39      22      26      16      31      27      19
30      28      13      30      34      22      40      26      14      18
39      40      25      35      29      19      15      20      22      20
36      37      18      38      19      20      15      29      30      35
35      22      38      17      38      37      39      29      28      30
18      23      37      27      24      16      19      28      30      16
10      38      38      33      12      39      25      10      38      22
19      28      39      18      19      24      32      21      14      37
17      17      39      26      12      18      36      35      30      32
22      35      39      23      19      23      32      15      35      12
19      20      24      30      14      20      21      39      33      24
23      21      33      13      27      35      16      19      39      18
33      30      22      24      38      24      11      25      34      10
33      31      24      33      29      14      28      17      37      21
11      37      24      10      13      14      29      23      33      29
18      10      29      36      40      24      34      31      29      18
24      22      23      19      12      21      38      17      22      15
10      10      14      24      35      18      23      18      28      20
19      34      18      16      38      27      26      18      39      27
18      39      19      17      14      19      13      27      26      30
25      13      26      19      16      21      34      40      15      13
38      29      17      21      10      38      24      19      14      18
27      16      27      24      13      37      39      23      26      34
34      13      30      27      35      36      25      28      23      24
28      18      23      34      16      21      16      15      32      11
33      33      25      37      38      37      14      32      30      34
40      33      39      26      26      14      27      36      29      24
33      14      38      26      36      23      25      31      23      32
16      14      22      21      38      15      11      12      38      33
23      13      20      22      22      10      12      12      18      19
12      36      36      20      33      37      10      30      25      23
38      19      22      39      13      36      15      26      12      34
14      21      30      14      27      22      10      38      36      19
22      36      40      12      11      40      22      33      18      34
19      10      14      34      12      24      16      38      24      19
32      36      30      27      36      33      39      25      37      35
10      27      17      26      11      22      22      19      33      13
16      38      12      14      38      20      25      35      32      22
17      28      19      10      26      30      18      13      24      37
25      16      36      40      29      38      22      31      37      38
40      13      40      38      13      27      35      11      16      13
12      32      19      31      22      28      40      13      25      31
39      23      36      14      18      35      40      21      12      22
14      13      17      22      25      24      28      39      19      40
27      29      28      21      11      39      39      17      13      28
27      10      15      39      20      32      22      32      36      20
27      11      10      23      30      32      13      17      20      11
30      28      30      28      24      36      38      23      39      27
12      14      10      10      38      21      29      30      24      10
37      21      12      24      26      23      36      40      33      26
13      18      22      14      11      37      12      40      25      13
29      12      21      17      24      33      19      27      14      15
34      37      10      13      40      19      30      22      13      23
15      11      36      25      34      17      24      19      32      30
17      18      16      22      13      13      33      35      11      16
35      19      23      12      37      36      14      40      33      24
14      23      25      34      36      33      12      14      37      12
14      12      29      29      23      26      12      29      35      37
25      21      18      11      23      25      35      34      18      10
13      40      19      30      38      39      17      17      39      38
38      15      20      21      24      14      28      37      11      33
32      25      21      35      21      11      25      28      20      24
23      18      15      29      12      32      35      13      19      39
34      20      14      28      20      15      11      15      14      18
37      28      40      15      39      21      39      30      28      35
10      31      17      30      18      36      36      26      28      29
29      28      13      15      14      18      26      23      16      21
32      23      27      24      29      39      23      13      37      29
19      34      40      22      40      33      22      24      25      25
32      29      19      33      11      12      12      37      33      19
16      32      24      16      15      12      16      39      37      15
38      17      29      11      23      14      10      24      20      32
37      27      34      14      26      39      26      34      11      38
18      25      28      22      35      21      10      16      18      12
34      17      16      30      29      39      20      33      37      15
37      28      36      24      32      23      34      22      29      24
37      39      15      35      17      12      31      23      17      33
28      37      23      16      23      38      33      10      35      20
12      34      15      33      11      40      10      23      30      28
15      21      15      37      20      38      11      31      13      39
35      36      35      12      34      10      20      35      27      22
10      33      39      28      23      30      40      30      26      13
29      35      29      15      13      38      20      18      20      40
17      35      35      16      36      15      28      29      21      11
12      40      28      19      25      15      13      14      27      34
33      10      13      39      13      40      14      23      15      27
15      13      18      17      34      25      33      37      10      25
11      22      23      40      10      16      39      29      14      29
38      34      30      18      14      20      34      15      17      29
30      35      36      26      35      22      30      20      39      23
26      32      33      30      33      10      27      17      11      20
11      40      21      15      13      34      36      34      10      25
28      40      33      30      21      28      30      39      15      34
39      35      23      40      30      22      18      38      19      12
17      32      16      22      40      38      20      40      10      38
26      37      13      33      35      10      27      38      17      32
22      36      32      33      10      40      12      14      24      25
14      13      33      37      10      18      29      10      15      13
20      13      35      25      38      19      26      24      38      29
24      20      26      38      34      28      18      27      11      19
27      22      14      28      19      13      14      40      12      13
28      17      11      27      11      29      39      27      15      29
31      27      26      33      20      40      33      14      22      23
16      19      13      21      36      25      15      29      18      11
39      39      28      13      23      38      20      32      15      32
37      13      32      21      25      24      18      36      37      32
10      38      31      20      34      39      19      19      19      38
39      15      16      16      16      36      27      13      24      32
24      11      31      11      28      18      30      28      30      13
18      35      19      16      39      25      20      37      10      14
10      23      33      22      35      36      13      26      37      28
33      21      28      15      11      18      22      31      19      35
28      25      25      17      18      20      22      15      36      32
20      35      28      40      34      11      20      27      11      24
27      13      31      31      32      26      20      31      21      11
11      38      17      27      35      24      32      18      29      39
37      32      10      19      16      25      20      40      37      40
24      33      23      26      29      10      27      19      25      25
18      34      10      10      31      10      30      40      14      16
16      32      20      14      32      17      23      31      37      37
20      29      33      30      35      30      24      25      31      29
16      15      32      33      18      30      15      34      17      30
40      32      26      37      38      37      36      10      21      30
37      11      15      33      24      30      36      26      25      27
15      25      23      28      14      36      16      12      19      25
14      26      11      25      16      39      30      11      33      19
26      39      22      12      33      16      15      15      34      28
27      21      10      18      35      19      18      28      29      20
23      23      27      31      22      38      14      16      39      25
18      21      21      30      15      15      24      23      14      35
22      24      23      40      27      34      39      29      17      29
19      20      10      22      21      10      20      33      31      14
35      32      17      16      19      18      10      30      35      16
35      21      25      37      40      25      19      15      30      36
28      16      38      21      37      26      11      33      17      24
18      25      33      27      30      23      22      25      25      38
13      27      33      28      16      12      14      32      24      37
35      33      35      13      38      24      37      21      39      23
21      13      19      39      17      12      11      18      13      13
28      17      34      36      40      13      11      16      12      38
23      23      14      31      39      29      19      10      38      26
23      15      24      25      35      21      39      33      17      19
38      17      35      37      15      36      37      33      13      21
23      20      34      30      30      21      10      37      32      13
12      35      33      13      15      30      34      32      16      10
36      24      12      18      15      24      13      38      18      20
15      14      15      31      24      26      23      12      13      26
31      14      36      38      15      16      38      30      39      27
36      29      29      10      20      23      32      30      28      40
29      15      33      37      34      26      40      40      16      37
19      23      40      38      40      12      13      12      20      30
18      17      17      11      13      25      11      29      22      28
31      40      28      16      39      23      36      36      10      30
26      20      39      12      22      19      28      35      35      40
21      29      25      34      27      20      39      38      18      33
27      12      32      14      13      38      12      26      40      15
36      10      29      10      12      34      16      15      32      38
36      37      16      10      38      33      12      30      28      11
17      30      24      21      21      30      33      16      35      19
24      30      37      34      17      16      35      20      28      32
27      20      17      25      13      11      19      38      21      32
32      10      18      23      13      20      37      13      23      31
19      37      38      26      15      11      31      33      24      19
16      19      16      33      34      39      11      16      30      18
28      23      21      36      11      30      21      12      26      24
38      18      24      36      34      27      23      29      21      17
36      31      17      33      14      19      12      28      33      15
14      24      19      12      20      21      11      31      12      11
40      12      28      18      26      16      24      15      25      16
36      39      15      29      36      30      29      15      12      18
12      32      36      36      25      23      39      16      27      31
25      19      11      37      21      21      38      30      19      11
11      37      13      33      10      38      15      11      10      39
18      13      20      31      35      34      27      23      28      16
 ]
W: [3117        3024    3069    3123    3054    3114    2930    3168    3050    3092     ]