n: 120
m: 7
b: [61  132     165     162     91      73      73      43      158     160     149     151     88      74      94      156     151     77      115     76      30      22      68      38      68      79      168     65      118     109     58      126     132     151     162     31      52      139     145     138     69      106     136     32      116     155     23      144     22      92      93      133     93      95      157     81      165     141     139     90      102     99      157     100     110     20      128     133     75      93      107     137     129     74      31      74      146     63      82      112     116     137     55      71      84      169     83      44      45      91      34      20      104     166     35      152     43      167     108     66      56      144     88      154     68      96      84      35      60      78      168     38      113     94      128     155     131     57      125     55       ]
w: [32  20      36      21      17      18      11
15      11      38      10      35      20      36
17      32      21      37      13      37      39
23      40      33      12      34      32      36
16      19      20      40      21      26      15
13      22      25      13      24      23      33
27      13      33      29      31      21      35
17      11      13      19      38      35      23
15      29      24      23      28      21      38
12      14      15      12      18      37      24
16      38      31      11      39      16      39
30      28      23      22      18      29      34
15      30      28      38      32      30      32
20      37      22      32      14      40      18
17      18      11      34      21      23      30
32      26      15      14      39      12      22
34      18      13      25      34      26      30
38      37      32      29      21      18      39
22      10      34      20      29      15      32
20      24      38      11      20      17      22
14      13      25      13      14      15      21
25      40      32      22      25      18      37
21      24      35      14      32      32      25
17      28      16      33      12      18      23
18      23      13      29      24      38      38
31      35      39      26      20      37      39
26      34      13      26      38      26      38
35      34      31      29      16      29      27
38      14      25      37      28      21      39
38      26      11      22      10      10      26
40      34      31      32      32      16      20
20      30      40      40      39      33      26
29      37      16      26      33      15      31
16      40      30      18      36      33      28
33      32      27      37      40      26      33
35      19      34      13      34      21      24
34      35      33      14      21      15      35
25      32      25      22      29      22      27
25      34      36      11      36      23      28
12      29      33      14      28      19      15
25      36      32      17      17      21      28
26      39      17      34      14      20      24
35      30      28      14      30      40      37
30      13      30      14      21      28      38
30      26      31      18      20      40      32
31      23      29      26      31      14      37
39      31      39      12      13      21      15
39      39      16      11      26      19      23
39      13      22      24      11      18      30
19      32      25      26      35      26      34
40      37      12      28      14      12      27
11      38      17      33      31      34      12
36      20      24      13      38      31      13
21      39      28      27      17      23      36
31      10      15      20      40      28      29
40      27      27      10      36      26      33
27      36      27      19      35      38      24
32      38      35      22      12      36      16
36      20      24      39      14      30      24
20      38      12      25      14      13      35
15      32      25      13      38      31      31
39      13      10      30      30      40      23
34      37      16      34      24      12      35
31      36      29      35      13      21      16
23      35      11      21      29      10      13
22      27      11      36      28      17      32
32      19      29      23      40      39      34
17      33      13      24      25      14      21
40      28      39      11      33      37      34
18      13      38      24      36      11      37
31      40      14      10      12      22      16
13      32      26      36      21      28      18
14      17      12      35      15      29      15
25      15      26      36      28      13      13
20      33      11      35      21      32      18
11      28      35      17      10      38      24
14      25      18      21      17      31      19
34      35      39      17      19      18      16
18      19      31      39      35      25      34
33      31      11      36      14      26      39
35      37      23      17      25      25      31
31      36      15      35      33      24      24
35      39      26      22      27      19      11
28      13      15      35      27      11      20
39      24      26      39      34      38      24
23      27      17      29      39      37      33
13      27      11      13      13      39      39
31      28      21      14      26      13      33
10      39      25      35      18      33      17
12      12      17      30      16      33      22
39      34      29      37      18      22      35
12      25      30      34      24      28      35
18      36      18      14      18      10      16
26      12      20      35      14      27      20
12      36      36      25      11      32      30
23      37      18      29      13      27      32
34      16      40      13      26      38      39
21      39      30      37      30      37      10
37      29      16      27      32      18      35
18      23      19      19      24      14      14
23      34      27      36      11      36      33
10      31      21      27      38      25      23
31      32      17      29      11      22      20
39      25      40      25      36      32      20
34      38      15      19      11      19      19
31      10      33      21      19      21      11
21      20      28      14      34      32      32
25      12      26      34      37      35      11
17      30      37      22      40      36      39
18      16      39      38      28      25      37
36      20      38      25      13      39      10
35      35      16      30      22      40      28
11      32      37      10      34      21      23
29      18      20      28      35      13      26
30      18      36      38      26      40      33
27      12      19      22      27      13      34
13      25      20      32      24      37      14
18      37      16      31      17      30      12
13      19      11      28      34      37      11
12      35      15      20      34      14      10
 ]
W: [1008        1090    982     987     1009    1022    1056     ]