n: 50
m: 3
b: [61  139     132     51      165     161     162     88      91      37      73      143     73      132     43      36      158     84      160     26      149     26      151     46      88      53      74      43      94      97      156     25      151     161     77      27      115     91      76      20      30      118     22      94      68      51      38      147     68      80       ]
w: [32  20      36
17      18      11
15      11      38
35      20      36
17      32      21
13      37      39
23      40      33
34      32      36
16      19      20
21      26      15
13      22      25
24      23      33
27      13      33
31      21      35
17      11      13
38      35      23
15      29      24
28      21      38
12      14      15
18      37      24
16      38      31
39      16      39
30      28      23
18      29      34
15      30      28
32      30      32
20      37      22
14      40      18
17      18      11
21      23      30
32      26      15
39      12      22
34      18      13
34      26      30
38      37      32
21      18      39
22      10      34
29      15      32
20      24      38
20      17      22
14      13      25
14      15      21
25      40      32
25      18      37
21      24      35
32      32      25
17      28      16
12      18      23
18      23      13
24      38      38]
W: [386 407     452      ]