n: 49
m: 6
b: [61  128     81      74      88      132     142     138     43      62      166     71      26      59      149     50      94      32      125     144     27      28      83      79      22      41      73      37      80      71      94      105     118     151     108     61      142     103     142     109     31      105     102     149     111     143     86      75      136      ]
w: [32  20      36      21      17      18
33      15      11      38      10      35
36      29      17      32      21      37
37      39      23      23      40      33
34      32      36      25      16      19
40      21      26      15      38      13
25      13      24      23      33      22
13      33      29      31      21      35
17      11      13      19      38      35
19      15      29      24      23      28
38      28      12      14      15      12
37      24      16      16      38      31
39      16      39      22      30      28
22      18      29      34      39      15
28      38      32      30      32      22
37      22      32      14      40      18
17      18      11      34      21      23
33      32      26      15      14      39
22      11      34      18      13      25
26      30      24      38      37      32
21      18      39      13      22      10
20      29      15      32      19      20
38      11      20      17      22      29
13      25      13      14      15      21
25      40      32      22      25      18
16      21      24      35      14      32
25      16      17      28      16      33
18      23      13      18      23      13
24      38      38      28      31      35
26      20      37      39      23      26
13      26      38      26      38      12
34      31      29      16      29      27
38      14      25      37      28      21
38      38      26      11      22      10
26      34      40      34      31      32
16      20      39      20      30      40
39      33      26      22      29      37
26      33      15      31      36      16
30      18      36      33      28      33
32      27      37      40      26      33
35      19      34      13      34      21
12      34      35      33      14      21
35      25      25      32      25      22
22      27      14      25      34      36
36      23      28      28      12      29
14      28      19      15      22      25
32      17      17      21      28      24
39      17      34      14      20      24
35      30      28      14      30      40]
W: [454 400     430     399     420     420      ]