n: 45
m: 5
b: [61  98      51      47      162     67      37      142     73      107     36      60      160     113     26      164     88      159     43      140     156     125     161     27      115     142     20      44      22      116     51      20      68      33      70      94      65      84      50      129     58      35      142     145     151      ]
w: [32  20      36      21      17
11      33      15      11      38
35      20      36      29      17
21      37      13      37      39
23      40      33      12      34
36      25      16      19      20
21      26      15      38      13
25      13      24      23      33
27      13      33      29      31
35      22      17      11      13
38      35      23      19      15
24      23      28      21      38
12      14      15      12      18
24      16      16      38      31
39      16      39      22      30
23      22      18      29      34
15      30      28      38      32
32      22      20      37      22
14      40      18      26      17
11      34      21      23      30
32      26      15      14      39
22      11      34      18      13
34      26      30      24      38
32      29      21      18      39
22      10      34      20      29
32      19      20      24      38
20      17      22      29      14
25      13      14      15      21
25      40      32      22      25
37      16      21      24      35
32      32      25      16      17
16      33      12      18      23
18      23      13      29      24
38      28      31      35      39
20      37      39      23      26
13      26      38      26      38
35      34      31      29      16
27      18      38      14      25
28      21      39      38      38
11      22      10      10      26
40      34      31      32      32
20      39      20      30      40
39      33      26      22      29
16      26      33      15      31
16      40      30      18      36
 ]
W: [382 384     374     352     417      ]