945	5


9542
9411
9457
9428
9465


61
60
65
56
89
92
97
67
70
63
72
81
55
80
63
86
71
58
52
81
61
79
58
72
89
91
51
60
58
86
54
91
71
64
88
99
62
67
99
72
90
63
51
66
60
56
98
61
79
55
64
67
66
51
67
69
80
53
98
90
90
54
99
99
99
94
66
55
95
77
93
81
96
53
94
68
98
79
65
89
69
75
59
74
94
52
67
65
85
58
92
70
76
87
99
53
70
99
61
59
64
51
92
55
56
65
77
51
76
77
72
51
76
70
61
87
54
82
79
80
71
92
81
60
64
93
91
65
75
83
100
90
77
80
52
57
61
70
96
75
92
55
97
97
56
89
99
71
64
69
69
97
84
51
93
73
59
80
84
86
76
96
58
79
56
59
91
98
75
88
51
83
50
96
62
86
87
100
66
50
93
96
96
68
77
60
86
99
50
54
75
56
53
64
84
79
91
99
90
88
86
61
77
76
93
55
99
75
91
72
90
68
94
94
61
59
96
52
85
84
56
86
65
60
73
76
56
80
89
69
50
95
72
58
63
56
78
84
92
57
94
78
93
52
61
61
63
61
65
68
84
58
80
59
84
92
99
91
90
76
78
86
58
70
50
76
98
64
90
99
63
87
69
85
64
65
58
53
81
50
55
75
73
96
81
77
99
59
80
52
72
98
91
55
78
81
70
81
77
84
56
92
72
63
94
94
82
52
50
53
71
63
92
92
89
76
58
62
87
97
86
72
83
88
81
84
73
67
89
94
57
91
88
91
66
96
50
89
50
66
55
61
84
62
76
84
59
85
59
64
55
88
74
92
66
70
77
58
66
69
85
68
54
83
96
80
86
77
87
69
84
89
56
59
59
50
68
57
52
58
77
69
87
91
97
96
77
62
58
94
62
53
53
79
74
77
91
88
78
68
86
57
64
60
50
67
57
58
61
95
88
99
51
56
79
93
90
60
58
91
71
88
70
75
98
55
80
54
90
85
64
76
73
97
53
54
89
60
62
53
63
67
75
96
77
73
75
53
95
80
87
84
57
79
82
91
66
88
63
52
88
83
78
70
54
99
96
76
68
52
50
63
53
90
66
63
71
56
84
99
93
56
94
58
57
75
96
79
100
61
59
57
65
72
62
100
63
51
50
68
60
69
67
65
72
53
88
61
51
65
60
70
66
50
82
87
64
79
95
59
65
86
94
58
64
78
89
65
91
87
51
71
81
70
81
64
84
65
53
94
86
53
78
55
72
81
88
55
68
71
65
60
78
62
96
70
52
75
90
98
87
86
66
78
87
53
75
50
75
77
96
66
61
88
96
78
64
52
71
75
94
90
70
93
92
69
95
65
84
80
89
87
61
59
58
84
73
95
63
63
82
87
53
85
98
70
61
54
88
80
55
60
80
55
87
82
94
52
91
57
69
78
98
61
74
55
95
73
60
60
70
64
56
73
69
83
56
93
68
59
66
59
69
89
75
86
81
63
76
54
73
55
93
83
53
100
91
74
63
99
100
64
56
83
93
98
89
93
69
73
92
85
77
70
93
86
86
92
56
74
57
76
85
99
84
64
79
79
83
64
99
82
76
86
57
81
99
73
51
63
50
82
70
98
59
92
57
59
76
64
58
96
58
80
80
96
78
73
55
99
55
82
80
65
83
92
92
53
89
58
96
67
98
86
60
81
60
78
99
79
96
82
82
50
56
94
56
58
52
71
99
83
88
90
64
83
55
53
81
68
78
98
95
54
64
85
58
69
66
53
78
59
96
70
90
85
53
79
93
95
87
60
59
78
79
96
99
52
89
94
66
96
81
56
98
90
80
59
78
72
80
92
93
83
59
99
90
86
99
58
95
58
89
57
82
89
91
80
72
85
83
73
50
97
77
89
77
92
100
84
92
80
95
85
80
54
50
79
66
78
99
51
91
95
92
58
56
56
54
67
89
54
74
72
92
89
65
89
67
93
94
58
82
63
63
66
62
96
73
74
59
57
89
82
90
95
72
53
76
90
89
64
53
51
79
60
90
60
77
69
79
55
67
62
57
54
88
88
69
73
100
55
95
72
68
76
92
90
83
88
90
85
61
71
90
92
59
64
80
54
53
67
52
80
61
97
88
52
52
58
62
57
83
99
64
80
77
65
71
67
64
86
73
59
68


10	28	13	13	14	

23	15	18	14	21	

14	30	10	22	23	

28	17	20	18	20	

30	15	20	24	14	

27	25	26	19	27	

12	14	14	14	19	

28	17	30	17	18	

10	29	19	30	10	

13	29	29	24	13	

22	13	25	11	24	

11	21	24	21	21	

25	11	21	23	23	

16	26	13	29	19	

26	22	30	27	13	

17	21	30	19	20	

27	28	28	21	27	

20	14	30	18	24	

20	26	24	25	25	

29	21	12	26	27	

28	22	25	12	25	

23	16	10	28	19	

21	14	30	18	23	

25	27	17	11	29	

27	14	22	16	27	

16	15	18	30	13	

28	19	14	29	18	

28	19	21	20	10	

18	16	20	14	16	

29	24	13	27	23	

10	16	13	27	24	

10	25	26	26	24	

25	11	17	29	13	

10	24	11	15	13	

24	18	20	25	12	

10	26	26	13	27	

16	25	15	27	17	

25	13	28	29	16	

11	13	23	26	12	

24	26	16	25	26	

14	17	19	13	28	

29	18	24	28	29	

13	25	18	19	22	

15	16	20	28	16	

24	27	30	24	28	

22	12	29	21	18	

11	10	15	24	11	

20	24	14	13	24	

21	29	13	15	17	

28	19	11	12	19	

30	10	15	11	15	

21	12	22	14	30	

11	23	14	21	28	

18	10	28	19	25	

18	19	13	18	21	

18	15	29	11	30	

26	22	24	14	16	

18	12	13	10	14	

23	22	20	26	25	

26	22	12	28	20	

17	19	14	30	17	

13	29	28	17	25	

13	27	16	12	11	

11	30	15	10	17	

12	30	22	18	13	

30	28	22	24	11	

22	27	20	11	10	

30	19	15	30	30	

24	25	15	23	13	

15	21	17	12	24	

13	16	28	28	24	

12	18	28	16	26	

20	27	28	18	17	

11	13	29	26	22	

11	23	13	15	30	

29	10	25	27	27	

21	21	25	12	16	

20	18	17	21	19	

20	16	27	27	20	

22	11	29	23	22	

27	29	23	13	27	

25	28	25	15	28	

17	26	17	16	28	

20	11	18	25	27	

20	21	24	10	14	

21	11	24	29	22	

12	10	21	30	21	

28	15	16	25	15	

18	24	14	13	20	

20	14	17	22	23	

24	28	17	20	11	

29	23	19	17	27	

21	16	21	30	14	

14	19	14	29	23	

16	24	12	28	13	

19	28	19	17	30	

10	26	19	17	21	

18	19	22	23	30	

21	24	18	29	12	

17	11	17	12	26	

29	18	30	16	13	

18	12	30	13	20	

23	19	29	29	27	

13	30	11	10	21	

12	30	17	30	30	

18	20	25	27	30	

26	22	26	24	18	

19	13	29	11	21	

16	13	17	29	22	

11	18	24	30	30	

20	19	30	16	28	

30	14	11	24	19	

20	10	10	16	25	

14	10	11	18	23	

13	16	13	27	10	

13	14	17	20	26	

29	22	29	19	30	

30	15	28	26	11	

25	22	25	13	19	

12	15	21	10	24	

23	29	27	10	25	

11	17	14	11	23	

18	30	23	29	27	

23	12	21	11	10	

25	21	16	18	17	

10	26	11	29	14	

28	16	10	17	15	

30	16	15	26	27	

20	24	22	20	30	

19	28	13	14	20	

26	11	27	10	23	

20	24	14	14	28	

16	16	23	12	25	

21	27	11	30	29	

11	21	11	30	29	

14	24	15	29	28	

18	25	18	17	26	

23	10	18	14	21	

23	23	28	11	16	

29	11	27	19	28	

29	19	15	11	14	

28	14	28	17	23	

30	30	28	17	13	

21	19	28	15	15	

10	10	11	23	25	

16	24	17	26	17	

10	22	12	22	22	

22	16	18	12	30	

12	13	14	12	21	

25	22	24	20	20	

17	15	30	20	26	

30	25	20	27	11	

25	28	23	20	23	

19	22	29	27	25	

20	25	16	28	11	

15	16	25	13	21	

14	14	26	15	16	

21	15	19	22	13	

10	18	19	12	24	

13	11	10	27	28	

11	29	21	30	13	

29	19	26	28	27	

11	25	15	11	12	

22	11	13	21	20	

18	13	22	19	17	

19	17	21	12	23	

12	14	27	27	23	

21	20	18	11	13	

30	27	25	20	16	

11	21	27	27	21	

19	20	11	15	25	

28	22	17	16	26	

18	26	16	28	30	

21	29	19	11	11	

20	18	29	29	19	

15	13	30	20	11	

25	21	11	17	15	

13	15	16	15	29	

12	20	16	29	27	

14	21	17	19	18	

29	13	17	29	14	

24	13	14	21	26	

23	25	13	15	12	

24	20	22	29	21	

16	19	25	25	21	

25	23	19	23	28	

25	20	17	23	11	

27	25	29	22	22	

26	24	24	15	17	

18	26	23	10	21	

28	20	17	16	19	

22	13	14	15	23	

18	11	20	12	21	

26	11	29	18	25	

14	15	10	11	30	

22	21	22	24	20	

24	26	25	13	13	

17	16	26	10	19	

19	15	11	13	24	

22	11	28	24	15	

24	12	24	30	27	

16	20	13	17	10	

25	22	16	11	18	

20	27	25	10	12	

14	25	23	20	13	

15	10	22	14	12	

28	21	12	17	19	

19	26	30	26	26	

13	12	28	17	18	

10	16	14	23	20	

29	13	12	23	26	

22	19	30	25	16	

21	20	11	20	11	

24	27	10	18	23	

22	15	19	21	12	

19	16	29	12	10	

17	27	17	28	16	

20	25	23	14	14	

11	17	16	22	21	

19	27	11	23	16	

23	11	18	19	17	

29	23	29	18	12	

17	11	19	28	11	

20	16	20	22	14	

19	27	23	27	17	

25	16	29	20	21	

19	18	29	13	26	

15	11	24	30	19	

10	14	23	29	23	

24	11	19	26	18	

16	27	29	14	20	

15	17	14	17	14	

11	16	12	17	14	

18	28	11	20	18	

30	19	23	24	26	

21	20	28	22	29	

17	29	23	29	27	

15	17	30	24	11	

23	10	29	24	14	

23	22	20	30	21	

17	13	26	21	22	

22	26	13	22	29	

27	26	11	29	22	

10	17	10	15	13	

30	12	17	15	20	

22	26	11	11	13	

19	28	21	22	11	

10	28	26	25	16	

14	22	30	14	21	

19	21	25	27	19	

28	25	21	16	12	

23	13	12	11	22	

29	25	17	17	10	

18	23	27	15	30	

30	17	26	13	23	

24	10	15	30	21	

16	24	29	25	12	

10	16	11	10	10	

26	24	28	20	21	

20	19	26	19	12	

18	21	12	21	22	

20	10	28	26	19	

25	23	11	30	11	

19	27	22	20	26	

15	20	30	24	30	

30	30	18	15	18	

26	30	23	25	17	

26	16	15	12	30	

14	17	19	30	19	

11	27	26	16	22	

24	18	22	18	17	

10	13	19	20	22	

23	15	24	30	24	

26	11	29	12	17	

10	15	25	16	21	

23	21	25	13	11	

28	30	26	13	16	

17	24	29	19	14	

12	15	30	18	21	

22	16	17	16	12	

21	17	23	16	22	

26	23	26	26	27	

26	15	16	26	11	

10	27	24	30	23	

24	27	30	27	16	

14	19	25	26	23	

18	28	15	19	19	

20	21	24	18	15	

27	26	21	17	13	

16	17	24	26	13	

27	14	22	24	26	

12	20	19	21	14	

19	20	20	26	28	

30	15	23	19	19	

23	22	29	26	22	

27	15	10	24	17	

17	29	26	20	10	

28	14	21	18	26	

10	18	29	20	15	

18	19	16	10	20	

15	18	30	11	15	

17	22	28	12	25	

25	14	22	24	13	

26	19	14	18	10	

13	12	15	17	28	

27	27	10	23	10	

16	19	22	10	25	

26	14	13	16	17	

12	29	23	27	27	

25	12	21	27	25	

30	28	23	19	18	

14	22	14	12	14	

22	22	13	26	10	

26	16	25	21	10	

26	28	30	13	12	

24	24	12	24	15	

16	20	12	18	11	

16	30	10	19	29	

12	13	18	26	19	

15	28	16	28	17	

22	10	13	25	10	

24	18	14	10	15	

28	23	13	19	13	

20	26	23	21	28	

27	16	28	14	28	

11	14	11	17	10	

10	16	13	18	20	

21	19	22	15	20	

29	19	22	12	17	

14	16	23	14	13	

28	23	22	11	21	

10	26	19	17	20	

29	30	29	15	28	

15	25	18	16	14	

15	10	14	30	12	

11	20	28	20	12	

21	20	26	23	15	

14	16	20	16	25	

14	22	23	11	25	

16	30	30	17	28	

22	24	26	30	30	

13	27	12	25	14	

18	13	27	29	21	

21	21	29	25	14	

16	22	14	26	18	

25	12	23	10	29	

26	17	13	19	20	

28	29	14	26	21	

11	29	12	20	10	

28	22	10	20	27	

14	17	25	22	12	

23	13	10	26	23	

23	12	24	13	29	

22	18	14	15	13	

24	10	30	25	25	

19	26	24	13	19	

14	14	10	25	13	

27	17	25	24	14	

10	15	17	28	28	

24	27	14	25	24	

29	14	15	17	11	

20	26	27	25	11	

21	12	18	19	22	

25	27	30	12	23	

18	26	23	19	26	

21	18	13	30	24	

24	11	13	15	17	

13	17	11	23	17	

18	12	29	28	29	

11	27	18	17	26	

12	15	18	16	25	

27	10	17	29	30	

28	25	29	25	29	

23	17	14	30	22	

22	15	15	10	15	

27	24	21	24	25	

23	21	12	25	27	

21	29	10	22	29	

21	30	23	29	19	

29	21	22	27	29	

30	26	26	22	24	

27	30	26	19	24	

20	20	21	17	28	

15	17	19	27	10	

28	28	29	12	19	

21	13	21	29	20	

18	13	23	21	18	

18	11	21	21	27	

21	23	26	29	28	

10	23	25	30	23	

27	21	28	11	24	

22	25	22	21	24	

24	13	15	14	20	

14	28	25	11	12	

12	14	15	22	24	

26	12	28	24	18	

15	28	25	29	26	

10	20	22	15	18	

13	10	21	13	29	

13	23	26	13	10	

29	10	11	22	27	

15	30	12	25	22	

21	28	16	11	15	

19	28	12	30	14	

22	21	18	27	20	

20	15	27	27	21	

22	27	30	15	18	

18	13	20	13	17	

19	28	23	24	11	

16	28	25	17	16	

14	12	14	26	27	

27	30	28	16	21	

14	24	27	13	25	

22	11	12	20	21	

17	21	23	15	14	

13	30	14	23	19	

11	25	18	28	15	

16	21	20	26	18	

23	29	27	25	20	

29	23	10	22	15	

12	18	11	20	14	

16	16	21	21	24	

21	14	19	22	29	

13	30	22	20	11	

25	20	11	16	28	

16	11	27	17	26	

12	16	29	29	29	

13	17	15	21	21	

15	14	23	21	27	

27	20	29	12	16	

27	16	21	20	23	

24	15	22	10	15	

17	23	26	24	25	

17	27	11	22	22	

15	13	24	12	26	

27	11	13	19	25	

22	14	23	22	21	

21	25	22	26	11	

19	10	21	16	14	

13	27	12	27	20	

28	29	19	13	11	

24	21	24	11	12	

26	10	13	19	27	

25	24	11	15	26	

30	11	16	24	17	

23	27	29	16	29	

10	23	21	17	19	

22	22	22	15	12	

25	27	26	29	11	

27	27	27	27	12	

24	27	17	13	28	

28	29	17	18	25	

12	15	13	14	22	

29	30	24	27	16	

16	14	17	19	26	

16	16	11	16	11	

16	22	28	20	25	

17	14	22	27	11	

27	21	14	17	30	

21	10	17	21	16	

27	23	30	27	21	

25	24	25	13	27	

28	25	26	12	11	

28	25	11	28	11	

15	28	18	14	21	

30	28	19	10	18	

28	27	20	29	28	

22	11	29	13	11	

29	11	12	16	28	

18	16	10	21	27	

17	27	12	30	27	

12	26	22	23	10	

25	16	11	15	15	

28	22	20	27	18	

27	10	22	22	22	

30	11	29	27	10	

11	29	18	28	16	

21	13	21	23	25	

21	30	12	14	17	

22	20	12	16	30	

24	22	21	13	25	

14	26	12	11	30	

22	30	19	23	11	

14	15	10	12	12	

20	24	12	30	25	

26	10	29	17	24	

22	24	21	27	30	

24	26	21	26	29	

16	17	20	10	20	

11	20	12	14	10	

19	18	13	21	20	

28	12	28	29	24	

12	11	30	14	14	

15	20	28	18	20	

25	17	28	27	24	

17	27	15	11	25	

23	16	18	27	17	

22	16	21	15	12	

12	21	13	25	24	

15	22	23	26	10	

26	25	11	15	19	

27	26	22	28	17	

10	12	25	18	21	

23	29	22	22	16	

20	23	27	12	30	

15	18	26	21	10	

15	23	14	11	22	

11	15	10	10	18	

20	24	23	21	25	

16	23	23	22	14	

22	30	24	11	19	

20	19	22	21	10	

17	26	14	27	11	

21	17	23	18	30	

11	18	28	15	16	

15	11	15	24	14	

26	11	27	20	28	

28	16	25	17	21	

22	29	14	19	11	

15	16	20	27	20	

24	16	25	17	20	

13	11	18	19	26	

18	21	28	26	16	

16	10	28	22	17	

11	28	27	15	10	

20	18	13	29	16	

20	11	19	15	14	

30	18	20	30	25	

14	17	27	16	21	

22	28	19	11	12	

22	19	12	25	16	

30	15	26	29	11	

26	19	16	21	25	

14	20	16	16	13	

26	29	27	18	24	

16	10	29	16	17	

25	11	13	30	11	

28	21	10	10	25	

21	28	21	18	22	

25	13	13	27	13	

28	12	14	10	12	

29	26	10	15	18	

10	11	14	22	18	

20	10	24	26	11	

25	11	26	19	30	

16	26	29	16	28	

14	28	24	11	25	

23	26	28	13	29	

10	23	19	25	24	

30	22	18	24	10	

18	21	26	11	28	

24	13	25	22	20	

14	27	11	25	15	

15	13	29	14	23	

28	12	21	10	17	

27	22	19	16	29	

18	18	26	22	30	

28	19	20	15	12	

25	12	17	21	26	

23	20	12	27	28	

27	12	26	26	26	

27	26	26	28	18	

26	27	17	11	29	

24	14	27	20	12	

22	13	14	24	20	

28	14	24	23	23	

24	30	13	25	30	

16	11	12	11	21	

28	26	21	18	29	

24	11	20	20	29	

11	12	15	15	20	

28	17	11	15	14	

25	19	14	10	16	

10	16	10	20	17	

18	16	17	18	18	

29	24	28	25	15	

24	16	22	16	19	

16	17	10	28	12	

14	28	18	13	10	

19	22	14	14	13	

18	18	13	16	27	

25	26	29	29	16	

21	23	30	21	14	

15	29	12	20	20	

24	30	23	12	27	

21	18	21	25	22	

25	17	27	15	18	

19	10	15	14	20	

10	16	14	14	14	

23	25	26	15	25	

25	23	20	13	30	

24	11	20	24	15	

29	13	30	29	23	

14	30	28	18	29	

19	25	17	16	30	

23	13	13	14	22	

11	20	20	27	26	

29	27	30	15	30	

13	24	30	16	30	

28	15	28	22	23	

28	22	10	25	16	

16	27	28	28	11	

19	18	10	23	27	

12	21	16	12	20	

17	14	13	14	25	

18	20	11	24	17	

30	20	27	30	17	

25	17	17	29	29	

28	26	16	13	22	

29	13	27	25	13	

18	23	24	30	10	

17	22	17	18	16	

26	27	14	22	19	

14	12	26	23	27	

15	25	16	23	10	

17	18	28	28	14	

22	28	19	14	11	

21	13	17	18	23	

22	15	18	19	20	

27	21	15	14	12	

15	16	22	25	12	

12	27	27	29	30	

20	19	29	27	17	

20	20	13	20	27	

30	13	11	19	22	

24	14	12	28	20	

16	20	13	17	20	

27	15	18	13	18	

11	24	14	22	14	

27	27	10	22	27	

26	14	10	27	18	

18	19	28	20	23	

27	14	11	14	23	

13	14	30	30	26	

15	28	18	15	11	

11	24	28	16	11	

16	12	13	12	19	

15	16	23	19	27	

29	30	12	23	23	

12	24	27	17	28	

22	18	12	14	14	

25	26	15	11	13	

12	26	28	27	26	

18	14	22	15	22	

20	27	19	12	19	

21	27	23	23	22	

30	29	28	25	18	

10	15	16	27	30	

16	10	20	19	30	

21	11	11	28	11	

16	28	30	28	24	

14	29	23	29	27	

22	24	11	29	27	

18	19	27	20	26	

14	29	25	12	14	

12	18	26	25	30	

15	18	25	18	15	

22	30	10	17	18	

13	27	28	14	20	

25	19	17	21	15	

23	20	18	16	23	

17	18	26	11	20	

23	13	29	29	23	

12	26	25	28	13	

30	26	24	10	27	

11	28	13	18	24	

17	21	25	22	18	

30	14	27	14	12	

21	11	20	17	12	

21	16	27	10	10	

17	16	23	11	24	

10	18	29	23	15	

18	23	23	19	15	

30	30	18	10	25	

18	26	12	20	20	

28	28	29	28	15	

26	21	13	22	20	

25	24	13	15	28	

16	27	18	15	21	

16	10	14	14	25	

27	21	26	26	17	

20	12	20	22	11	

24	11	17	22	18	

16	22	19	25	18	

16	29	14	26	22	

24	27	22	14	29	

20	24	11	13	27	

16	23	10	15	10	

22	13	28	19	14	

18	28	13	23	21	

16	11	16	24	18	

28	26	23	28	10	

18	20	22	27	22	

20	27	25	16	24	

10	27	16	20	16	

10	30	24	19	28	

13	15	22	24	24	

16	26	15	27	21	

21	19	22	16	30	

22	24	28	17	22	

22	10	12	10	24	

25	10	18	20	12	

20	12	23	23	28	

14	17	13	16	18	

25	17	15	15	10	

19	22	10	22	26	

29	27	13	25	24	

13	18	11	23	26	

15	15	25	24	28	

25	26	29	27	25	

24	25	22	18	29	

30	12	20	21	10	

20	17	10	14	13	

14	28	17	11	17	

12	23	12	11	10	

21	24	24	20	27	

14	10	29	11	21	

18	30	12	19	13	

13	18	26	12	13	

10	21	12	21	13	

14	26	30	25	21	

16	29	21	11	17	

30	29	17	10	18	

30	18	16	30	28	

11	27	11	27	26	

26	27	24	25	11	

27	19	24	18	21	

24	16	16	17	15	

19	15	12	25	25	

29	12	26	22	26	

28	29	14	15	17	

18	27	29	30	18	

12	14	18	21	14	

13	26	11	25	27	

20	30	23	22	23	

16	20	17	17	12	

24	25	30	13	20	

17	25	29	22	15	

12	27	14	25	27	

12	21	23	17	15	

16	29	26	14	20	

28	22	29	21	11	

21	21	15	14	20	

22	18	12	17	22	

25	14	17	26	14	

28	20	26	27	13	

17	30	13	29	10	

19	11	15	28	18	

14	11	22	25	24	

30	23	20	11	28	

28	22	23	30	25	

22	22	13	21	11	

17	20	21	26	13	

15	30	12	22	24	

23	19	20	16	30	

20	28	15	11	17	

21	22	27	25	13	

30	24	23	25	20	

29	12	25	15	29	

16	12	16	17	13	

15	20	19	21	25	

13	13	29	20	20	

16	13	20	20	10	

23	25	15	13	22	

17	17	16	10	13	

29	17	12	27	13	

21	18	17	25	24	

24	15	25	25	12	

30	24	16	21	20	

29	11	26	24	29	

30	23	19	13	18	

15	20	23	18	16	

21	22	18	18	27	

22	19	29	28	18	

30	13	12	21	25	

24	11	10	30	20	

13	13	21	20	25	

19	17	22	18	24	

15	15	29	19	16	

25	23	17	22	17	

30	20	26	22	20	

20	10	28	23	15	

14	29	25	13	18	

18	17	19	22	20	

19	10	18	16	16	

10	14	14	30	13	

13	16	11	12	10	

30	29	21	30	27	

24	26	25	13	26	

19	16	19	18	12	

30	27	24	16	23	

21	30	28	25	29	

20	15	15	20	19	

21	10	17	26	14	

17	21	20	25	26	

15	10	21	28	20	

27	16	29	29	22	

30	14	25	19	30	

26	25	23	29	24	

20	21	19	16	26	

15	22	17	16	12	

21	23	30	14	23	

20	12	14	23	24	

26	22	27	21	17	

30	18	26	25	16	

27	14	27	12	24	

29	14	23	15	15	

25	21	19	10	27	

24	21	19	14	16	

26	29	10	27	25	

30	24	24	26	23	

25	18	22	30	17	

30	26	30	12	28	

12	29	17	18	20	

27	10	15	19	19	

30	21	21	10	23	

28	20	13	22	11	

11	26	18	18	12	

24	17	29	22	28	

24	17	19	18	11	

15	18	20	26	25	

27	30	26	28	15	

13	25	30	20	19	

15	21	26	20	15	

26	12	19	17	13	

17	12	13	15	12	

21	22	23	22	26	

27	21	21	14	17	

11	22	16	30	27	

28	17	22	15	29	

30	21	20	12	30	

27	11	10	15	29	

11	23	25	15	27	

21	14	11	22	11	

10	27	20	22	28	

15	11	16	18	28	

26	19	30	27	20	

10	14	25	19	14	

12	20	28	18	29	

23	22	25	21	24	

20	16	22	15	10	

29	30	19	27	28	

27	16	30	16	19	

17	16	12	14	19	

18	27	21	23	29	

21	20	14	18	23	

22	25	11	16	17	

15	23	10	14	17	

23	21	25	19	10	

12	30	28	14	11	

22	10	10	26	10	

19	30	24	14	24	

21	10	10	23	24	

29	16	19	21	28	

19	20	14	18	27	

17	16	14	13	26	

20	13	20	28	24	

11	21	27	13	20	

24	17	26	22	13	

13	13	16	25	16	

25	25	13	18	26	

20	11	26	11	25	

27	20	14	17	19	

10	10	12	29	30	

27	15	14	16	11	

11	13	10	26	12	

14	16	28	25	28	

21	12	11	15	21	

10	27	12	17	27	

18	23	24	20	29	

12	13	15	26	13	

28	23	12	17	10	

14	27	23	20	25	

29	18	25	19	29	

26	28	22	26	10	

18	14	25	28	24	

28	20	18	22	14	

28	27	22	17	14	

25	17	16	12	22	

11	24	19	30	22	

13	13	22	26	24	

10	29	12	27	23	

23	10	11	27	11	

19	23	18	22	19	

21	22	19	11	24	

18	29	13	10	25	

12	10	19	20	13	

21	13	20	30	27	

17	27	12	25	30	

15	12	19	13	18	

11	11	10	11	25	

21	21	24	23	24	

16	22	20	18	11	

10	24	26	17	30	

19	13	29	13	22	

16	23	10	11	27	

22	23	24	17	27	

26	16	16	27	26	

12	11	20	23	17	

20	30	24	25	26	

15	19	20	17	24	

21	10	21	10	18	

19	17	12	14	13	

16	14	16	30	18	

18	20	13	15	18	

16	22	14	14	18	

22	20	15	19	21	

15	30	21	10	24	

11	16	18	24	27	

13	25	30	18	25	

24	10	26	16	21	

26	11	19	11	27	

29	17	17	24	17	

30	23	13	30	10	

26	20	25	30	10	

29	12	17	23	15	

28	12	20	20	28	

30	18	20	21	14	

12	24	19	15	18	

18	22	26	30	28	

28	19	24	20	10	

24	23	20	29	15	

25	17	15	10	25	

18	20	26	24	18	

22	30	28	16	13	

18	22	15	21	14	

17	30	25	29	24	

29	27	16	10	15	

18	17	10	27	30	

29	30	26	11	28	

20	10	23	21	29	

23	27	15	14	10	

24	28	19	18	25	

18	21	22	14	19	

26	27	21	29	21	

13	25	27	19	20	

22	25	10	10	16	

11	12	10	10	24	

13	24	21	20	16	

15	26	30	21	24	

26	21	10	25	22	

10	29	24	11	28	

15	27	13	23	11	

14	21	19	12	21	

10	30	30	12	22	

