819	11


8067
8096
8247
8209
8299
8330
8137
8326
8210
8220
8159


92
88
82
70
95
73
90
70
68
89
59
55
52
52
83
58
69
88
98
78
50
92
70
79
65
51
100
85
73
54
87
69
70
58
89
56
74
58
86
64
57
77
53
62
64
79
61
74
87
97
66
52
98
62
80
65
56
96
80
65
87
86
63
95
95
81
61
79
50
71
86
87
90
90
65
89
76
68
58
82
55
75
78
88
59
97
96
75
81
79
74
63
88
62
82
93
79
92
70
66
75
60
80
100
52
56
65
71
66
81
64
86
54
87
97
76
95
98
67
87
97
69
97
91
75
96
100
85
73
66
66
50
63
88
85
83
83
65
68
73
75
79
76
75
86
50
87
62
94
86
64
77
88
74
76
71
96
58
51
83
77
100
66
95
75
61
92
57
53
80
65
53
73
85
77
51
79
79
88
54
69
89
59
99
70
60
86
75
50
89
87
71
85
91
90
61
50
81
53
61
77
97
81
75
51
60
57
92
64
84
55
94
57
84
89
74
74
68
83
59
51
69
71
59
74
82
74
68
53
95
67
72
100
62
75
84
96
97
92
58
52
57
55
62
100
81
90
92
72
93
97
52
80
74
58
54
94
95
80
92
99
56
56
60
100
85
80
93
97
98
74
67
52
73
100
67
75
65
54
57
90
89
90
69
90
97
82
86
91
100
86
89
91
51
77
67
83
98
87
59
95
90
90
71
64
86
71
81
71
60
98
58
100
62
95
79
78
79
79
92
86
76
81
94
55
70
65
53
79
86
93
80
81
67
52
75
90
84
70
63
53
70
75
65
98
90
87
87
86
54
89
78
59
75
72
73
70
54
50
88
82
67
83
90
81
100
52
65
83
78
55
83
73
54
77
67
58
97
82
87
63
100
65
88
85
72
70
53
60
57
80
67
73
62
59
72
93
83
89
92
100
59
94
70
65
71
64
84
88
98
62
70
80
73
97
79
97
97
57
87
88
100
53
60
99
51
93
89
73
83
93
90
61
70
83
74
100
57
91
51
54
73
66
91
58
68
59
99
72
72
86
71
61
61
96
96
95
60
96
80
62
64
90
56
100
52
68
97
67
65
68
80
61
52
92
84
90
50
77
52
97
65
98
77
88
81
69
80
92
96
51
89
95
66
50
96
89
89
99
90
55
97
65
79
94
92
76
98
80
89
89
61
51
92
61
93
70
73
86
82
72
52
90
66
100
97
61
100
99
87
57
96
87
100
50
93
80
57
63
57
59
91
77
51
63
57
89
73
86
65
97
66
64
90
59
62
57
66
64
66
74
63
53
61
51
74
97
55
64
80
81
55
63
94
99
61
71
93
71
65
81
66
61
53
88
88
70
90
64
79
86
67
77
80
64
93
82
81
70
62
59
56
84
50
77
61
75
79
83
60
65
51
74
52
59
62
97
84
97
70
69
96
80
60
100
70
71
55
61
65
74
58
92
59
71
91
50
56
70
97
55
65
74
83
80
61
90
63
80
99
73
63
83
97
51
98
100
61
69
100
51
63
79
72
95
50
86
86
68
91
95
90
65
69
83
69
95
73
87
63
50
77
71
67
52
62
52
73
93
64
82
78
59
99
67
93
53
79
62
71
63
64
61
95
71
88
85
95
80
65
72
89
61
59
56
81
74
64
77
86
92
58
87
94
86
91
73
65
71
75
81
59
59
74
95
80
95
56
98
94
88
73
72
80
82
84
82
83
73
72
62
92
56
54
55
75
94
98
70
71
79
73
52
63
54
88
65
57
96
81
52
84
93
75
79
75
61
52
52
99
91
90
62
85
54
67
76
97
68
69
65
53
57
75
75
65
55
74
55
72
82
92
96
69
73
55
97
77
61
93
76
91
93
83
93
96
66
97
98


14	25	10	13	13	10	17	30	17	26	30	

11	20	27	12	23	23	28	21	30	18	28	

26	15	10	24	14	22	26	28	16	15	26	

23	10	30	26	12	18	11	14	11	22	11	

10	25	29	19	26	21	13	27	29	21	14	

25	17	15	23	18	20	29	13	26	11	24	

23	17	24	24	11	12	11	11	16	29	16	

18	10	24	22	11	14	28	25	22	27	16	

25	13	17	12	27	15	19	22	11	28	15	

15	10	22	20	22	11	15	23	20	29	15	

15	14	24	24	23	29	30	29	24	27	21	

20	27	24	13	30	19	22	25	14	11	20	

28	16	17	25	16	28	20	24	26	28	13	

19	26	14	17	14	30	13	12	23	13	12	

21	26	25	10	14	20	23	27	23	19	26	

14	29	23	18	23	26	10	29	21	13	27	

22	22	26	10	14	14	19	15	30	19	16	

28	27	29	14	24	22	25	14	21	28	21	

24	28	15	14	20	27	20	29	29	21	18	

20	26	16	16	27	10	20	25	24	19	11	

21	27	13	24	13	23	13	16	21	13	20	

30	15	22	27	15	26	17	16	23	11	13	

20	24	17	15	24	26	28	21	23	24	12	

27	17	11	26	20	10	10	22	10	21	29	

12	29	28	20	12	16	22	28	26	30	21	

26	18	21	21	21	23	28	15	15	19	27	

18	26	19	21	11	17	19	13	17	13	23	

17	27	10	14	18	19	28	26	22	30	27	

21	26	26	13	25	18	12	15	21	30	14	

17	15	27	30	27	29	25	23	29	26	16	

27	24	24	18	11	11	24	11	20	27	30	

12	23	27	29	24	22	27	19	10	17	30	

24	26	19	22	14	11	28	25	25	26	11	

11	18	15	23	15	24	15	30	15	17	27	

28	24	17	19	24	16	17	17	27	30	22	

23	18	21	13	27	27	20	25	13	15	16	

26	29	22	22	23	23	28	13	16	19	14	

11	18	22	14	11	16	14	16	19	22	10	

23	12	11	19	28	16	20	25	20	18	14	

10	24	19	15	16	19	22	13	19	11	12	

22	14	18	14	29	23	29	23	16	28	22	

30	24	10	16	12	24	12	18	22	13	11	

20	19	11	22	25	24	27	11	28	10	30	

26	16	24	14	19	10	16	29	30	27	29	

16	27	26	30	25	11	22	29	30	11	27	

18	25	15	17	25	19	11	11	26	22	26	

25	23	24	12	26	19	22	26	17	25	11	

26	17	20	21	12	30	21	18	11	18	23	

12	21	24	18	28	19	25	18	29	11	16	

29	15	20	17	26	18	19	18	16	13	13	

25	20	11	13	19	25	18	27	15	15	10	

18	25	28	30	29	27	22	16	23	30	19	

23	29	24	16	26	14	27	14	22	22	23	

22	26	12	10	19	19	17	27	25	20	27	

15	17	23	22	21	20	25	27	16	15	26	

15	17	10	12	26	14	20	13	10	26	13	

17	14	10	13	10	14	14	13	15	21	21	

30	14	29	11	20	16	11	28	20	14	14	

22	18	22	18	17	16	18	22	26	11	13	

15	26	25	19	22	24	12	21	20	17	14	

23	22	23	12	16	26	15	23	16	22	22	

22	16	13	20	28	19	29	26	26	26	25	

12	14	27	30	16	29	27	28	26	20	26	

15	19	13	14	18	27	27	11	23	22	18	

26	22	12	11	28	21	26	27	15	28	30	

12	19	21	20	12	17	19	30	13	11	16	

21	27	28	15	29	27	11	30	26	28	30	

24	11	22	21	12	25	23	22	23	24	16	

16	17	14	24	11	25	17	27	19	13	12	

28	13	19	23	24	27	22	25	27	12	10	

29	13	27	15	29	14	18	12	20	25	17	

21	18	29	20	30	21	11	10	28	22	22	

23	22	29	28	14	10	20	22	10	26	30	

17	24	26	17	20	19	26	17	22	23	23	

12	29	17	11	29	26	28	23	27	25	14	

11	25	13	29	24	17	27	23	20	14	14	

13	10	18	16	10	25	14	29	10	11	26	

11	27	29	18	29	21	18	16	11	29	23	

14	24	27	26	17	17	27	12	28	14	28	

21	16	22	12	22	23	18	15	26	26	15	

16	20	11	24	25	17	14	27	16	29	23	

21	24	19	30	20	16	14	30	23	30	12	

10	14	17	30	16	30	10	29	20	27	24	

23	23	17	19	25	16	12	18	12	17	25	

26	24	25	10	17	16	18	26	30	29	30	

11	21	14	15	11	26	11	23	28	19	18	

24	12	15	29	28	11	30	28	20	25	17	

12	30	29	29	14	18	27	16	25	17	10	

19	24	19	14	16	28	29	10	20	17	26	

16	12	13	13	30	21	24	28	17	15	16	

13	28	11	24	21	28	18	17	10	15	22	

26	15	26	27	18	27	20	30	29	16	17	

26	14	17	12	24	22	19	20	24	14	18	

29	30	19	21	27	28	24	21	25	22	30	

19	16	21	13	13	23	23	17	29	15	23	

17	30	21	16	15	15	17	15	29	27	10	

26	12	20	11	24	18	20	19	16	28	10	

18	30	14	25	19	22	30	26	27	22	10	

11	30	17	25	19	25	15	17	25	23	17	

10	17	21	30	14	29	27	24	13	17	18	

22	10	16	29	14	19	10	10	12	27	12	

11	20	26	23	12	30	17	11	14	18	13	

18	21	11	16	10	19	24	21	25	30	12	

23	24	28	13	29	28	27	14	18	15	28	

10	13	18	15	13	21	28	20	16	28	15	

15	22	21	16	16	29	14	20	14	12	22	

28	12	10	25	18	26	21	15	27	29	14	

15	14	16	24	28	12	24	25	26	14	24	

28	29	11	23	24	17	13	29	21	11	24	

15	29	11	14	24	11	26	18	28	19	28	

30	11	28	24	19	29	27	28	22	17	22	

11	29	23	29	19	24	13	12	26	11	29	

23	12	19	26	20	28	16	19	19	21	25	

15	23	13	10	25	18	29	22	17	22	21	

19	26	25	24	21	29	22	16	30	25	17	

20	28	22	19	11	22	14	17	22	14	13	

29	29	28	26	29	22	18	17	17	21	22	

26	20	21	27	24	23	16	22	19	13	26	

11	23	25	20	11	21	12	12	16	22	27	

19	10	15	26	15	29	22	27	10	11	18	

23	14	18	27	24	10	15	15	26	13	24	

22	19	21	26	19	10	19	12	19	23	30	

22	29	11	11	25	30	23	18	10	27	20	

23	14	21	19	12	20	16	20	23	12	10	

26	20	12	21	28	27	25	18	21	11	24	

15	15	24	11	14	15	14	13	27	14	12	

22	16	23	30	20	28	22	14	28	20	11	

22	28	11	25	26	16	27	20	13	15	26	

26	24	27	28	26	19	30	24	16	16	23	

11	11	11	21	30	23	26	24	30	29	21	

30	12	19	26	18	11	10	17	19	23	15	

15	16	19	28	10	10	24	10	30	19	20	

29	28	17	16	18	10	29	27	10	11	29	

26	27	15	11	22	28	11	11	18	17	18	

23	15	17	24	17	27	23	19	16	17	17	

19	10	11	15	13	18	10	16	15	14	15	

15	14	28	20	12	17	19	14	26	18	26	

25	17	17	21	12	17	30	24	30	18	13	

18	12	12	17	27	10	14	17	20	15	28	

25	23	15	15	17	20	25	15	24	27	13	

21	16	12	10	20	26	11	15	17	20	26	

28	12	29	11	28	11	20	21	10	27	27	

21	26	12	15	20	13	29	25	20	15	15	

26	27	11	19	11	25	22	25	17	14	26	

28	27	13	12	26	12	24	24	15	30	17	

25	20	23	19	13	30	12	23	25	16	17	

22	26	27	21	10	12	23	10	27	11	11	

20	10	30	29	12	10	12	15	21	14	27	

13	25	27	17	17	20	28	25	15	20	16	

29	12	20	24	23	22	19	27	12	20	19	

30	28	11	16	26	21	29	18	13	11	24	

12	14	13	16	15	18	16	30	19	17	13	

21	19	25	11	18	12	18	13	28	20	15	

19	22	14	24	21	14	20	26	27	25	18	

24	19	12	26	11	21	19	10	19	17	11	

25	11	20	19	17	18	17	10	19	10	19	

26	28	21	24	29	10	20	30	29	20	21	

10	21	15	10	19	15	24	28	12	25	24	

17	14	12	30	23	11	18	12	19	20	22	

14	26	13	11	25	12	17	24	30	23	21	

15	12	22	25	22	27	11	18	12	10	11	

18	16	19	16	26	21	17	20	13	19	16	

14	19	14	15	30	21	16	17	26	29	14	

13	17	18	25	14	29	16	30	23	13	18	

21	21	18	18	25	18	22	18	14	10	30	

28	20	10	25	22	29	16	13	15	16	23	

26	29	21	23	19	24	20	23	27	15	14	

14	30	30	16	12	14	19	23	14	13	13	

18	30	20	21	21	25	23	10	13	23	23	

11	28	14	21	26	10	26	21	14	16	30	

14	26	15	23	11	24	24	27	17	23	15	

29	10	23	27	14	23	27	16	25	17	26	

26	25	29	19	14	16	13	18	11	11	23	

18	24	23	20	28	16	29	12	27	12	19	

11	18	28	16	18	25	20	17	17	30	24	

21	10	11	20	29	12	29	27	30	20	21	

28	10	14	23	11	10	13	26	16	15	23	

19	26	19	24	21	26	11	12	26	17	23	

26	11	18	23	22	27	29	19	22	14	11	

24	14	19	30	24	15	16	25	22	20	30	

15	25	29	21	18	10	11	24	26	27	15	

16	26	30	18	13	15	24	29	16	14	19	

17	26	20	29	28	18	22	25	10	24	30	

12	10	18	25	28	27	23	30	11	20	25	

16	20	10	28	15	30	10	28	20	17	25	

24	14	12	18	19	19	30	26	22	16	16	

19	24	24	25	21	19	25	12	23	10	17	

30	28	12	21	11	27	21	14	19	19	22	

25	24	19	11	11	30	27	12	29	19	10	

16	26	28	14	11	19	22	23	12	30	16	

29	27	29	26	17	10	11	26	20	25	10	

10	25	15	11	20	28	27	11	26	28	28	

20	29	28	18	17	28	15	26	22	14	10	

22	14	21	13	11	21	13	18	11	12	29	

19	25	15	22	25	30	16	29	21	30	26	

10	12	13	27	27	30	13	25	30	24	17	

22	24	25	21	22	22	28	30	13	20	27	

24	15	17	29	15	19	12	27	22	27	13	

21	23	23	11	21	11	12	28	11	12	30	

15	11	12	22	16	22	10	29	11	27	25	

18	25	24	23	16	30	22	26	20	10	28	

21	26	12	21	10	21	11	24	24	20	20	

18	14	24	21	29	21	16	27	23	25	12	

24	23	10	30	22	22	16	30	23	21	12	

30	19	20	27	29	30	26	30	10	16	10	

12	30	16	25	28	16	12	27	30	29	14	

13	26	15	25	22	27	21	29	27	18	26	

10	12	10	25	28	19	24	13	13	26	28	

27	23	12	28	27	30	15	23	13	28	12	

27	22	11	30	20	12	19	15	20	26	28	

19	18	28	13	13	30	10	29	15	20	28	

26	29	23	26	29	13	22	14	26	24	25	

11	10	15	16	19	10	21	11	29	12	15	

10	24	19	20	24	17	11	13	11	30	12	

16	23	24	26	30	29	16	26	15	15	18	

19	26	15	26	28	27	27	15	28	14	29	

26	13	27	21	12	29	14	19	15	13	17	

13	25	20	25	21	15	13	16	28	23	27	

10	24	28	26	17	18	26	25	12	18	28	

30	10	30	10	19	13	27	26	30	17	16	

23	14	29	26	27	19	19	28	13	26	11	

21	15	14	17	13	20	16	28	27	12	24	

29	10	17	26	18	10	10	12	11	12	24	

20	13	17	17	17	10	28	15	22	17	15	

26	18	25	24	26	12	17	27	29	22	19	

19	12	10	23	14	13	19	16	11	30	22	

23	18	12	10	10	30	13	13	28	19	18	

26	18	29	21	30	11	10	27	22	13	20	

18	29	22	17	16	25	14	22	15	16	23	

29	29	30	18	14	27	22	23	15	17	30	

25	22	23	10	27	14	28	25	23	14	30	

17	19	22	20	13	22	28	14	27	21	19	

20	10	16	25	26	24	23	12	22	11	15	

22	27	21	20	14	18	15	13	12	20	14	

15	10	15	25	30	11	29	28	18	11	30	

18	25	29	27	26	26	24	26	10	25	22	

18	25	29	28	26	14	28	28	18	17	22	

24	18	13	27	25	17	21	16	17	14	11	

14	26	29	26	26	26	22	26	18	24	20	

17	25	15	15	19	12	24	12	10	17	23	

21	22	14	18	21	14	10	21	30	23	15	

24	11	10	24	28	22	19	17	30	26	20	

16	10	23	13	21	24	10	29	12	30	15	

25	10	20	28	21	17	26	20	20	27	18	

19	20	23	21	16	28	20	21	15	10	17	

23	21	19	26	22	27	19	20	26	25	10	

22	15	20	28	30	26	23	13	22	18	25	

16	27	17	24	27	10	30	25	23	18	30	

16	25	18	16	16	26	16	21	29	22	22	

23	13	16	12	12	25	12	14	12	10	22	

12	10	16	17	21	27	15	13	29	13	22	

14	21	16	16	12	18	30	11	21	14	19	

22	29	21	21	30	22	20	15	14	29	12	

20	24	14	13	23	25	22	23	27	17	11	

17	20	17	16	27	19	21	16	23	30	13	

12	13	11	14	15	29	29	12	16	20	14	

12	19	15	20	10	12	26	28	25	20	12	

13	18	19	15	23	16	16	11	16	16	22	

17	15	28	16	16	26	15	16	22	25	26	

22	12	10	30	29	23	10	18	14	27	25	

30	14	19	12	20	14	12	23	16	20	19	

15	11	14	16	19	23	15	22	12	29	21	

20	26	19	26	13	17	25	17	25	19	11	

29	29	29	30	10	23	20	24	17	22	12	

27	11	13	12	20	11	27	29	29	26	20	

19	15	28	24	28	22	11	16	14	26	24	

11	20	24	29	19	20	30	12	21	18	30	

16	26	11	16	13	15	12	27	25	21	21	

16	19	27	17	10	16	18	11	13	14	14	

13	13	15	11	21	11	29	11	16	29	13	

10	24	27	18	30	22	19	14	23	12	21	

16	13	12	19	23	10	27	14	14	14	15	

28	13	19	21	19	15	25	20	16	23	25	

17	28	19	10	17	17	29	24	22	20	30	

11	12	23	19	19	15	22	30	15	30	13	

12	16	22	13	16	21	12	16	25	19	25	

30	17	27	21	18	25	17	10	24	14	27	

21	25	29	22	27	16	23	15	16	16	20	

18	25	25	18	27	26	27	24	20	12	13	

23	10	18	27	25	29	27	19	11	10	26	

28	19	26	23	19	14	18	30	16	23	20	

23	29	16	19	16	14	22	19	12	27	22	

23	22	12	23	29	21	19	18	25	28	19	

19	23	29	13	11	12	21	19	12	14	26	

23	27	20	20	25	17	10	20	23	10	23	

29	15	21	11	18	14	11	21	13	15	23	

19	18	26	12	10	23	25	30	24	22	30	

19	21	21	20	27	18	27	21	28	21	13	

10	10	19	11	23	14	12	15	19	30	15	

22	19	14	27	16	29	13	16	21	24	28	

27	28	23	28	19	14	20	25	16	21	17	

12	10	27	23	11	21	24	24	13	26	17	

13	29	26	12	11	18	22	21	28	28	19	

15	18	18	12	26	18	19	13	25	11	11	

28	16	13	18	28	17	11	18	16	25	21	

22	15	27	23	24	25	24	16	23	26	20	

29	20	29	22	21	18	21	18	12	21	30	

28	15	25	15	22	24	11	30	23	23	15	

13	13	16	26	26	14	15	19	28	12	28	

24	22	24	26	17	24	24	23	14	11	16	

18	19	25	18	22	17	24	17	23	16	24	

12	30	15	15	30	21	13	23	29	26	13	

27	13	14	15	17	13	18	10	23	10	23	

28	12	10	26	30	25	11	10	12	22	16	

16	17	14	17	11	29	29	18	30	21	11	

13	29	28	27	24	14	24	17	23	24	20	

11	14	26	14	20	18	22	23	30	10	25	

26	12	30	14	27	17	13	23	28	19	10	

20	16	24	19	27	29	18	21	26	26	16	

21	10	14	14	24	20	19	21	16	10	19	

25	11	29	21	25	23	25	16	13	15	12	

27	21	19	17	22	25	17	30	18	15	20	

23	17	14	19	11	23	20	11	11	24	20	

23	17	26	22	11	21	23	17	26	12	28	

14	16	29	26	21	20	17	25	13	18	26	

23	28	14	14	18	20	20	16	14	18	12	

12	10	27	25	16	22	10	16	13	20	22	

15	17	13	29	21	28	23	14	10	18	12	

23	23	11	30	19	23	20	10	27	16	17	

18	25	19	19	12	16	15	26	15	21	29	

12	17	26	29	19	26	28	11	16	27	17	

20	30	19	24	12	30	24	22	17	19	19	

10	16	12	21	25	20	10	26	19	12	22	

12	29	13	25	20	15	30	29	24	16	17	

20	14	13	30	11	26	21	17	11	24	26	

28	15	21	29	26	30	28	29	17	17	28	

16	15	10	23	28	17	13	15	18	15	12	

23	26	16	14	21	26	12	30	18	28	14	

20	29	15	25	12	10	21	19	20	11	11	

15	25	21	17	29	24	25	29	26	20	17	

10	15	22	17	23	12	21	28	16	18	21	

13	26	23	18	29	24	19	20	22	27	30	

16	10	28	25	12	18	18	24	17	26	10	

13	28	20	12	19	11	27	12	27	12	17	

19	15	27	23	28	15	20	13	24	11	12	

22	30	25	25	17	20	21	14	22	29	15	

18	30	25	27	21	10	14	26	17	10	21	

14	29	26	13	27	20	23	18	25	28	27	

22	16	26	22	11	27	12	14	26	28	30	

25	11	29	13	12	24	15	15	10	11	30	

30	20	10	22	26	29	17	28	15	24	23	

11	22	27	17	26	30	30	25	22	28	20	

20	15	30	17	29	20	21	27	23	19	15	

14	14	21	12	20	13	27	13	22	29	29	

29	14	27	13	10	23	19	26	18	29	24	

12	17	14	22	16	11	18	22	28	20	26	

23	13	24	26	12	19	18	17	30	11	13	

16	30	26	22	11	22	25	14	20	27	27	

25	30	24	17	25	14	13	25	22	20	23	

22	21	28	23	20	29	20	20	19	22	18	

28	17	19	30	11	20	28	12	28	28	10	

13	18	24	26	20	27	22	14	25	23	26	

15	15	20	12	29	10	16	17	21	18	10	

24	24	26	25	15	19	20	13	12	27	17	

21	12	25	25	16	23	18	15	23	10	30	

14	25	24	19	19	28	13	27	29	30	10	

30	17	24	22	17	26	10	27	29	16	14	

23	19	17	27	30	20	11	26	22	25	23	

21	25	12	17	10	30	25	11	24	29	17	

26	20	26	26	18	23	28	27	30	26	27	

14	24	21	29	21	12	27	18	17	15	16	

17	21	12	22	11	14	29	19	11	28	10	

24	10	29	28	10	30	26	14	30	10	23	

23	25	13	28	25	25	13	11	12	12	18	

29	15	16	11	20	23	11	18	25	26	11	

15	26	18	27	18	28	29	16	15	23	22	

26	28	20	26	22	17	27	26	29	14	22	

20	14	12	22	21	26	23	30	16	15	29	

18	10	22	11	20	19	18	22	17	10	23	

20	17	19	18	30	20	16	11	17	21	10	

25	23	20	15	16	23	18	23	24	26	27	

23	22	12	21	28	19	20	29	19	16	19	

23	26	10	24	15	18	23	25	20	27	21	

20	30	28	25	27	28	10	30	29	28	11	

26	13	23	21	10	28	26	17	26	24	23	

17	11	28	16	12	14	30	16	29	11	10	

18	10	16	10	21	20	24	24	30	16	15	

22	27	20	18	22	22	12	17	12	22	20	

16	14	13	16	24	16	10	25	10	17	14	

18	22	20	13	23	16	26	25	19	19	13	

15	18	10	15	11	23	30	19	11	28	20	

15	10	24	15	19	17	30	27	16	28	14	

26	21	11	22	12	22	11	13	17	12	22	

23	28	30	16	22	23	30	21	22	29	28	

20	23	11	10	11	14	11	17	26	29	29	

17	26	28	10	29	20	29	23	11	19	29	

16	30	28	25	11	21	16	18	20	15	21	

22	23	20	17	22	23	24	22	18	18	27	

13	15	26	21	15	16	12	14	13	13	24	

20	18	12	29	26	13	25	26	29	26	23	

26	21	26	27	13	17	15	23	19	28	27	

22	18	22	25	24	18	24	13	25	27	10	

17	11	21	23	20	25	20	11	29	21	25	

17	12	15	26	15	27	19	27	16	16	30	

29	14	24	28	28	12	28	12	11	24	19	

11	12	30	25	22	20	21	24	24	24	29	

12	21	27	12	17	17	27	24	30	22	17	

23	28	21	24	27	30	11	20	22	21	10	

16	12	18	11	12	18	30	10	14	29	16	

14	11	26	27	28	30	13	21	25	10	11	

15	27	28	29	28	29	10	16	26	24	29	

16	26	20	27	15	22	15	17	23	29	24	

20	13	24	12	10	16	13	28	27	19	19	

23	20	26	19	17	14	23	29	16	21	12	

11	29	26	24	17	29	26	24	16	22	22	

13	27	11	15	11	12	22	13	14	19	15	

27	30	17	20	12	20	16	27	28	17	25	

27	11	29	28	22	30	23	19	10	30	27	

25	28	23	24	29	20	18	20	12	14	16	

29	20	21	22	29	25	18	16	18	23	27	

14	23	15	17	24	14	24	25	10	15	28	

14	14	28	28	19	16	20	27	12	23	20	

13	22	25	17	19	29	27	19	29	16	27	

11	10	30	10	15	11	11	11	20	22	10	

18	21	27	20	23	14	27	28	20	18	16	

27	16	30	26	18	27	15	13	27	26	13	

21	22	27	12	14	15	14	10	18	29	16	

24	28	17	28	18	11	15	26	14	15	16	

29	11	14	19	14	19	12	21	18	17	13	

11	14	13	10	24	15	16	19	16	18	21	

16	10	28	25	25	12	10	29	14	18	20	

10	29	11	10	27	20	19	29	23	16	15	

12	23	11	17	27	19	23	29	29	22	14	

18	11	13	13	29	17	15	22	27	16	12	

25	20	30	13	10	12	20	20	27	29	16	

15	10	26	30	26	28	17	29	27	22	22	

26	17	23	18	12	25	29	29	10	13	19	

14	18	30	22	23	12	19	24	20	27	14	

16	30	24	26	25	15	19	23	14	20	16	

26	15	18	11	29	30	27	17	22	14	14	

20	11	23	11	21	26	26	26	10	25	11	

27	24	14	17	20	28	27	15	24	10	25	

27	28	10	20	13	23	20	25	13	23	23	

25	24	24	29	14	11	19	28	22	24	23	

30	19	14	28	26	10	21	15	16	27	26	

14	19	23	23	15	20	17	26	21	10	13	

16	26	14	28	16	10	30	24	25	20	26	

25	25	27	27	29	25	10	29	15	14	19	

12	22	24	21	17	22	29	26	20	29	27	

24	20	26	22	13	30	14	27	19	29	22	

23	29	28	15	28	21	23	25	14	27	16	

19	22	21	15	20	11	20	21	28	25	27	

15	18	13	12	25	28	20	17	19	10	18	

16	24	29	21	26	11	11	20	20	19	14	

23	25	23	25	15	22	16	17	12	22	12	

29	17	20	26	12	10	30	24	21	13	28	

25	22	19	13	29	23	18	17	17	10	13	

30	12	30	18	13	13	10	29	17	29	21	

14	12	17	13	28	17	25	15	26	27	25	

11	12	27	10	24	30	28	11	16	26	21	

19	16	18	22	25	25	15	10	26	14	15	

16	27	12	17	21	16	14	30	15	30	29	

18	19	16	24	13	27	15	28	26	26	20	

17	18	17	13	29	15	30	27	19	25	17	

13	14	29	13	27	17	14	30	15	25	21	

14	27	26	15	30	17	10	29	16	22	14	

27	24	27	11	13	18	28	30	25	22	26	

22	17	20	16	23	26	27	18	19	17	26	

30	18	11	11	25	29	24	22	17	26	13	

20	26	19	23	11	18	20	20	21	23	21	

11	19	26	27	12	29	18	27	13	26	13	

10	29	20	26	16	13	20	27	26	12	30	

11	28	23	16	19	16	23	17	26	11	11	

17	22	15	17	22	23	30	25	11	24	25	

22	25	14	14	20	22	18	27	12	19	17	

19	18	24	18	18	16	12	28	27	18	18	

17	13	18	28	23	28	10	24	11	23	18	

19	19	14	27	16	26	24	29	29	19	13	

14	27	23	29	30	15	11	17	30	18	26	

18	26	28	24	16	21	15	30	17	27	20	

16	16	13	12	15	23	11	16	10	16	17	

30	20	19	19	20	18	12	20	14	10	21	

15	15	20	27	20	12	19	22	28	10	13	

11	13	22	21	12	17	23	26	10	28	26	

23	21	16	26	16	24	20	16	17	16	15	

13	10	15	13	20	28	29	15	26	16	10	

25	30	25	29	18	16	18	21	19	20	18	

21	28	14	17	21	29	10	20	24	28	20	

22	17	10	24	17	27	27	11	11	24	14	

20	14	24	13	13	27	20	21	30	24	26	

17	10	28	20	20	30	23	10	11	16	11	

15	23	22	10	16	28	14	15	25	25	18	

21	19	21	11	23	10	15	24	20	18	22	

10	22	17	27	25	25	27	17	26	13	13	

20	24	30	15	24	26	21	25	25	25	24	

29	19	20	23	21	23	12	27	28	11	12	

17	21	29	20	17	23	17	12	22	29	17	

13	11	15	29	28	22	22	12	16	26	16	

22	23	21	25	20	30	11	12	23	14	26	

13	22	15	11	11	28	30	15	23	10	11	

29	14	17	12	19	12	24	26	25	11	11	

17	26	15	18	11	24	13	17	19	20	22	

16	11	16	24	19	18	19	21	24	20	23	

25	29	24	28	18	20	11	13	24	30	14	

10	17	17	11	21	25	16	12	13	27	30	

18	14	25	13	25	27	30	18	13	24	30	

20	27	20	10	16	11	24	22	17	23	10	

16	28	28	29	23	22	28	25	18	18	29	

16	27	26	27	28	12	19	22	25	10	22	

22	30	14	16	28	22	13	14	29	15	18	

29	29	29	29	25	25	24	26	30	11	24	

15	16	24	18	16	18	13	13	27	19	30	

12	28	16	26	21	24	12	19	17	17	12	

15	26	18	20	23	12	11	23	15	24	29	

24	22	27	29	29	11	26	23	20	22	28	

22	24	17	21	30	15	23	26	17	15	25	

11	22	13	13	28	13	26	12	24	13	15	

28	14	27	13	18	30	20	14	12	10	14	

27	12	24	25	23	20	14	27	16	19	24	

11	10	15	20	27	26	25	14	11	27	24	

22	22	16	11	15	13	10	24	10	17	28	

29	19	21	27	26	28	30	26	28	23	27	

25	15	24	21	23	26	17	22	15	18	21	

11	12	17	23	22	26	22	12	11	15	11	

14	21	29	20	20	20	27	15	10	21	24	

22	15	11	10	10	28	28	27	28	30	27	

15	20	17	11	19	20	13	25	12	16	30	

29	11	23	30	17	24	11	29	20	28	10	

18	14	11	27	29	15	23	25	21	22	14	

27	11	12	22	19	14	19	19	16	15	19	

15	22	28	23	19	29	12	26	26	22	19	

21	16	11	26	29	30	19	25	18	29	14	

19	28	26	28	26	18	10	18	30	20	19	

14	30	29	15	14	12	26	16	27	30	20	

14	28	24	11	17	26	11	27	20	24	12	

15	21	17	23	17	28	27	30	27	30	22	

17	16	17	11	28	29	10	28	10	21	21	

20	28	29	22	22	18	24	29	16	13	30	

18	27	17	18	16	19	12	11	25	30	26	

19	29	24	18	26	26	21	14	16	20	15	

19	21	16	29	30	26	14	29	25	23	12	

10	27	25	27	22	12	28	11	21	30	19	

11	29	30	30	27	27	22	13	12	29	24	

28	25	19	29	16	14	26	22	11	13	27	

19	29	21	22	21	16	26	17	18	26	12	

14	24	19	17	17	30	12	22	29	27	22	

22	23	17	18	29	10	30	30	27	23	10	

12	20	20	19	22	18	18	28	21	26	24	

29	29	13	25	25	28	30	18	30	21	22	

15	29	17	15	21	19	27	17	30	17	25	

29	11	22	11	20	12	19	12	15	25	27	

28	15	22	27	27	27	19	27	10	26	24	

18	10	22	14	13	16	19	21	23	24	11	

29	10	20	30	25	24	27	13	18	20	20	

30	17	21	29	26	30	19	29	27	13	16	

26	21	21	16	27	28	17	19	15	13	14	

26	18	29	14	11	16	29	26	19	30	30	

17	18	17	13	29	26	26	26	25	15	23	

17	14	29	27	20	19	30	29	13	27	18	

14	22	27	24	22	25	28	22	15	28	10	

29	24	15	16	25	30	15	12	29	10	20	

13	13	27	29	30	10	26	17	26	23	24	

13	11	28	27	12	21	20	22	24	24	25	

18	10	17	25	28	14	13	22	27	14	25	

29	30	15	28	25	23	15	25	21	18	14	

27	10	12	22	24	27	11	19	20	19	17	

27	27	29	30	19	25	30	20	23	14	17	

14	24	11	27	26	11	25	18	24	21	30	

30	22	29	28	19	18	28	14	24	12	20	

13	11	24	14	21	17	26	18	27	19	14	

19	25	20	16	29	16	14	22	19	13	25	

22	11	28	22	25	18	24	21	16	12	12	

12	22	16	25	27	15	20	24	21	26	29	

14	14	28	10	27	22	19	17	18	24	28	

30	28	24	21	29	12	16	12	13	27	20	

14	28	12	25	30	30	15	28	13	22	19	

20	29	28	13	29	23	26	22	10	25	24	

19	28	20	21	26	27	16	27	14	25	25	

12	14	28	21	18	23	12	26	20	22	10	

17	30	25	12	13	10	23	17	17	28	18	

11	26	10	23	10	15	23	22	23	12	18	

24	26	20	29	25	27	30	12	14	22	22	

10	13	27	10	27	18	25	28	20	17	15	

23	16	12	26	16	22	10	15	24	27	25	

28	15	12	11	18	17	23	21	28	17	20	

12	27	12	27	18	26	15	15	17	27	20	

25	30	21	27	21	22	16	23	14	30	19	

18	30	26	19	28	28	28	13	30	27	30	

10	26	28	24	14	17	16	14	14	13	24	

13	18	10	28	18	27	13	24	10	20	17	

29	25	24	11	27	25	29	22	29	24	13	

16	13	19	19	30	29	11	24	21	27	21	

14	21	28	19	27	18	18	11	18	28	12	

14	14	10	24	27	24	26	27	15	13	23	

22	13	18	25	24	24	23	14	27	12	25	

16	14	30	20	30	12	30	23	15	26	27	

18	29	20	23	29	30	21	17	27	26	28	

22	10	22	30	30	23	16	26	25	11	23	

17	15	30	18	10	24	26	16	22	27	27	

15	24	15	21	13	11	21	17	26	11	22	

21	25	29	28	16	14	16	14	16	14	15	

25	17	24	11	19	15	26	22	14	10	14	

25	15	13	17	18	14	19	15	15	27	20	

17	10	20	24	29	13	16	13	30	23	14	

23	11	15	20	24	10	27	10	19	15	17	

22	12	14	28	24	25	25	25	20	23	17	

17	22	30	20	26	25	25	28	30	28	28	

16	13	14	17	30	12	11	14	28	23	19	

24	19	13	23	22	22	10	28	17	12	13	

13	22	17	29	19	10	26	24	15	25	15	

13	23	19	19	11	27	24	25	30	10	26	

18	22	30	30	30	26	12	24	16	10	26	

15	19	22	26	27	20	20	22	11	26	25	

10	28	26	19	29	12	23	17	17	30	25	

13	12	16	23	21	18	13	24	13	27	28	

25	21	12	19	22	28	27	30	17	30	21	

21	14	11	17	19	17	26	30	18	23	21	

14	24	17	18	11	12	11	10	20	26	24	

17	30	22	30	24	21	30	10	21	18	12	

17	26	24	12	13	22	14	24	26	17	24	

28	30	18	11	16	27	19	16	11	16	23	

26	14	13	30	10	20	25	11	20	28	30	

21	10	26	15	17	22	16	18	29	20	21	

18	30	29	19	20	15	18	11	18	22	26	

25	16	28	21	17	12	23	15	10	20	25	

30	18	26	30	10	28	13	27	13	21	19	

13	20	27	12	16	20	11	18	23	27	21	

27	12	19	29	13	13	25	10	17	20	16	

14	26	12	28	26	24	18	14	28	30	10	

29	12	27	17	13	18	21	24	23	19	20	

21	11	16	14	20	22	17	10	21	19	23	

12	28	15	16	23	20	22	28	15	13	30	

24	23	19	12	15	29	22	22	29	21	18	

21	23	16	13	16	27	30	22	12	10	22	

12	29	14	20	19	12	26	15	25	14	25	

22	22	26	12	19	27	15	17	16	22	26	

11	15	17	28	20	10	22	21	14	24	21	

13	17	27	16	13	19	18	18	27	23	23	

28	11	27	26	17	18	11	13	14	16	26	

20	19	27	25	15	15	10	13	22	11	14	

24	26	17	21	26	27	13	19	14	13	24	

27	18	27	25	23	12	26	26	11	23	25	

26	29	19	17	12	26	10	11	15	26	29	

27	30	28	11	15	29	20	23	15	27	22	

17	11	11	23	18	13	11	16	11	25	29	

16	23	23	17	18	12	18	10	27	13	23	

27	25	10	15	28	21	27	26	15	13	11	

17	16	17	16	16	19	16	27	28	25	19	

28	12	11	20	20	25	11	15	25	14	15	

14	22	24	15	21	16	17	25	20	30	28	

22	24	28	26	14	11	13	15	21	16	27	

23	20	15	10	23	14	12	26	22	29	15	

25	17	21	13	19	30	23	28	24	29	15	

11	22	19	28	18	19	10	12	28	25	13	

25	16	28	18	14	19	17	10	18	21	30	

29	27	25	18	19	23	24	28	13	19	27	

23	21	23	12	24	16	25	19	17	15	30	

22	15	28	25	20	24	25	13	17	17	22	

23	28	22	17	17	29	21	19	24	10	18	

30	16	12	13	27	17	25	28	11	22	21	

18	29	12	21	30	21	22	20	12	30	17	

27	19	13	23	22	21	29	30	19	26	14	

13	18	12	28	23	30	11	16	17	11	27	

15	11	18	10	25	16	23	21	16	13	21	

30	28	19	28	24	18	18	18	14	23	13	

10	18	29	16	28	24	30	27	12	14	28	

18	24	12	18	12	12	22	21	14	27	25	

19	11	19	28	12	18	17	11	23	22	22	

22	21	18	11	24	20	15	22	11	30	16	

18	19	22	21	20	24	10	27	10	26	19	

13	29	26	26	26	27	21	26	22	29	17	

30	23	18	24	16	29	18	19	28	14	16	

25	22	13	13	29	24	16	19	26	14	30	

16	24	16	14	25	24	26	29	23	18	20	

24	28	19	20	15	28	10	25	20	12	17	

14	28	22	24	24	14	20	19	19	10	15	

14	10	22	24	29	22	23	27	28	18	15	

28	26	23	24	14	10	30	23	30	11	12	

20	23	27	25	20	11	15	19	14	11	27	

25	12	11	26	24	16	30	11	14	12	12	

18	24	15	24	13	25	11	28	23	17	28	

19	21	21	10	12	15	17	10	13	23	22	

26	25	12	29	28	22	27	17	12	16	15	

17	12	19	20	25	16	21	14	24	14	15	

26	23	19	10	25	17	10	25	27	10	28	

16	25	21	10	21	29	12	15	10	28	17	

21	13	14	30	25	27	13	29	15	12	14	

27	25	27	11	14	20	19	24	25	24	18	

26	20	27	28	27	14	22	10	26	16	15	

27	30	14	26	20	17	15	29	26	28	15	

20	27	29	11	19	26	24	13	17	20	25	

27	25	20	21	28	18	18	16	15	23	22	

21	12	28	28	14	15	27	10	22	17	24	

19	10	12	10	24	16	26	20	12	30	25	

14	29	19	14	10	29	28	19	16	27	12	

22	15	26	11	14	21	16	18	24	18	26	

25	11	25	24	20	30	22	30	30	16	12	

28	21	22	14	30	16	21	14	16	26	18	

27	29	16	21	26	17	28	19	14	22	22	

11	29	14	28	24	22	12	19	26	12	21	

20	16	15	13	30	14	18	27	25	28	26	

12	24	23	25	21	12	11	15	30	21	17	

11	16	16	11	25	17	11	19	19	18	19	

12	24	15	23	27	23	19	15	10	18	11	

17	18	13	30	24	16	18	16	22	16	21	

25	16	12	25	30	30	15	22	29	12	14	

15	30	27	11	25	28	24	21	30	13	18	

18	13	26	11	10	21	16	25	10	12	22	

21	18	23	12	11	20	14	29	15	20	10	

21	15	16	13	24	24	26	17	15	26	13	

17	10	11	24	20	22	11	18	19	16	24	

14	14	26	26	19	19	13	10	20	29	19	

30	16	18	11	17	23	28	23	12	22	12	

19	30	24	16	14	19	17	21	20	23	26	

20	24	13	24	14	25	15	30	20	18	30	

20	24	19	19	12	15	30	26	12	25	29	

28	19	18	15	28	29	18	28	26	26	13	

14	28	19	18	12	16	21	16	21	27	21	

18	12	20	28	23	24	25	27	21	28	15	

26	28	26	17	18	29	12	10	13	30	17	

25	30	14	10	29	27	23	25	21	20	28	

11	13	18	15	22	14	27	29	14	30	27	

27	15	28	17	13	13	12	20	13	26	25	

22	24	30	14	17	20	26	28	23	15	11	

14	12	17	25	10	15	29	15	12	12	22	

16	26	11	27	16	10	16	28	18	22	28	

14	16	27	11	16	18	10	26	18	15	16	

29	19	17	18	27	18	25	18	29	14	24	

28	19	29	29	10	21	18	21	27	21	22	

12	17	11	14	26	25	20	12	18	22	20	

12	23	30	29	26	20	27	30	26	29	16	

30	12	26	20	20	24	27	28	23	20	13	

17	15	19	10	27	10	27	11	21	16	14	

25	16	22	24	29	28	29	10	15	25	18	

16	10	16	19	27	28	14	19	19	21	27	

23	12	16	13	25	28	17	10	23	22	10	

17	11	21	19	10	30	23	30	16	29	14	

21	29	12	17	23	14	28	17	26	16	18	

30	15	17	23	16	30	24	24	22	10	17	

23	19	22	17	20	30	14	18	23	10	23	

18	17	24	17	12	14	24	12	19	18	15	

22	11	16	21	20	30	11	14	29	15	27	

16	15	29	19	14	12	21	18	18	11	20	

16	16	28	27	15	14	12	15	27	27	10	

30	22	25	20	30	27	15	20	16	15	17	

26	14	21	20	12	20	11	25	23	14	21	

17	16	30	20	28	16	10	18	24	24	10	

22	16	28	25	13	28	27	21	18	28	10	

24	15	11	24	17	11	15	27	23	10	30	

13	20	23	28	24	23	12	19	10	15	20	

28	11	30	26	23	25	22	26	12	27	13	

16	15	24	28	12	23	22	30	26	29	18	

14	21	29	25	14	17	12	21	14	20	18	

25	10	16	28	24	22	29	12	23	24	24	

20	26	29	17	17	22	27	24	11	16	30	

10	30	21	23	24	20	23	15	26	26	10	

22	16	23	16	20	10	30	27	20	13	16	

10	10	30	10	18	15	13	21	12	16	16	

28	30	30	12	17	15	23	28	25	10	27	

13	19	25	14	12	10	11	23	30	20	29	

10	28	30	11	10	20	21	21	28	21	13	

26	19	11	25	11	19	17	21	15	19	10	

26	14	13	11	29	20	22	21	17	13	11	

17	13	25	11	25	13	16	11	24	14	10	

17	16	15	15	17	19	21	16	29	14	27	

15	18	16	15	13	25	16	22	16	13	18	

26	10	10	28	23	12	22	20	27	30	28	

11	22	19	24	28	13	25	14	16	12	10	

21	18	13	13	24	10	24	20	22	10	15	

13	17	13	16	13	25	20	20	21	22	28	

18	23	22	16	30	29	11	23	23	30	29	

22	22	11	13	25	27	22	15	12	23	17	

24	17	20	12	25	12	28	29	14	28	20	

11	14	20	12	16	24	29	11	27	26	13	

19	18	15	27	24	27	16	17	16	26	16	

22	14	24	10	21	16	10	22	15	28	20	

17	13	11	26	23	28	27	18	24	14	15	

15	14	16	25	20	30	11	17	27	28	29	

28	15	19	26	21	27	15	15	28	15	28	

25	25	17	22	19	27	19	19	23	17	11	

14	15	26	10	25	19	24	21	27	16	18	

19	11	23	27	17	10	30	14	15	22	22	

16	29	29	17	22	23	18	10	25	23	26	

22	28	10	26	17	15	14	23	21	18	30	

19	11	28	14	16	27	14	21	27	12	30	

19	28	29	24	11	28	24	16	28	10	18	

15	10	10	16	26	18	30	20	11	17	29	

23	17	14	20	22	19	28	28	23	18	13	

12	18	11	12	28	12	12	13	17	24	20	

23	11	30	12	10	17	23	28	18	11	15	

17	21	15	24	17	11	19	25	30	14	14	

15	18	29	22	14	29	14	23	13	19	20	

11	21	11	16	28	23	28	28	29	22	29	

11	24	18	18	16	14	21	24	30	22	24	

19	14	21	24	11	19	22	14	19	10	27	

27	19	10	20	13	23	27	28	10	16	14	

13	29	26	27	10	26	16	13	11	12	15	

13	20	15	11	30	14	15	19	11	17	23	

13	12	18	19	23	30	25	22	14	14	13	

16	19	19	11	27	26	13	28	25	26	18	

13	12	14	13	25	16	20	19	18	23	30	

29	27	24	24	29	17	15	13	25	25	13	

19	25	26	20	16	30	10	13	19	14	19	

30	21	28	15	16	19	27	23	29	18	19	

20	25	26	12	20	20	19	27	15	23	25	

28	16	20	13	30	12	27	27	12	29	29	

23	10	18	17	21	23	21	22	23	28	17	

28	27	24	27	19	19	21	26	14	30	29	

10	27	26	15	25	20	19	30	17	17	14	

23	14	24	18	11	12	20	11	29	12	23	

23	28	10	20	20	20	26	13	14	18	15	

22	17	29	21	18	25	23	18	25	20	26	

11	16	12	24	15	24	18	16	18	24	19	

15	10	29	12	29	18	29	21	19	28	28	

12	25	27	23	12	17	27	11	13	17	28	

27	15	17	25	19	20	13	19	30	14	13	

10	11	19	19	13	20	26	19	11	20	18	

13	12	19	28	29	24	18	13	29	27	12	

13	25	14	26	30	27	15	25	28	28	25	

11	14	26	28	10	25	16	11	12	28	11	

24	19	24	28	13	27	25	10	22	12	28	

12	27	14	14	19	30	11	30	17	14	14	

29	19	14	27	23	16	24	13	10	19	14	

22	11	19	28	30	19	21	16	29	29	17	

16	20	15	23	17	22	20	23	30	26	29	

22	16	23	27	20	24	24	27	16	24	25	

24	24	15	27	18	13	24	23	28	23	24	

24	16	14	27	10	15	15	16	26	13	13	

28	20	21	18	18	15	11	23	11	13	27	

