1449	10


14444
14490
14393
14578
14599
14361
14524
14465
14591
14516


92
83
71
52
51
76
76
88
83
97
60
94
100
82
58
59
81
91
55
98
84
53
52
88
70
72
96
52
83
99
57
99
54
58
53
79
53
67
51
75
94
100
53
54
98
50
72
94
88
100
83
67
76
84
87
61
96
95
58
87
72
74
76
97
79
56
56
56
56
79
59
74
86
88
66
81
59
91
91
72
76
84
53
51
68
80
66
90
100
84
79
78
79
93
83
61
74
89
58
66
77
99
72
66
72
61
79
66
70
97
63
81
84
52
94
98
99
60
54
62
88
63
54
99
53
91
77
89
97
51
96
61
84
94
61
52
94
73
96
79
89
91
57
83
71
71
84
94
93
57
69
64
70
56
64
84
59
65
88
53
65
97
74
75
79
55
77
84
65
84
79
89
96
100
89
60
76
76
86
54
90
73
86
99
69
62
69
92
52
70
52
59
99
67
69
77
78
65
87
83
96
67
79
72
63
80
67
68
68
85
52
51
58
60
57
93
69
60
56
74
97
75
90
57
97
68
94
87
62
89
97
77
57
64
65
90
90
70
53
74
55
80
99
89
71
85
88
56
53
59
95
93
81
88
96
83
76
64
91
67
64
86
65
75
71
81
60
98
91
100
76
83
51
93
79
83
58
100
69
79
53
85
67
80
63
100
96
93
56
78
87
78
68
95
87
59
67
68
97
88
61
97
88
90
53
53
71
98
66
60
72
98
91
82
74
51
72
54
79
66
71
92
69
90
56
92
91
50
61
94
66
55
61
77
79
92
79
75
74
64
59
98
74
56
51
98
91
68
84
50
69
52
78
84
94
94
80
96
73
75
77
95
72
100
52
95
77
71
98
83
87
92
64
87
60
80
66
82
70
86
84
66
58
51
72
73
73
91
87
52
88
92
77
93
63
84
87
65
85
82
71
66
94
91
90
75
88
94
86
75
97
74
100
69
93
82
90
95
88
57
82
99
92
82
54
74
96
70
75
73
83
72
100
77
76
63
55
82
61
73
65
73
84
72
66
90
62
61
66
87
89
72
86
66
96
72
70
58
77
76
54
75
74
79
57
70
100
63
99
77
82
60
78
62
70
65
52
50
79
55
57
81
95
57
53
80
58
91
59
61
65
72
55
73
83
73
79
75
53
86
99
100
90
71
57
50
76
94
55
68
79
98
72
98
61
84
84
50
72
87
84
100
99
58
77
65
50
79
83
63
66
76
76
92
51
72
74
100
56
73
69
94
72
74
85
92
56
85
78
65
60
57
93
51
65
76
74
88
78
98
78
57
57
76
86
57
68
90
51
97
54
72
62
91
69
66
70
90
51
57
79
63
88
70
61
59
82
84
91
62
53
61
77
81
66
56
57
79
58
61
59
53
98
69
55
92
63
88
53
56
85
72
87
69
62
63
75
67
66
85
98
84
83
63
64
54
54
71
94
71
61
61
99
93
96
54
66
52
57
57
84
90
78
57
89
90
87
80
71
76
79
61
66
53
69
79
52
83
77
60
52
54
69
94
77
81
85
55
99
62
100
67
71
60
57
98
76
83
93
90
50
82
78
96
85
81
73
77
51
86
61
55
86
63
72
87
88
62
84
66
94
90
99
89
66
58
52
76
87
95
76
100
69
89
91
84
86
94
91
72
52
94
66
70
68
73
59
95
64
90
59
94
96
73
96
83
89
86
82
59
67
98
68
50
90
80
77
57
64
80
70
91
65
66
79
53
71
62
94
84
79
84
59
94
71
53
62
86
69
68
50
52
95
88
95
60
67
84
93
65
55
96
91
68
82
52
58
70
58
91
57
67
86
90
60
85
97
95
90
95
62
75
72
83
80
69
87
86
61
68
75
98
92
78
70
82
90
68
61
63
57
82
53
61
79
56
91
59
65
81
95
52
96
54
80
93
82
62
68
52
55
93
60
99
67
88
67
79
98
92
99
63
64
84
64
62
74
97
62
55
55
90
59
76
94
50
92
77
58
86
86
88
53
78
51
62
66
94
54
52
67
74
59
78
97
56
92
78
72
95
54
56
80
63
59
77
72
71
55
89
86
97
64
98
70
58
70
57
79
83
76
63
69
54
72
70
68
66
79
82
63
91
100
65
100
96
93
79
92
80
92
58
75
82
61
88
100
76
65
51
99
54
90
100
50
80
67
68
95
81
52
77
67
81
69
56
84
77
50
94
80
60
54
64
60
68
97
53
59
57
67
74
84
64
80
54
73
86
60
69
85
80
83
76
85
67
57
92
85
68
90
57
50
91
72
77
83
69
89
70
59
89
65
89
76
67
81
86
64
57
84
97
63
79
52
83
93
99
74
61
70
53
54
74
86
71
93
78
92
75
62
98
65
76
78
82
94
72
65
82
55
75
68
83
61
84
51
92
62
97
56
72
73
56
89
86
62
86
96
92
94
91
79
52
97
97
79
64
53
93
94
77
72
65
90
78
67
87
55
61
80
69
85
94
84
68
81
62
75
56
93
90
77
84
91
97
53
75
79
90
69
71
74
66
69
89
75
81
81
68
70
71
79
65
52
88
66
87
60
57
56
96
53
63
95
93
97
60
56
52
90
70
88
50
61
73
66
60
97
83
78
66
56
94
77
85
83
85
70
59
86
63
50
59
99
60
86
71
52
59
88
67
72
64
94
70
86
90
65
55
72
59
70
98
62
78
55
81
76
63
81
71
99
68
91
86
71
50
98
57
63
57
92
77
56
75
70
86
76
74
71
74
73
75
92
78
52
86
60
76
87
63
91
84
90
68
77
87
73
75
79
65
56
51
52
87
75
51
70
63
51
97
51
66
100
90
56
66
91
96
51
63
77
50
72
64
81
90
59
64
71
87
56
59
62
90
65
99
51
69
94
83
91
80
91
60
59
72
91
73
96
88
81
79
90
79
81
100
67
56
93
79
59
69
75
56
80
91
58
72
81
83
62
62
90
84
76
60
99
94
99
68
83
70
88
99
82
57
54
67
100
50
61
84
61
84
72
52
66
74
97
99
81
67
71
84
93
64
92
64
83
54
75
69
81
70
73
97
85
52
90
72
50
76
57
71
88
96
60
69
94
71
56
97
54
59
65
77
85
92
54
59
99
63
79
71
63
67
93
95
77
94
99
50
96
94
84
94
53
69
59
98
81
79
87
78
74
86
53
90
50
52
70
90
66
94
99
63
99
67
85
94
70
92
84
79
51
74
77
100
68
66
73
81
99
71
74
50
60
93
53
94
86
53
84
70
58
69
89
90
51
58
86
77
76
88
74
90
62
81
92
74
53
52
62
78
78
88
90


30	30	20	15	22	19	23	27	11	21	

27	15	26	10	21	28	10	17	26	14	

16	12	22	11	23	22	21	30	13	12	

15	14	26	23	17	24	11	26	27	11	

23	27	25	18	17	12	10	28	23	18	

13	25	20	23	15	20	29	28	14	29	

30	11	18	26	28	16	23	17	14	25	

25	27	23	23	24	17	17	13	11	16	

18	20	21	23	25	10	28	29	16	26	

30	16	28	17	24	29	22	18	28	13	

26	20	20	16	27	10	10	26	13	30	

25	22	17	24	24	26	27	19	21	20	

27	26	17	26	12	20	11	14	10	21	

22	14	17	21	12	10	24	10	15	21	

15	23	21	27	26	19	25	19	20	12	

23	24	20	19	10	22	25	21	14	27	

10	11	10	28	24	10	24	25	30	20	

17	25	16	29	18	19	19	28	13	21	

22	21	22	25	15	29	10	18	15	28	

22	25	20	29	27	28	12	15	13	12	

19	25	23	28	26	22	22	15	13	22	

24	29	23	30	17	15	16	21	16	26	

26	14	25	24	16	27	10	12	20	16	

10	27	24	27	21	11	10	20	22	26	

12	14	30	27	25	21	19	29	24	29	

18	21	23	23	17	27	12	18	26	20	

30	30	19	21	11	22	20	24	26	11	

14	21	15	13	12	26	10	15	23	24	

23	19	12	10	15	29	29	10	12	12	

13	23	12	17	22	17	14	28	28	15	

22	10	24	13	30	23	20	27	19	27	

18	25	16	15	12	28	13	17	14	16	

17	20	14	16	29	20	13	29	12	24	

26	25	28	12	14	27	10	18	12	19	

16	11	19	16	13	26	25	29	18	17	

13	26	22	13	11	26	24	19	16	16	

10	30	23	17	10	29	10	19	16	13	

10	14	29	25	30	30	25	17	15	23	

25	18	16	25	23	13	27	22	14	26	

12	22	26	16	23	23	29	17	16	16	

13	17	25	13	13	22	22	11	11	29	

14	12	29	29	15	24	11	19	15	13	

20	14	20	17	10	18	23	14	25	23	

11	26	10	21	19	17	17	14	13	26	

28	11	11	11	20	30	18	11	15	23	

24	12	14	21	17	13	21	24	29	19	

12	25	25	10	24	25	29	13	14	29	

18	10	10	24	14	10	19	27	28	30	

17	10	22	30	25	22	12	19	12	25	

15	25	28	10	30	29	13	28	21	21	

25	22	13	26	17	12	14	30	20	26	

13	22	26	15	26	10	18	30	24	12	

11	23	22	23	18	19	17	24	21	21	

26	24	24	21	28	16	24	27	28	27	

24	23	20	20	14	20	23	11	26	14	

30	29	13	12	29	19	19	17	24	19	

25	13	13	14	28	28	12	11	17	26	

13	10	30	19	17	20	12	15	30	26	

10	17	10	23	13	15	26	19	22	15	

30	16	27	29	27	18	17	17	28	11	

24	10	21	26	20	12	12	14	13	19	

20	21	28	10	18	21	10	24	21	12	

22	17	17	22	21	14	23	23	22	12	

25	25	14	20	14	26	13	19	18	15	

26	10	26	28	25	14	22	28	21	28	

24	23	22	26	16	25	13	24	29	10	

14	23	26	29	19	14	26	19	26	27	

12	12	10	14	30	26	28	13	23	22	

21	22	14	17	30	21	21	16	11	30	

24	21	13	18	19	17	23	17	21	29	

28	14	30	10	11	11	12	25	24	11	

10	15	27	10	26	19	24	18	30	30	

25	17	25	14	21	19	14	15	20	28	

11	13	22	11	23	30	21	22	30	14	

21	18	21	27	26	13	11	21	20	14	

14	11	18	11	27	15	13	16	13	19	

30	21	12	21	27	18	29	28	28	27	

24	13	23	16	20	21	12	10	15	13	

30	20	20	13	23	18	14	18	13	25	

21	23	12	29	15	24	12	22	13	15	

25	19	14	19	30	14	20	16	30	18	

26	13	16	24	11	14	17	10	21	15	

19	21	14	26	17	12	15	22	19	29	

26	20	27	26	18	27	18	23	21	16	

27	12	20	22	12	23	17	14	11	21	

22	30	14	17	13	27	19	27	19	30	

30	18	17	22	10	15	19	25	30	26	

13	17	29	19	19	21	30	11	27	24	

29	17	18	13	26	21	25	15	10	29	

17	13	18	10	30	11	26	10	18	22	

28	21	13	29	29	20	20	28	16	14	

13	21	18	24	13	12	22	14	20	30	

10	21	20	12	29	27	19	26	21	14	

16	18	14	18	29	12	22	26	22	17	

11	18	28	21	25	13	22	20	22	14	

27	14	25	25	11	20	28	10	18	16	

17	23	18	25	17	26	17	29	15	30	

22	28	19	30	21	13	12	24	26	11	

29	17	24	27	23	21	23	19	27	11	

16	11	21	13	24	27	27	28	17	20	

21	21	16	16	15	24	22	17	30	18	

10	14	10	25	27	26	28	26	27	27	

24	30	10	30	22	17	27	10	24	28	

26	15	18	29	16	16	16	23	27	27	

11	12	13	24	22	14	14	26	11	30	

15	17	12	17	12	17	12	30	24	29	

15	28	22	18	16	29	23	30	26	22	

23	11	15	22	10	16	24	20	16	19	

20	28	27	20	21	10	21	14	11	22	

26	14	21	19	13	24	17	27	13	30	

29	23	14	20	11	27	13	28	23	20	

10	10	28	13	13	15	22	16	19	27	

21	16	13	14	30	16	29	10	30	24	

30	28	24	25	12	14	23	12	26	18	

10	14	17	10	24	14	22	26	21	25	

22	11	22	20	10	30	23	11	30	16	

21	19	14	14	25	21	11	28	10	18	

20	13	10	24	26	12	13	25	20	13	

18	30	18	24	24	12	15	27	16	24	

18	25	12	12	17	24	28	27	20	10	

13	27	26	14	15	23	18	25	15	17	

16	14	26	10	28	13	16	26	19	16	

10	10	27	21	14	19	27	20	23	29	

19	27	15	14	26	15	12	12	10	28	

24	17	10	17	11	17	10	13	27	11	

19	12	27	28	18	12	22	11	29	10	

18	30	14	14	26	24	12	12	19	25	

26	13	14	15	30	27	13	19	28	10	

24	22	29	28	18	12	22	23	15	26	

29	21	30	16	23	18	29	19	19	27	

10	17	30	29	27	12	18	16	30	17	

25	22	20	17	29	17	15	30	14	21	

19	10	24	24	26	19	20	28	30	17	

18	28	14	24	29	14	16	11	28	22	

12	18	13	15	24	24	30	12	13	22	

30	17	24	19	17	18	11	14	23	23	

25	12	24	19	16	13	17	17	20	23	

17	12	26	20	10	20	26	11	20	10	

15	15	11	19	16	30	13	19	12	11	

13	27	26	27	15	11	12	12	17	30	

10	21	14	22	15	15	14	17	14	24	

23	22	22	19	30	29	29	12	24	17	

29	30	22	28	26	18	10	17	14	28	

18	11	20	25	14	11	10	28	17	21	

16	13	23	19	16	13	27	18	14	23	

30	28	28	27	12	20	22	11	10	28	

18	26	14	16	22	17	12	28	17	24	

29	19	24	10	12	12	14	22	12	16	

24	15	23	28	24	16	27	13	29	28	

30	15	22	10	21	28	14	26	30	15	

13	20	24	10	22	21	11	24	12	29	

27	23	11	30	18	14	26	26	27	28	

13	26	30	23	20	26	15	23	26	16	

11	28	24	30	15	10	14	23	11	21	

17	16	22	29	10	26	23	26	21	21	

13	27	29	23	27	26	17	27	21	26	

30	19	23	18	13	23	26	14	16	16	

23	21	28	16	11	12	18	13	13	15	

13	22	19	22	14	29	10	12	11	14	

12	15	28	26	17	30	14	11	10	14	

29	28	11	30	27	12	24	11	19	20	

28	18	16	28	22	12	29	10	19	25	

17	24	19	27	17	13	11	28	23	24	

10	20	29	17	25	29	24	28	14	15	

17	16	10	18	12	27	14	19	26	29	

14	18	22	19	25	25	16	24	13	15	

30	18	13	14	14	30	19	22	19	30	

26	13	12	20	12	27	17	24	20	21	

16	11	17	11	26	26	30	18	14	29	

16	29	16	29	10	27	27	10	24	30	

30	25	21	11	26	30	22	11	11	17	

18	24	20	15	16	27	14	21	27	25	

20	10	12	22	13	28	30	17	12	27	

19	24	30	12	25	28	14	24	15	27	

17	10	27	26	28	18	24	21	16	21	

29	24	27	30	28	10	27	26	11	26	

13	24	27	21	28	30	24	15	17	16	

10	17	22	16	27	23	30	15	14	23	

20	24	24	28	19	13	30	27	19	21	

26	29	28	12	25	25	12	15	10	15	

25	11	11	11	26	16	25	17	14	15	

27	19	29	18	23	28	11	17	30	30	

20	23	15	25	30	29	23	11	25	26	

27	12	13	15	28	21	26	23	17	20	

20	10	27	24	20	21	21	25	12	16	

16	16	26	18	15	18	16	25	25	19	

20	11	21	20	15	12	18	27	29	14	

18	13	24	23	11	13	13	30	16	29	

18	16	10	27	14	10	20	18	22	28	

10	28	22	19	30	29	27	14	23	14	

24	15	18	15	10	20	28	10	11	15	

30	18	18	23	26	27	13	10	16	22	

28	21	16	16	12	11	22	17	20	12	

14	24	16	16	11	24	29	17	30	15	

28	22	15	11	29	19	26	20	28	30	

20	12	28	11	27	29	13	10	22	26	

21	14	15	10	22	10	28	17	29	21	

15	22	24	16	28	19	13	22	19	28	

19	12	30	18	18	20	25	16	26	23	

27	10	29	20	24	22	20	14	15	11	

13	10	14	24	22	27	23	19	19	17	

30	16	18	16	27	14	18	12	25	19	

21	18	16	11	16	25	24	16	10	21	

21	22	13	25	13	14	29	16	27	13	

15	13	12	27	23	13	26	13	27	27	

19	19	20	17	29	18	29	12	14	16	

19	19	11	28	23	15	19	19	15	19	

30	22	17	24	17	24	10	12	11	30	

22	13	26	17	19	27	17	23	25	18	

10	12	10	24	27	11	17	10	14	11	

21	30	11	11	22	19	13	21	20	12	

13	17	23	30	13	23	23	29	22	16	

30	10	30	22	19	20	29	19	19	28	

20	17	23	10	24	24	29	27	28	28	

20	16	27	26	25	25	11	20	14	28	

13	23	19	25	10	29	29	13	17	22	

20	29	30	30	29	19	18	25	21	10	

24	22	22	27	24	19	14	28	22	30	

26	27	28	20	29	11	30	29	12	12	

28	23	12	13	23	10	23	28	20	13	

26	25	13	25	20	17	19	17	29	24	

13	12	13	19	29	20	30	22	23	29	

19	10	16	17	22	18	12	25	23	23	

21	28	18	30	17	30	13	25	20	22	

14	28	22	16	20	11	16	13	15	28	

21	27	27	26	11	26	22	19	28	16	

11	22	18	25	24	11	19	19	18	12	

25	29	29	27	21	20	18	19	24	15	

30	18	10	23	14	16	15	23	12	29	

14	18	23	27	20	15	10	20	23	13	

28	18	25	27	10	27	12	15	14	11	

21	26	30	15	21	17	26	30	21	23	

27	16	17	22	29	20	19	29	27	27	

27	30	20	24	27	24	25	28	25	10	

16	20	23	30	13	23	15	23	18	23	

16	29	30	27	17	22	11	28	19	24	

30	17	22	12	10	14	11	11	19	26	

11	25	17	25	12	17	15	12	12	21	

14	17	11	15	25	16	17	30	22	28	

10	12	24	15	24	26	16	22	11	18	

24	14	29	28	22	14	20	22	12	19	

20	30	21	18	19	28	24	25	18	26	

24	29	17	27	29	11	28	24	24	18	

13	12	28	17	11	17	13	20	30	11	

27	30	14	23	30	29	19	23	20	29	

22	10	28	23	23	30	14	29	18	23	

29	29	23	17	29	18	22	20	20	16	

23	17	28	16	24	29	13	17	22	30	

12	24	29	21	29	29	10	10	15	23	

26	22	13	28	23	17	14	10	25	27	

29	24	26	28	23	21	24	17	26	30	

13	20	26	29	22	10	18	13	20	18	

14	27	10	11	30	24	20	13	23	20	

30	26	16	30	25	27	27	16	19	29	

10	10	28	20	21	27	18	13	25	29	

17	16	28	18	26	11	14	15	28	24	

13	30	25	22	27	21	20	15	23	23	

15	23	24	19	29	14	20	12	30	27	

17	27	19	13	10	25	17	21	17	14	

24	13	23	24	15	29	27	29	10	28	

11	14	20	16	15	19	25	21	23	30	

11	30	15	22	21	23	12	22	17	25	

16	18	15	10	20	10	16	21	27	24	

11	10	21	29	18	15	15	11	21	18	

30	14	18	29	26	24	19	14	15	24	

30	13	22	21	12	24	16	25	19	24	

26	25	17	16	20	20	16	19	29	16	

30	20	30	11	25	26	27	24	19	29	

21	13	30	16	24	22	22	28	29	16	

25	18	22	23	14	18	13	29	30	11	

17	11	20	19	26	17	23	24	27	10	

16	27	15	13	27	24	30	24	28	15	

12	22	30	16	30	27	21	12	16	29	

13	12	16	22	29	12	13	17	11	30	

23	29	27	25	21	11	18	11	10	28	

14	12	29	20	18	11	19	14	27	26	

10	22	13	21	10	22	11	12	13	14	

11	16	28	26	28	10	11	27	28	25	

22	25	20	24	17	24	24	18	15	16	

24	24	15	13	30	11	27	29	20	16	

17	29	18	28	25	23	18	26	19	28	

21	15	20	18	13	11	23	27	12	27	

30	28	28	14	18	16	23	16	16	19	

17	16	23	11	25	16	26	18	14	28	

26	12	11	26	19	25	22	29	22	30	

25	24	14	12	25	29	26	24	18	25	

22	25	16	12	16	28	25	16	14	15	

28	20	20	26	20	28	20	14	22	15	

29	12	20	22	23	24	28	19	30	11	

27	27	14	18	14	29	24	29	14	29	

22	30	16	30	12	11	26	30	16	28	

14	16	21	27	22	29	21	10	23	20	

18	27	12	20	15	20	11	28	30	19	

18	14	24	19	14	25	28	12	27	17	

26	28	13	25	14	12	23	16	17	21	

22	11	16	17	17	22	15	27	10	21	

24	29	10	17	24	27	16	12	29	17	

13	27	20	27	16	24	22	26	19	29	

10	29	23	27	11	27	22	21	19	11	

29	15	13	18	18	18	17	25	17	12	

23	20	15	15	18	10	20	25	13	18	

26	26	24	29	16	28	12	11	20	25	

11	25	28	14	23	21	18	30	17	10	

29	25	25	15	20	28	25	27	12	16	

15	22	14	30	27	27	11	25	11	22	

27	11	15	26	20	26	26	28	26	14	

17	23	25	30	12	15	10	19	20	13	

29	10	12	16	18	27	14	16	17	24	

24	21	11	12	10	23	29	22	21	30	

18	24	10	15	22	18	21	21	11	10	

11	14	12	13	27	15	26	19	30	11	

18	19	14	22	13	12	28	26	10	20	

25	17	14	18	29	11	15	19	15	28	

18	22	23	12	28	20	30	13	14	23	

24	20	20	27	23	11	26	11	29	18	

20	26	25	27	10	11	26	26	24	30	

22	28	30	23	30	11	28	18	25	13	

19	17	17	16	16	11	23	16	29	24	

23	28	25	18	17	10	29	17	29	13	

16	25	24	25	19	23	28	21	20	19	

16	15	21	17	23	13	21	18	15	21	

26	10	20	14	15	10	11	13	11	15	

24	12	29	20	25	23	27	25	21	28	

21	22	16	23	19	21	16	26	30	29	

13	22	28	21	15	17	16	18	30	24	

28	11	26	18	10	16	19	14	27	15	

22	28	24	17	24	19	16	24	28	20	

18	21	25	30	16	26	26	14	17	12	

28	24	19	24	29	11	17	16	20	28	

18	13	15	26	14	29	26	25	25	28	

10	16	13	23	16	24	23	26	25	19	

17	19	13	22	16	11	20	21	19	24	

23	16	14	20	29	14	24	23	24	12	

29	13	17	19	18	10	20	25	28	15	

24	21	29	10	14	27	20	30	15	12	

11	26	16	21	15	30	30	20	16	13	

20	17	19	26	20	25	14	29	10	19	

25	20	21	28	30	18	28	11	23	25	

23	19	27	10	15	23	22	26	30	23	

13	13	30	21	28	30	24	11	27	19	

22	26	24	24	24	28	23	20	17	10	

14	11	19	12	12	12	16	23	27	23	

19	26	14	22	20	11	22	29	27	12	

13	23	27	11	29	14	29	29	18	12	

17	28	19	18	20	25	30	29	30	29	

12	21	28	24	25	28	13	15	23	22	

10	20	23	15	23	11	23	11	24	13	

29	21	24	27	28	15	21	19	14	29	

14	27	10	27	10	24	12	10	17	30	

22	19	24	29	14	10	18	16	23	10	

30	28	29	25	26	18	30	30	21	17	

11	13	28	23	17	10	10	29	15	25	

23	13	15	23	19	21	24	21	16	18	

17	29	28	16	23	10	29	25	21	18	

26	15	18	11	10	28	11	21	25	24	

25	12	22	27	15	30	30	22	16	15	

10	11	14	16	25	24	29	28	27	25	

18	19	29	23	21	12	11	18	25	23	

10	25	24	10	23	20	20	26	14	27	

14	12	10	14	18	23	30	28	24	15	

20	27	25	27	10	13	28	25	25	10	

19	12	24	23	25	12	12	17	19	10	

24	22	21	21	17	27	12	22	24	28	

21	21	13	14	22	16	24	11	23	25	

18	20	30	16	30	29	12	30	29	23	

18	21	12	17	18	24	27	14	20	27	

22	28	16	30	10	17	14	24	22	13	

15	22	25	11	17	25	22	24	15	27	

21	27	16	14	15	26	20	11	17	21	

14	16	15	21	21	30	20	20	28	26	

13	27	21	29	11	26	21	26	27	12	

10	21	18	16	28	11	30	13	21	13	

10	23	22	20	16	19	16	23	24	16	

18	30	17	10	28	17	28	24	29	28	

27	16	28	29	22	24	10	26	14	25	

11	17	17	28	15	27	19	16	30	16	

13	24	13	27	14	30	25	23	27	17	

21	29	16	19	16	26	16	13	18	24	

21	30	19	24	25	29	19	13	28	27	

19	26	26	30	11	27	23	24	23	21	

29	20	21	14	20	27	24	13	22	16	

14	17	10	10	13	23	12	19	16	11	

12	17	15	26	28	17	14	29	27	23	

11	11	22	12	25	23	11	22	18	20	

22	10	13	14	30	19	18	20	14	20	

20	15	16	18	15	27	13	19	24	29	

25	18	20	10	12	18	23	28	17	18	

13	30	21	23	27	12	14	26	28	13	

11	26	12	21	14	11	27	23	12	28	

19	20	21	27	23	30	30	18	18	26	

16	28	18	22	15	22	30	21	26	13	

22	20	17	29	28	10	16	16	18	12	

12	12	10	16	19	24	14	22	30	13	

21	11	24	20	12	16	17	29	19	10	

22	23	19	25	29	22	24	23	17	12	

23	13	11	27	16	19	20	24	30	20	

17	30	30	22	29	22	22	23	24	26	

16	10	30	10	12	22	16	14	11	10	

13	13	24	17	25	27	26	17	20	24	

16	12	10	26	26	17	29	12	23	27	

18	20	26	30	20	11	26	14	10	10	

23	24	26	18	17	11	22	29	21	11	

21	14	14	11	21	16	10	27	28	27	

21	10	13	29	16	15	30	13	25	15	

30	13	10	19	20	28	17	22	23	28	

26	25	13	18	30	22	22	23	22	12	

18	27	21	27	16	20	29	10	12	13	

20	20	20	23	14	23	22	27	29	14	

12	24	19	30	28	18	14	29	29	30	

27	20	13	13	19	15	20	28	15	10	

11	18	12	20	27	21	27	26	14	11	

28	21	18	30	28	19	11	15	12	27	

11	28	19	23	22	18	11	21	17	25	

23	29	28	13	22	12	27	12	24	24	

25	23	24	28	12	29	18	16	28	30	

29	30	23	30	23	24	29	23	15	11	

13	30	20	30	11	28	14	27	22	17	

10	12	14	23	30	22	14	16	24	12	

15	24	24	19	18	20	12	15	25	29	

24	28	25	21	27	16	21	22	15	26	

23	18	24	26	19	14	24	16	26	21	

24	20	18	17	22	23	20	17	12	21	

19	12	17	17	23	22	25	30	10	11	

23	12	25	22	30	28	30	10	17	23	

22	21	15	24	26	12	15	28	25	19	

20	30	10	18	25	17	27	29	14	15	

18	23	22	22	12	25	15	19	13	10	

26	29	16	12	10	16	16	14	27	25	

21	18	26	28	26	12	25	14	24	20	

22	14	27	21	22	19	22	26	12	15	

21	25	24	18	16	23	21	15	26	20	

26	22	24	13	16	10	26	11	30	10	

14	29	21	17	12	15	28	30	15	13	

27	12	11	11	29	18	20	15	23	24	

22	27	17	21	13	29	11	16	28	15	

14	23	13	21	25	19	30	14	30	16	

14	17	27	20	30	23	22	28	17	10	

21	21	30	17	28	11	26	14	29	20	

12	10	20	26	16	16	25	30	17	14	

17	14	21	28	19	27	17	18	10	17	

25	17	19	21	16	12	16	29	25	25	

26	28	26	29	12	27	29	21	13	26	

30	20	25	22	22	22	10	23	10	27	

21	15	15	22	14	29	27	11	12	30	

18	10	10	24	26	28	13	14	25	18	

29	10	23	12	18	27	22	11	19	12	

27	26	20	22	24	19	30	12	23	24	

26	24	23	25	18	22	24	25	30	20	

20	27	29	17	12	24	29	12	20	12	

10	29	24	25	27	24	15	23	26	26	

13	15	12	18	25	26	24	19	21	18	

14	15	12	14	13	15	13	10	27	12	

15	28	28	27	14	14	22	20	16	19	

25	23	12	25	29	16	25	22	29	12	

19	15	10	28	18	11	19	13	23	16	

15	18	28	18	30	13	16	23	30	22	

30	10	26	20	17	22	24	16	17	24	

15	20	30	27	30	30	11	16	21	15	

11	27	25	11	18	12	14	24	19	22	

15	10	21	17	14	20	30	18	12	24	

23	10	14	27	15	19	24	18	23	18	

19	27	24	21	24	16	20	22	10	21	

30	14	16	24	11	15	19	17	16	25	

12	24	20	28	25	20	29	30	16	14	

14	18	23	26	25	17	15	30	28	21	

28	28	16	26	26	15	27	29	10	28	

30	16	11	23	25	29	14	21	22	30	

12	30	21	24	12	14	17	10	21	24	

10	24	22	17	11	16	17	11	30	25	

19	14	15	18	28	14	11	27	20	15	

26	15	10	25	14	28	24	12	19	20	

19	14	18	13	21	23	13	30	25	16	

11	29	10	19	24	19	22	21	14	11	

13	11	19	24	20	17	28	11	12	29	

18	17	25	10	23	14	29	21	26	20	

19	26	10	10	15	23	15	27	18	10	

24	30	23	25	20	20	21	23	29	28	

28	27	19	25	10	22	18	29	27	30	

21	26	10	25	28	22	28	18	24	11	

12	18	26	15	19	13	25	16	22	20	

24	27	30	17	12	22	24	19	18	13	

25	27	26	19	12	18	29	19	12	14	

20	26	16	19	29	25	30	23	16	14	

21	25	30	18	12	12	10	21	14	17	

21	27	29	24	26	17	14	14	28	11	

21	14	26	24	23	17	15	18	26	27	

12	15	21	19	18	29	19	30	10	21	

28	29	15	26	20	13	21	17	29	22	

26	28	30	14	30	14	13	21	14	17	

26	10	30	24	18	22	30	17	14	24	

19	26	28	30	18	23	22	15	17	19	

30	14	11	20	19	30	20	10	16	28	

21	10	17	30	16	19	14	17	29	25	

24	23	11	24	27	16	15	21	21	12	

13	30	14	16	12	18	19	16	24	11	

17	24	30	22	27	19	30	11	27	23	

17	21	13	21	15	16	16	10	17	22	

12	26	28	17	23	18	11	17	20	27	

15	22	25	28	11	23	20	18	28	17	

24	12	10	17	26	27	10	24	26	23	

27	26	21	14	28	14	20	17	30	19	

21	20	16	27	12	10	21	18	26	20	

12	22	23	26	12	20	28	30	21	28	

13	26	24	30	20	10	11	11	16	15	

30	30	27	18	26	29	30	22	15	19	

15	13	23	29	21	17	29	27	26	26	

30	24	14	12	24	17	28	15	14	27	

12	10	24	13	16	12	18	24	27	13	

30	26	27	26	24	20	11	27	26	30	

24	13	16	11	27	25	16	13	14	15	

22	15	19	10	11	28	26	26	15	24	

13	28	22	17	26	24	18	30	12	13	

10	14	26	25	20	23	19	30	10	19	

11	27	13	23	19	28	28	29	14	29	

28	28	17	24	17	17	20	11	10	15	

19	22	19	20	24	15	20	13	30	29	

20	10	25	12	15	11	10	28	16	18	

28	12	14	15	18	29	30	15	21	22	

30	13	29	30	11	26	15	14	24	29	

16	21	17	14	17	15	10	12	29	15	

27	30	30	14	24	22	19	12	26	13	

17	24	30	14	28	25	24	11	19	10	

17	22	16	29	29	14	15	15	21	27	

12	19	26	27	17	22	15	16	18	19	

27	25	17	23	17	28	27	23	27	20	

30	26	10	20	17	18	24	26	15	20	

23	30	29	14	22	15	29	27	14	23	

22	18	16	17	20	12	17	15	17	30	

17	24	27	27	30	13	22	20	29	15	

13	23	17	19	17	26	13	22	20	10	

25	29	25	25	18	28	15	10	24	24	

12	17	14	28	14	28	15	25	22	25	

10	13	21	22	26	12	28	15	21	12	

30	18	10	30	16	11	22	17	29	15	

12	22	25	24	12	16	14	21	12	11	

19	28	14	30	24	22	17	10	29	18	

23	12	19	20	24	11	11	22	19	11	

18	11	24	15	18	16	23	28	20	14	

22	17	28	27	18	21	13	15	14	28	

19	27	17	26	16	18	14	18	18	19	

23	25	21	16	23	21	19	15	24	12	

21	19	24	12	30	22	29	18	23	12	

27	24	28	10	24	21	22	18	19	14	

23	10	12	11	18	24	11	20	13	13	

22	23	29	12	29	29	16	18	16	20	

24	13	13	20	26	30	18	14	25	22	

26	16	11	15	30	13	25	29	22	21	

24	20	29	13	15	28	13	12	26	29	

29	14	25	30	10	19	29	22	12	26	

15	21	30	23	19	20	13	12	11	29	

28	21	24	12	10	18	18	20	25	27	

15	24	16	10	14	14	23	24	29	21	

27	13	13	18	19	25	14	12	14	11	

22	29	21	10	23	21	25	18	14	15	

19	25	23	22	25	27	24	27	25	25	

14	24	19	15	26	30	13	21	14	14	

30	30	23	29	22	30	28	10	15	13	

22	24	28	18	29	25	29	24	24	27	

16	16	25	25	27	10	20	12	11	20	

11	24	13	12	28	17	27	29	14	12	

13	28	16	28	13	28	13	12	18	12	

25	16	23	20	20	22	13	12	26	20	

23	16	10	11	16	15	21	30	30	30	

30	30	22	25	14	29	20	12	13	14	

23	23	24	22	30	17	23	29	11	15	

25	26	17	21	21	30	24	24	16	11	

14	14	25	16	23	20	27	23	17	11	

17	17	25	21	24	19	13	22	19	13	

29	15	16	15	12	17	22	22	29	18	

13	26	22	17	14	21	28	23	24	23	

27	21	20	30	28	29	12	26	20	21	

28	30	30	27	19	12	11	14	21	27	

16	24	13	27	17	15	17	17	22	23	

27	18	14	20	28	18	26	25	13	17	

20	20	25	10	30	22	21	26	19	18	

16	13	17	27	23	11	27	11	27	13	

18	15	25	21	17	23	13	19	13	21	

11	17	11	11	10	19	20	22	11	22	

18	21	18	13	12	21	28	26	12	18	

21	11	26	20	14	30	29	20	19	29	

29	13	15	22	16	21	29	14	12	20	

28	18	15	28	17	17	23	18	17	18	

21	11	14	12	24	13	12	23	18	19	

26	11	13	22	22	11	26	22	22	19	

26	14	20	27	25	24	14	25	13	26	

19	13	22	15	28	27	25	17	17	25	

16	25	17	21	29	12	28	11	26	18	

11	30	18	24	27	23	30	13	21	16	

15	27	27	22	16	12	19	18	26	28	

24	25	18	17	10	25	13	22	30	25	

25	30	25	11	17	21	13	13	25	30	

19	24	22	24	20	15	26	29	19	27	

12	26	11	12	20	10	16	15	11	30	

20	15	21	14	24	14	21	23	30	18	

26	27	24	21	18	15	14	18	29	18	

18	25	18	18	24	20	26	26	14	21	

28	13	23	20	28	19	14	27	10	13	

12	30	20	13	13	18	19	27	27	21	

18	26	17	16	14	21	15	26	12	25	

22	19	17	17	23	23	17	12	15	26	

30	16	19	29	13	30	21	12	20	21	

22	20	16	29	27	11	14	27	10	13	

13	25	19	15	13	20	10	29	27	18	

27	25	12	15	10	25	16	17	21	13	

24	13	18	30	26	22	12	20	14	25	

22	28	14	28	11	24	25	26	12	23	

28	12	18	11	14	17	10	26	24	28	

17	19	10	24	28	12	29	25	21	18	

15	17	28	12	10	27	15	27	16	12	

28	17	25	10	30	19	28	18	27	23	

15	23	22	25	25	10	24	25	14	11	

28	26	17	14	18	21	27	24	21	14	

14	22	20	10	14	14	27	19	24	18	

10	13	10	15	23	26	10	25	27	12	

13	26	18	27	26	27	23	14	28	18	

11	10	15	14	29	22	12	11	18	15	

26	11	29	30	16	12	25	24	25	20	

20	13	19	21	27	13	26	24	11	30	

21	17	16	13	28	21	25	16	19	25	

26	14	23	20	21	10	13	12	30	25	

20	12	15	15	20	27	30	24	28	13	

26	27	19	15	17	26	10	14	16	17	

18	30	14	28	30	24	19	11	19	29	

12	16	22	11	17	30	17	29	14	19	

12	26	13	23	15	14	15	29	19	20	

12	11	12	14	21	21	20	23	18	24	

13	17	28	17	23	26	15	17	10	12	

17	27	24	11	30	27	23	13	30	24	

18	14	26	12	28	17	30	18	22	20	

10	17	10	23	23	25	26	24	27	20	

13	19	23	21	23	18	10	12	17	13	

12	17	13	19	11	16	24	22	17	13	

19	13	28	13	13	26	13	17	10	18	

14	11	17	10	19	21	17	11	24	27	

17	18	24	15	26	14	20	23	11	26	

27	13	11	15	28	28	18	14	23	18	

12	16	23	17	17	18	23	14	17	19	

28	28	25	16	25	15	23	16	30	21	

19	23	25	27	15	22	15	11	21	11	

30	25	27	30	27	28	16	22	10	23	

24	13	14	22	28	21	24	21	10	13	

20	20	22	25	15	28	14	29	17	20	

11	24	27	20	13	18	26	17	26	17	

14	22	12	29	16	10	27	22	17	18	

16	26	25	19	27	15	25	26	20	11	

28	10	24	14	27	17	23	22	17	18	

11	25	10	11	28	27	29	14	10	23	

26	22	15	13	25	12	29	18	13	11	

29	20	28	18	12	27	18	29	22	22	

15	25	23	19	15	19	14	12	30	30	

12	27	16	12	22	20	29	23	19	28	

26	20	14	24	30	10	17	28	26	23	

11	11	15	16	22	26	22	18	21	20	

13	19	13	26	24	25	14	13	19	10	

30	26	18	27	23	30	20	22	15	17	

17	10	22	21	30	17	11	30	29	17	

19	29	12	28	26	23	15	17	28	13	

17	21	23	28	24	11	18	24	15	22	

11	11	24	13	25	13	21	25	26	17	

28	12	15	24	25	14	10	23	10	30	

18	19	13	13	16	25	25	26	29	26	

17	17	18	24	10	17	25	19	28	19	

30	21	23	23	19	27	24	22	29	14	

20	11	28	16	11	30	22	21	11	11	

12	14	18	11	18	20	29	26	23	18	

16	30	26	16	14	10	30	20	16	14	

25	26	10	22	13	22	26	19	25	16	

28	10	14	10	23	28	26	11	18	19	

10	29	20	16	16	18	22	20	15	19	

28	28	16	24	10	10	28	28	22	14	

16	10	10	11	16	25	11	18	29	29	

10	29	30	28	25	18	23	29	13	25	

30	14	26	23	17	11	14	30	15	13	

30	29	14	24	13	19	29	27	22	27	

29	22	30	30	19	13	28	25	20	24	

30	21	22	13	24	18	12	13	14	12	

26	26	11	21	26	16	13	11	28	24	

25	20	23	30	19	22	29	17	25	11	

27	25	16	29	23	18	27	29	23	16	

25	21	28	29	12	10	13	25	22	20	

12	18	12	16	27	25	27	13	27	19	

23	14	12	12	20	15	20	27	16	10	

24	25	26	24	16	18	30	11	24	27	

11	16	19	20	27	26	29	16	17	22	

25	10	19	25	25	26	24	14	23	26	

28	22	17	15	27	20	27	27	13	15	

30	15	16	23	19	28	23	27	19	23	

16	29	25	18	11	29	27	29	15	16	

14	28	27	28	13	25	10	18	15	29	

27	18	26	10	17	21	24	24	17	13	

23	30	15	24	12	29	21	10	13	16	

23	22	13	12	20	20	28	22	20	16	

12	11	10	20	14	10	13	11	18	15	

19	18	29	13	20	18	21	26	26	12	

19	27	12	30	25	17	24	18	24	19	

17	26	21	17	19	14	16	24	11	14	

24	10	20	10	21	11	13	30	14	12	

27	15	13	16	11	17	11	19	16	22	

15	27	30	10	25	13	15	15	19	15	

10	21	24	25	28	26	11	15	25	11	

29	26	24	13	15	19	12	25	27	30	

17	14	29	19	24	20	15	28	28	24	

12	11	21	28	20	29	10	19	24	19	

13	29	22	30	11	25	26	29	25	19	

18	28	19	20	18	13	12	10	23	23	

11	15	30	28	18	13	17	19	26	22	

26	29	16	19	17	12	23	17	23	11	

12	18	29	20	17	30	19	18	15	18	

25	13	12	12	15	21	25	22	11	13	

29	17	12	13	16	17	26	24	20	12	

16	27	15	24	11	14	24	24	12	29	

30	23	19	30	10	25	15	21	11	22	

20	23	19	19	17	14	14	11	10	28	

21	11	21	10	12	26	12	20	10	27	

16	30	14	22	17	17	29	19	20	20	

16	27	18	30	20	24	25	15	30	29	

24	10	28	20	29	22	30	29	16	11	

17	22	25	29	29	28	14	19	16	11	

27	12	15	17	11	28	13	13	19	12	

11	11	27	24	29	10	26	29	22	14	

22	10	28	19	23	22	25	13	21	11	

21	21	18	21	17	25	12	19	16	16	

21	28	24	19	30	13	22	12	18	28	

23	24	13	27	19	14	16	20	27	16	

29	29	16	26	17	30	30	11	28	29	

15	13	24	28	20	15	24	20	18	11	

26	10	27	23	10	23	24	24	13	28	

22	13	24	19	25	29	23	28	28	30	

18	26	22	11	20	19	30	22	23	25	

24	15	30	30	21	13	26	19	27	15	

22	14	15	14	29	14	26	12	20	14	

22	14	10	10	29	19	14	22	14	26	

19	28	17	21	13	10	26	25	30	23	

25	19	20	27	23	11	24	17	25	26	

12	24	18	12	19	17	14	27	26	25	

26	13	10	11	21	22	17	23	28	26	

12	14	14	30	24	28	12	30	27	13	

11	17	10	29	14	14	13	15	18	27	

22	19	23	22	25	22	16	23	15	29	

28	19	28	14	26	26	24	11	13	16	

28	29	18	14	24	21	15	26	30	11	

11	28	26	21	27	10	29	19	10	25	

17	22	16	10	15	24	26	18	20	17	

27	28	22	13	28	14	29	23	24	30	

10	14	29	19	21	20	17	21	21	19	

13	30	21	17	21	10	18	11	15	10	

16	15	18	18	10	14	20	28	23	13	

27	17	25	27	28	23	27	25	11	28	

29	30	20	11	11	21	17	18	16	20	

28	19	15	19	25	29	22	10	11	15	

30	19	16	21	20	14	16	18	26	28	

11	30	14	13	17	20	30	22	18	23	

22	27	30	30	11	29	12	17	25	22	

26	13	22	13	27	16	19	14	22	24	

14	30	15	29	15	13	24	21	22	28	

19	14	18	30	26	13	17	23	13	18	

23	15	16	25	15	26	28	18	25	22	

16	11	11	18	17	16	26	15	18	30	

22	24	17	13	11	14	17	20	13	20	

20	30	14	26	11	16	11	18	15	18	

21	11	30	15	17	12	27	28	18	17	

18	27	19	22	24	26	24	14	14	29	

13	26	11	26	19	15	19	15	15	14	

25	17	14	30	28	28	17	29	13	17	

25	12	10	30	29	29	28	13	26	10	

16	22	18	30	19	18	20	22	19	26	

29	18	20	28	14	24	23	30	22	19	

29	15	18	13	28	25	27	16	17	20	

22	27	19	15	11	20	17	18	30	12	

13	12	18	15	15	26	11	10	14	23	

26	11	17	30	29	23	30	11	29	22	

25	11	21	22	21	11	13	12	30	17	

21	21	25	12	22	20	27	13	15	15	

28	12	25	15	12	10	10	19	19	14	

11	21	17	12	25	20	28	18	24	14	

25	30	22	27	21	21	20	16	27	13	

24	26	18	15	22	11	27	11	30	24	

24	19	10	27	17	25	17	30	20	24	

22	15	25	20	11	30	14	12	16	25	

18	28	28	29	11	23	18	20	29	10	

27	12	18	15	28	11	21	29	19	12	

20	26	23	17	27	13	10	21	28	19	

14	23	28	29	26	28	13	30	13	26	

11	15	20	27	27	28	10	11	11	29	

21	23	17	14	22	25	22	29	17	23	

16	21	28	18	12	30	26	15	20	18	

26	10	23	24	11	21	26	25	23	21	

14	26	13	15	10	18	30	25	21	15	

21	12	23	10	22	21	19	21	15	19	

10	28	18	22	10	27	16	13	30	26	

24	14	10	15	21	18	20	22	20	30	

22	16	26	13	16	16	18	28	14	26	

23	25	19	15	27	25	24	11	30	29	

24	20	22	15	24	15	20	20	20	10	

26	13	27	10	23	16	21	11	10	26	

17	21	30	30	26	21	25	29	22	12	

29	21	28	14	18	26	25	29	26	23	

10	22	24	11	14	23	14	28	22	18	

21	15	24	14	17	11	26	14	30	23	

27	18	13	11	22	13	14	28	21	14	

16	21	19	11	27	25	15	14	21	24	

15	25	30	11	10	12	12	18	21	30	

18	10	11	17	17	24	17	29	15	11	

29	29	29	18	27	10	15	11	30	19	

22	18	11	11	12	16	19	22	10	15	

19	27	19	29	20	14	18	25	25	26	

19	28	24	10	21	22	20	27	15	22	

22	25	21	15	16	16	24	14	13	30	

13	18	14	16	20	18	29	12	18	11	

21	27	21	27	11	10	23	16	10	20	

25	12	20	28	11	28	30	19	15	30	

20	27	21	15	21	24	20	19	20	29	

25	24	14	11	12	29	27	12	11	17	

13	20	20	29	26	15	15	10	10	22	

14	28	23	18	23	20	28	19	21	20	

24	13	24	22	23	19	18	15	27	16	

18	18	17	27	23	14	20	29	13	30	

10	18	20	25	30	20	23	28	11	27	

23	25	28	11	26	25	19	22	19	16	

18	18	25	25	14	13	19	28	10	19	

30	16	13	27	29	22	10	29	15	30	

19	29	18	30	27	25	12	23	17	17	

26	24	11	29	23	16	22	14	22	28	

15	17	20	20	12	17	14	27	11	21	

13	10	11	14	22	22	21	21	22	26	

15	11	12	28	21	11	10	28	14	19	

24	27	29	28	23	25	22	10	23	10	

28	19	21	25	21	24	26	24	11	21	

20	11	17	13	25	19	16	14	24	19	

23	28	15	23	26	30	26	15	22	14	

12	25	12	19	29	29	25	23	19	21	

11	13	26	10	23	17	12	15	30	14	

24	24	12	14	13	29	29	17	28	23	

27	10	16	17	26	19	21	25	12	11	

19	26	10	20	30	30	17	14	11	16	

16	10	29	13	22	24	20	29	19	24	

21	21	23	15	27	27	20	22	13	28	

25	12	18	25	13	24	10	12	14	30	

20	17	25	13	30	24	17	26	30	19	

30	26	11	14	11	13	19	14	28	23	

23	21	11	24	22	16	14	20	12	18	

24	25	22	16	24	11	23	11	30	12	

24	17	20	17	27	29	29	28	30	28	

29	14	18	14	14	13	24	11	27	20	

25	10	28	16	29	20	21	23	26	29	

23	10	30	11	16	16	11	13	21	12	

10	22	28	12	28	10	23	21	13	30	

27	15	20	29	12	10	11	13	15	22	

11	16	19	20	25	17	29	23	12	17	

25	26	30	17	18	30	11	18	16	11	

17	26	30	24	20	28	13	13	19	26	

29	26	15	30	10	27	25	28	10	20	

23	18	27	19	21	15	16	14	16	11	

29	24	25	23	30	12	24	19	14	30	

17	25	15	23	26	21	11	20	26	13	

29	18	11	30	17	10	22	24	20	27	

22	18	16	28	18	12	25	29	17	26	

14	27	27	21	19	17	19	10	14	22	

20	28	14	12	25	16	13	26	13	19	

22	11	22	24	15	22	14	28	27	11	

15	11	23	12	15	28	27	10	15	17	

17	30	26	25	25	15	22	26	10	19	

18	19	23	12	15	19	19	10	27	21	

21	23	27	10	25	13	17	12	19	17	

17	28	10	18	21	12	27	25	28	20	

19	15	14	18	28	11	11	25	18	14	

19	29	30	21	20	21	29	18	18	25	

15	15	19	12	24	17	10	21	23	11	

29	12	20	18	23	12	30	14	26	22	

20	21	22	14	10	16	14	13	26	29	

19	26	29	16	20	13	17	27	13	18	

26	11	26	14	17	24	23	27	10	23	

16	17	26	24	13	11	12	13	17	20	

18	30	30	10	29	10	28	29	28	11	

15	18	27	11	14	10	10	12	23	10	

17	23	28	21	13	24	14	14	14	16	

22	17	25	15	26	21	28	17	24	15	

18	19	23	18	19	15	17	19	20	29	

27	22	23	12	29	11	23	12	22	18	

19	19	18	12	14	14	24	27	24	24	

25	28	14	26	30	25	15	29	29	13	

26	23	19	23	23	22	27	11	22	28	

21	12	13	24	18	17	23	25	29	29	

14	21	19	18	25	28	21	20	19	23	

16	30	11	19	16	23	25	23	27	28	

13	18	17	20	10	25	21	22	24	28	

11	12	22	22	10	28	25	20	27	19	

13	15	16	20	24	17	26	11	30	21	

16	17	23	15	13	20	11	20	15	18	

11	23	13	26	19	17	28	13	24	10	

15	28	20	12	21	15	20	21	15	27	

16	18	28	14	29	26	15	22	28	29	

20	11	18	20	15	27	30	23	14	10	

29	23	14	17	10	20	29	17	12	12	

25	13	16	19	27	25	26	19	27	23	

21	22	27	22	11	20	21	15	21	13	

23	16	26	22	19	22	14	30	23	10	

14	17	11	27	13	20	23	25	30	21	

21	13	24	30	14	11	13	21	10	21	

21	23	15	30	29	27	19	13	13	10	

16	29	14	23	27	11	19	27	11	16	

16	12	23	24	24	21	13	22	15	11	

26	22	18	23	11	21	11	20	25	26	

11	22	15	12	17	16	16	14	11	19	

10	11	11	13	25	27	15	18	11	19	

10	24	19	21	21	13	27	19	17	15	

26	30	25	21	25	30	30	18	16	14	

19	17	11	14	26	12	11	16	10	20	

21	19	12	20	26	12	22	10	17	15	

10	20	29	21	28	22	12	28	17	20	

12	24	12	23	26	10	26	27	28	28	

20	11	20	24	16	26	17	10	13	10	

16	10	27	24	26	10	29	21	14	16	

14	12	13	20	19	19	25	15	27	17	

23	18	14	27	30	26	25	23	18	15	

12	19	28	12	10	17	23	10	16	14	

27	10	27	26	26	27	10	22	29	23	

27	18	21	11	21	12	23	18	22	11	

20	26	19	27	18	17	23	29	27	15	

18	29	21	16	30	22	10	26	21	26	

20	30	15	23	27	25	15	28	26	12	

10	14	11	29	27	13	15	13	28	20	

26	16	14	27	14	12	18	12	25	15	

23	30	22	30	12	19	27	20	23	13	

17	15	17	22	27	10	19	13	18	15	

26	27	24	16	20	12	13	11	28	21	

24	13	14	25	26	21	11	14	28	18	

11	21	10	13	24	20	30	23	25	30	

29	21	19	28	25	27	15	15	24	13	

14	27	19	18	18	22	26	29	26	25	

25	29	24	18	16	21	12	23	18	18	

26	13	15	19	27	29	27	24	30	26	

16	22	18	26	21	18	25	14	24	20	

28	17	21	12	28	10	15	26	22	21	

27	10	14	24	11	22	16	16	13	26	

11	18	24	25	27	18	25	27	16	12	

20	29	20	17	20	23	27	19	20	23	

22	27	28	28	22	17	24	16	20	27	

13	23	27	20	20	10	19	27	20	17	

15	17	19	11	12	13	29	14	23	19	

21	29	18	30	13	29	29	11	20	18	

19	24	14	27	26	13	30	17	20	13	

12	24	19	11	12	15	25	26	30	30	

30	22	25	23	23	11	14	28	18	26	

27	29	30	28	13	19	11	18	21	14	

10	29	17	28	23	24	30	20	19	17	

20	26	20	23	15	22	19	11	20	17	

30	13	15	18	18	27	29	30	29	28	

24	18	18	17	26	22	13	17	26	19	

21	11	22	27	24	12	14	27	23	17	

27	29	30	10	24	11	25	27	22	11	

18	20	20	12	20	12	18	28	15	15	

29	27	18	27	29	18	21	16	25	26	

20	21	10	27	19	29	24	10	26	14	

18	29	20	23	19	10	11	21	28	29	

12	14	21	28	16	29	25	25	22	18	

24	12	11	23	15	17	16	10	13	22	

26	20	27	26	10	25	23	26	30	26	

28	17	26	21	15	17	28	17	29	14	

14	29	19	12	27	26	20	30	13	15	

14	17	20	23	23	29	16	15	23	12	

13	28	14	29	13	18	30	10	23	11	

23	30	25	25	15	19	29	22	13	28	

25	15	20	20	12	17	23	28	20	25	

10	29	16	13	25	24	13	11	25	21	

13	17	28	13	20	10	25	18	17	10	

14	26	23	17	21	25	16	11	20	14	

24	22	15	29	24	12	24	20	20	20	

26	10	24	26	19	25	22	12	21	20	

20	21	19	22	19	16	30	24	16	10	

30	22	12	30	29	20	16	21	16	30	

20	21	28	20	21	14	26	18	16	19	

27	11	13	30	22	23	13	15	16	18	

22	18	23	20	20	18	25	30	15	14	

22	22	17	24	30	27	29	13	18	28	

18	20	28	24	22	27	20	29	30	28	

29	19	15	15	15	16	24	17	18	17	

21	23	23	14	23	21	18	29	13	18	

17	28	30	11	28	16	12	13	16	10	

16	10	24	29	30	29	25	28	24	24	

12	25	11	24	23	13	15	29	21	24	

28	20	21	15	21	11	10	21	14	28	

22	30	14	23	10	20	21	25	30	17	

29	18	15	24	23	15	28	11	28	23	

10	25	13	30	15	24	20	18	13	13	

29	25	20	13	28	26	24	27	14	11	

30	15	12	25	16	13	28	20	19	21	

14	15	12	16	27	29	14	22	13	18	

23	22	17	16	30	17	30	13	22	18	

19	14	13	27	25	17	24	17	27	22	

21	17	24	24	25	15	27	28	15	21	

10	26	15	17	23	12	27	26	14	21	

23	29	29	29	24	14	26	13	28	23	

13	14	11	10	25	10	10	22	24	23	

29	30	28	20	21	29	30	12	30	12	

16	24	20	17	14	29	24	10	28	10	

24	26	23	30	17	28	19	26	14	24	

14	20	10	10	24	27	26	20	19	30	

20	22	25	12	11	27	19	16	13	29	

29	10	12	25	27	10	12	10	28	15	

17	24	26	11	19	12	15	16	27	30	

30	10	24	15	14	30	29	23	26	18	

14	16	21	23	19	12	15	29	21	14	

11	19	18	18	17	25	29	22	22	27	

29	15	22	16	20	16	11	14	12	16	

14	30	11	14	14	16	19	17	24	16	

20	14	10	25	30	15	28	15	27	10	

12	21	13	18	11	20	25	12	17	21	

19	22	28	24	16	18	20	20	12	30	

28	11	17	22	28	27	16	18	20	21	

14	13	20	22	20	17	22	15	25	22	

17	29	23	11	16	12	27	13	13	16	

18	24	28	25	11	30	10	12	20	18	

11	11	25	21	26	17	25	16	24	27	

16	29	19	28	24	30	12	26	21	25	

24	27	20	16	25	30	30	26	27	16	

28	11	19	20	29	23	22	17	29	20	

19	16	18	24	22	14	13	28	22	11	

11	16	26	18	19	19	16	26	10	11	

28	26	13	26	26	13	18	12	11	29	

21	19	21	18	15	16	25	18	16	28	

24	30	24	19	15	22	12	15	30	27	

26	22	25	24	30	11	19	20	30	17	

18	30	13	24	20	20	30	22	30	16	

27	21	12	27	29	12	20	30	16	14	

20	23	29	23	11	16	24	30	13	12	

16	17	24	15	14	18	10	26	15	30	

18	14	30	21	12	27	22	28	17	30	

14	25	13	25	19	21	24	27	25	10	

13	25	19	30	15	30	24	24	11	16	

24	27	12	24	29	28	21	12	27	27	

15	29	10	24	25	13	13	16	12	19	

13	11	10	16	29	13	23	14	10	29	

14	14	26	22	13	22	22	24	28	18	

16	23	11	27	24	28	28	24	28	12	

17	26	22	18	25	21	18	24	25	18	

30	11	11	19	18	24	21	16	25	24	

28	28	10	15	27	24	19	21	14	23	

29	26	30	15	17	26	28	21	19	23	

25	10	30	28	14	12	13	10	19	25	

21	16	30	23	27	13	10	20	25	29	

16	17	17	22	30	23	16	12	17	19	

14	22	27	13	10	10	10	21	16	29	

11	29	22	17	25	11	30	15	12	27	

14	17	16	24	11	10	15	10	10	16	

24	24	30	14	25	19	13	28	23	25	

19	22	17	28	11	21	22	19	12	19	

19	28	24	26	30	12	24	19	11	29	

14	26	21	25	27	19	13	26	14	22	

26	17	21	24	20	30	24	14	26	18	

19	26	29	28	10	29	14	13	12	21	

23	29	30	15	18	28	23	28	15	14	

16	10	10	12	24	17	29	16	21	28	

13	22	29	19	14	13	16	25	14	12	

25	10	11	26	27	19	10	13	26	27	

11	11	12	26	28	25	28	12	24	27	

16	17	10	11	29	16	11	14	27	29	

23	25	17	23	14	20	25	13	26	21	

18	14	12	21	26	27	13	22	19	10	

26	17	25	16	20	12	17	30	13	17	

30	16	12	25	17	20	27	26	25	26	

10	19	16	27	30	16	11	23	28	22	

29	16	25	13	14	11	11	28	26	14	

12	13	10	11	12	22	19	16	16	25	

21	11	21	18	15	15	15	27	26	10	

13	28	15	25	29	22	30	21	27	29	

22	29	21	16	20	14	19	26	21	13	

24	11	24	30	15	27	14	25	18	26	

25	18	15	15	28	26	27	10	13	14	

10	20	23	13	21	14	14	12	14	17	

10	21	25	25	19	10	25	11	15	27	

24	29	24	16	28	18	12	29	28	15	

29	14	17	26	25	20	17	24	27	17	

25	21	12	11	23	29	19	17	28	24	

19	21	13	25	29	21	15	19	21	20	

11	26	27	25	10	28	23	12	13	22	

29	14	21	17	25	13	25	30	26	21	

19	28	29	13	12	18	23	27	12	22	

10	18	10	12	28	13	21	17	12	15	

12	23	13	28	13	10	10	21	11	18	

25	22	16	28	30	15	30	21	12	18	

30	12	16	28	13	24	14	21	25	25	

21	13	18	23	26	16	24	30	15	17	

19	18	15	13	11	18	28	16	18	26	

25	16	26	10	29	23	15	25	17	27	

13	10	15	24	21	29	15	21	10	12	

17	10	20	28	25	11	25	19	19	29	

17	14	14	15	29	23	22	17	29	25	

11	15	18	10	18	25	15	11	30	18	

29	30	28	23	30	29	28	30	25	16	

28	30	26	15	13	13	29	19	24	14	

24	22	13	15	15	22	10	25	23	19	

19	28	12	28	23	27	30	23	22	21	

11	19	10	12	12	30	15	30	19	26	

25	24	27	14	26	19	19	26	17	20	

21	26	29	25	17	27	20	15	18	28	

23	22	24	25	26	21	15	25	15	16	

20	28	21	10	23	13	16	23	15	14	

30	21	29	27	15	30	22	27	28	20	

11	12	11	30	17	24	27	21	13	19	

28	15	12	19	24	12	14	30	25	23	

25	11	12	30	12	12	25	25	29	24	

15	16	28	10	16	30	18	11	18	14	

26	20	19	30	20	29	25	24	21	14	

10	19	22	17	30	10	16	16	17	15	

14	21	16	24	10	25	16	29	12	23	

11	10	11	18	20	10	14	14	20	15	

28	21	22	25	18	25	11	30	26	11	

19	30	27	29	14	16	12	22	21	22	

25	30	26	26	25	21	24	18	26	30	

11	28	12	16	13	17	13	20	19	12	

30	19	21	22	27	26	13	11	22	17	

29	22	11	26	15	20	19	10	25	28	

24	14	12	16	20	15	18	26	22	30	

20	24	14	10	13	14	20	20	29	10	

26	21	12	25	22	29	12	12	12	15	

11	19	24	18	21	22	25	18	23	23	

24	23	14	28	13	15	21	30	20	16	

12	26	29	26	14	26	15	18	30	14	

13	29	12	15	24	15	20	15	19	11	

17	21	15	21	11	27	30	26	28	14	

16	18	10	16	26	23	22	12	20	26	

27	13	18	15	17	15	15	12	28	21	

30	19	19	26	27	18	10	30	14	18	

23	27	18	28	21	22	12	21	30	24	

10	12	16	14	26	23	23	27	23	29	

28	16	16	26	11	16	14	13	28	14	

12	15	11	30	26	19	28	13	16	16	

23	21	20	29	18	30	27	24	22	14	

10	16	18	16	18	12	27	26	27	21	

22	16	20	10	21	26	15	21	23	23	

14	17	15	15	26	26	30	17	12	23	

13	11	23	16	17	27	20	30	18	22	

20	28	12	18	15	15	19	20	26	23	

19	27	29	18	24	25	19	20	18	24	

16	10	23	28	26	27	12	28	28	14	

16	15	24	18	13	11	21	15	19	10	

12	17	20	14	15	18	14	15	12	23	

29	21	19	10	16	29	15	13	11	26	

22	16	26	27	18	10	20	10	13	12	

11	23	28	26	12	24	11	24	18	30	

26	23	28	26	29	18	21	14	17	19	

10	19	13	26	19	11	13	10	17	14	

12	10	22	27	15	14	26	23	28	14	

15	26	25	23	19	12	24	30	17	14	

25	28	12	17	21	28	23	25	30	27	

27	16	10	16	25	15	12	23	21	27	

19	19	23	13	26	19	15	12	19	10	

13	23	12	15	10	19	12	11	19	11	

12	10	19	28	16	28	21	18	21	24	

24	18	29	14	30	28	17	13	18	26	

21	23	15	13	11	11	10	13	10	20	

28	21	19	28	29	13	28	19	10	12	

17	22	14	13	29	28	29	17	25	18	

26	24	25	21	21	11	17	18	29	19	

20	27	22	27	28	18	30	19	11	17	

28	11	28	26	20	26	22	27	16	13	

25	11	18	14	16	18	24	20	26	18	

14	14	22	21	20	27	13	10	17	30	

15	26	18	17	12	10	10	15	18	28	

24	28	20	25	25	29	15	15	14	21	

12	14	10	28	30	15	25	22	28	21	

20	15	26	15	14	19	19	22	20	13	

30	30	17	21	22	16	20	14	19	28	

15	15	28	24	26	10	27	19	20	21	

27	22	20	20	14	29	17	18	10	11	

13	10	29	29	12	18	21	28	28	19	

22	29	14	19	12	30	30	19	15	20	

26	19	18	14	16	27	16	21	13	11	

15	20	27	11	30	28	28	29	19	23	

24	29	17	16	23	30	15	20	25	12	

14	25	27	24	26	18	30	24	27	29	

14	23	21	16	16	17	29	16	19	14	

24	27	20	21	27	13	18	25	18	17	

14	21	28	25	16	24	25	10	12	13	

18	23	27	26	14	28	29	15	23	15	

30	15	17	11	13	28	12	25	18	17	

26	24	11	11	12	21	10	16	11	26	

15	21	18	25	28	23	16	27	15	29	

29	15	24	13	15	25	23	13	17	30	

13	28	21	16	10	10	14	29	16	18	

30	24	12	19	14	21	28	26	25	11	

14	10	22	10	25	10	18	13	17	28	

13	10	27	23	11	18	22	18	29	13	

26	29	21	25	22	21	19	23	27	21	

28	11	21	24	30	25	12	14	18	25	

27	10	12	18	28	25	15	19	22	30	

28	14	29	14	15	29	12	11	17	27	

15	17	13	10	28	30	16	29	13	30	

14	13	17	26	14	24	24	21	22	27	

20	28	12	17	18	21	17	13	24	18	

11	15	16	12	30	27	23	24	29	12	

26	13	26	21	12	27	14	26	18	17	

24	11	21	16	25	10	24	22	28	21	

10	15	21	15	17	19	26	23	26	28	

10	12	17	21	30	12	22	21	29	13	

14	18	28	18	20	27	17	15	25	17	

19	10	18	13	17	10	21	13	27	18	

10	17	15	27	15	30	15	12	10	27	

13	24	16	28	23	29	29	24	16	29	

22	21	13	10	23	18	27	25	26	10	

14	28	27	28	25	11	24	27	11	12	

20	16	21	13	11	23	19	27	19	12	

26	11	29	10	30	21	26	26	28	15	

19	23	21	12	11	23	11	28	22	18	

26	12	23	26	21	19	13	24	10	13	

24	17	26	28	25	13	19	14	15	25	

17	17	27	16	27	30	24	10	14	16	

19	25	27	30	13	19	18	26	24	27	

14	17	23	24	10	13	29	28	22	12	

14	19	12	29	10	18	22	16	20	23	

17	22	23	24	23	24	24	26	11	11	

21	28	14	18	17	17	17	27	25	16	

25	10	26	10	12	27	26	30	18	26	

25	20	17	16	10	25	19	23	20	12	

18	17	29	18	21	29	28	22	30	16	

23	19	16	23	12	22	17	14	27	18	

13	25	16	13	17	24	22	27	11	17	

22	15	19	30	10	19	26	14	18	19	

28	24	26	30	23	15	19	24	13	30	

18	13	10	23	16	22	18	24	21	30	

13	27	10	21	23	20	15	24	28	25	

17	30	10	21	11	29	10	14	18	28	

22	13	22	17	18	30	22	16	30	25	

25	14	30	24	30	20	26	21	25	25	

28	30	28	24	24	25	30	30	15	25	

15	21	13	10	29	13	13	30	26	16	

27	18	10	10	14	27	29	15	27	17	

25	21	14	10	14	23	20	12	26	15	

19	16	28	12	17	12	20	16	11	15	

22	21	17	22	14	27	20	30	19	13	

11	18	18	13	30	18	11	28	21	26	

12	17	24	29	14	15	30	28	12	13	

30	24	12	19	10	10	13	28	24	16	

19	25	30	15	18	17	30	24	18	15	

14	11	29	29	11	28	13	27	24	28	

28	18	26	16	10	23	30	25	12	30	

11	16	10	28	19	26	15	19	26	28	

12	21	10	14	18	15	27	22	14	13	

30	22	15	16	13	21	13	23	30	30	

13	20	27	17	10	10	11	26	15	12	

10	20	12	28	22	17	24	23	21	18	

28	10	11	11	18	10	21	17	22	13	

17	19	19	13	24	30	26	10	27	18	

21	26	25	30	13	19	25	29	21	11	

10	19	22	27	20	16	30	24	19	29	

18	10	13	11	28	12	10	23	12	13	

27	12	21	14	28	24	18	27	28	19	

24	11	21	22	14	29	14	29	22	29	

16	30	17	13	10	22	30	12	23	24	

27	27	23	14	14	26	27	16	23	17	

30	24	20	21	24	24	20	21	27	30	

20	10	24	16	12	30	21	29	30	21	

23	12	19	26	12	26	13	23	12	25	

10	15	14	15	16	30	23	28	13	27	

15	30	13	26	29	26	14	14	21	10	

22	21	21	27	11	20	21	13	11	18	

16	26	23	30	30	17	19	11	12	28	

28	29	28	14	30	18	14	28	25	15	

21	18	11	27	26	19	26	20	22	26	

21	16	22	23	18	22	10	26	16	25	

29	17	16	29	12	22	17	11	13	29	

10	18	11	23	17	16	28	17	12	19	

25	23	16	25	19	16	16	17	27	21	

13	13	17	22	13	13	17	14	22	20	

25	13	18	17	11	15	21	14	13	18	

25	13	12	26	16	18	10	22	21	21	

24	25	29	25	10	14	25	30	30	13	

24	28	14	22	15	21	20	14	12	11	

29	11	14	25	25	18	16	23	11	13	

20	30	24	11	16	12	13	16	22	17	

30	25	14	17	21	18	13	13	18	11	

25	29	22	26	14	19	13	25	15	17	

14	30	17	24	27	23	22	19	13	12	

14	30	25	12	13	20	10	10	27	10	

15	19	30	26	12	11	20	25	30	11	

28	27	13	17	13	21	26	20	28	18	

26	17	14	13	19	30	21	25	28	24	

20	24	14	23	18	29	27	17	10	13	

22	26	15	16	19	21	23	27	30	23	

13	23	30	28	21	17	14	26	17	30	

28	24	13	16	21	20	29	22	21	11	

27	10	11	14	23	14	30	30	23	19	

18	29	27	15	24	13	27	26	28	29	

19	27	19	19	27	28	17	17	11	28	

18	18	28	18	10	22	27	17	13	13	

23	23	11	25	12	23	17	17	29	11	

12	18	23	11	30	30	27	23	10	16	

20	23	27	29	20	29	28	12	14	21	

16	21	11	26	28	21	12	10	19	15	

10	19	13	12	19	25	24	15	28	14	

21	19	24	30	20	19	26	22	18	14	

19	23	30	12	15	17	12	14	23	26	

12	30	23	10	17	11	15	12	27	18	

28	30	18	14	20	24	22	18	27	19	

28	21	25	21	26	15	19	16	16	18	

11	10	19	19	28	16	19	11	20	25	

11	19	21	13	12	11	14	29	22	16	

12	15	30	29	20	19	15	30	12	29	

23	30	23	30	11	22	11	21	25	22	

23	29	11	16	23	18	16	24	25	13	

12	14	21	25	10	19	15	17	14	26	

10	25	29	30	12	19	29	30	22	25	

28	10	30	11	18	22	10	24	28	28	

14	22	23	21	29	21	19	23	25	25	

12	29	14	11	22	23	16	10	25	17	

28	24	16	29	29	13	26	17	19	20	

15	25	12	12	16	29	25	24	12	16	

12	16	28	22	17	14	27	23	30	22	

14	11	20	22	11	21	13	27	18	25	

10	10	12	23	26	10	22	29	20	20	

13	18	17	19	19	29	19	10	28	25	

19	26	26	19	27	29	18	11	10	13	

10	18	24	22	11	13	29	11	11	10	

12	18	26	13	16	24	17	27	19	19	

25	30	12	18	22	12	17	22	10	11	

23	22	21	26	30	13	22	27	24	26	

25	13	12	30	28	26	29	11	17	15	

11	20	22	13	25	10	21	10	10	28	

23	30	16	13	28	24	14	10	21	12	

26	18	18	30	15	18	18	19	16	28	

14	21	12	19	28	18	11	29	26	22	

14	30	27	28	25	20	10	15	20	12	

19	27	25	18	19	19	22	15	17	14	

27	27	16	22	20	22	24	17	23	21	

30	14	28	19	30	10	29	14	29	15	

24	21	28	13	20	17	25	20	28	24	

10	14	29	30	17	16	24	29	16	19	

14	15	13	24	10	11	16	26	22	20	

13	21	19	13	26	24	24	10	13	17	

19	22	26	19	26	10	22	22	26	19	

17	18	20	13	30	29	20	18	18	16	

27	12	20	30	30	22	16	30	16	15	

10	15	23	28	15	22	17	16	16	27	

22	10	16	23	24	25	20	29	30	17	

27	29	27	17	14	18	12	17	22	14	

13	13	20	19	18	21	30	12	11	11	

18	16	30	13	27	11	28	13	26	12	

16	10	15	18	29	25	17	30	14	18	

12	20	11	29	19	20	25	27	21	19	

14	19	15	27	19	13	23	10	21	26	

19	18	28	20	14	19	20	12	15	13	

17	14	15	28	19	14	30	10	13	28	

10	18	11	17	25	22	23	25	17	28	

19	15	26	13	11	27	30	19	23	16	

17	22	23	23	14	18	27	16	12	27	

15	27	27	19	27	25	16	11	17	28	

28	13	28	11	23	20	10	23	18	11	

19	19	21	29	13	25	11	14	26	26	

27	15	16	26	12	14	30	12	23	23	

19	14	25	19	14	26	17	28	21	19	

20	17	27	30	29	10	22	12	18	22	

10	15	24	28	21	15	12	15	29	12	

26	14	23	22	23	10	23	27	17	15	

28	14	29	10	27	28	26	18	26	13	

24	20	16	30	30	16	27	26	28	15	

30	22	15	24	25	19	13	29	15	19	

23	21	17	16	13	14	10	28	29	13	

18	13	13	23	15	17	26	18	15	21	

29	14	18	29	30	26	28	15	14	16	

14	29	21	28	22	13	21	18	22	28	

10	13	28	16	17	17	16	14	10	19	

28	17	13	16	26	16	26	28	28	23	

27	18	12	11	15	23	20	21	15	13	

12	17	22	12	21	17	13	13	14	30	

28	28	24	22	24	10	24	16	30	23	

14	12	29	28	19	30	16	29	16	10	

17	26	13	21	18	29	13	12	20	30	

21	17	23	15	30	28	18	12	14	18	

21	19	15	15	26	17	29	14	17	28	

14	16	30	21	14	29	18	29	24	20	

21	20	29	13	29	25	27	28	10	23	

29	26	26	11	17	24	15	24	25	25	

12	10	26	10	20	23	26	23	27	11	

14	29	25	13	22	15	10	20	11	21	

10	26	14	23	29	30	28	29	17	25	

24	10	19	25	15	22	22	18	30	23	

23	30	21	12	14	29	28	17	12	29	

12	20	22	24	16	16	25	26	26	13	

22	25	23	29	20	17	22	18	22	21	

10	24	16	15	15	21	10	21	10	23	

11	20	12	19	17	13	28	13	27	27	

13	27	20	10	21	25	25	17	22	26	

24	18	14	27	19	27	27	23	28	20	

10	14	21	28	17	20	14	21	19	16	

25	12	11	11	22	21	28	13	30	11	

27	20	22	16	12	18	28	15	27	10	

25	15	17	27	19	19	24	18	15	29	

14	26	14	22	16	18	25	11	13	25	

20	21	25	27	25	15	13	14	18	11	

28	30	20	25	29	13	17	29	25	19	

26	27	26	26	13	12	19	24	16	24	

22	27	13	26	28	10	23	22	27	26	

24	11	28	15	20	12	16	26	21	30	

30	20	19	15	19	10	19	29	29	21	

25	20	24	20	10	14	23	22	27	30	

21	27	15	24	24	28	10	15	24	29	

27	20	26	17	30	18	24	15	15	14	

15	13	15	15	18	13	25	14	25	18	

23	26	18	30	24	25	10	28	26	18	

10	30	29	18	28	17	22	10	15	21	

30	21	21	12	11	27	16	23	26	22	

25	29	20	15	16	11	18	15	14	27	

12	10	21	27	27	25	17	23	27	14	

12	28	26	12	19	20	26	19	20	28	

15	29	15	10	13	21	13	23	19	28	

20	10	24	17	23	14	25	22	26	27	

22	10	28	17	26	26	10	28	25	29	

26	21	10	25	27	29	23	22	19	20	

21	15	25	28	30	14	11	26	19	27	

20	14	11	12	17	23	21	14	17	25	

15	17	26	23	23	29	20	29	25	26	

23	19	21	24	20	16	15	18	12	19	

10	27	13	17	15	12	21	27	23	22	

23	25	10	12	27	16	12	17	25	20	

14	10	29	15	10	23	11	21	27	14	

28	27	14	19	15	25	28	28	26	13	

29	21	17	21	13	21	27	29	20	24	

21	15	10	21	21	24	17	29	27	27	

18	29	11	20	23	10	12	30	22	28	

19	17	22	10	15	28	13	22	24	16	

13	28	18	20	24	11	14	16	12	24	

28	30	24	14	27	17	11	28	16	13	

15	22	25	30	20	23	14	19	29	21	

19	22	22	12	27	12	14	27	15	28	

11	24	17	12	22	28	22	21	26	10	

21	14	23	21	19	20	10	25	15	25	

21	15	27	14	23	14	25	15	18	10	

13	30	19	26	27	21	22	15	21	24	

14	27	11	16	24	12	27	17	14	29	

25	11	11	13	10	11	16	12	26	27	

18	23	13	16	26	18	22	14	19	22	

27	19	26	20	11	25	16	23	20	11	

18	23	23	12	27	22	23	16	22	29	

25	28	23	26	14	20	14	19	16	30	

23	12	14	10	22	18	12	10	14	24	

18	28	24	11	20	21	23	19	18	14	

17	16	28	25	28	27	19	23	13	10	

29	27	25	22	12	17	12	18	28	26	

13	12	10	24	14	24	29	23	24	21	

17	24	14	14	16	20	26	16	28	13	

13	24	11	14	17	13	14	15	19	27	

19	21	16	11	19	13	20	23	13	22	

26	23	11	14	14	15	11	10	12	18	

21	28	16	18	17	13	18	10	18	16	

14	28	14	22	10	25	19	21	28	22	

30	10	19	26	29	27	30	10	11	21	

27	29	26	28	15	28	30	12	25	18	

29	25	22	30	14	26	21	26	20	18	

