151	1


1507


67
52
65
73
64
98
53
88
59
76
61
75
79
68
51
76
99
76
80
54
76
74
91
99
85
80
90
90
64
56
61
96
51
96
100
57
95
97
61
74
88
65
96
72
81
98
96
58
68
73
97
64
73
56
64
71
52
85
60
60
59
90
81
89
50
66
60
98
95
71
65
84
57
89
89
69
77
72
57
74
71
94
64
77
61
100
78
73
67
60
71
80
80
94
81
73
78
82
88
70
72
68
52
73
96
54
83
72
97
57
75
98
91
93
70
54
77
99
78
82
65
63
87
98
64
81
90
54
57
79
95
59
62
100
89
83
63
74
98
55
56
82
81
74
80
61
71
73
69
98
98


16	

26	

22	

27	

27	

24	

29	

12	

21	

21	

20	

20	

10	

11	

24	

11	

29	

25	

20	

21	

18	

19	

22	

14	

25	

18	

19	

20	

13	

18	

26	

29	

16	

28	

24	

17	

15	

11	

26	

17	

28	

30	

30	

21	

21	

28	

14	

11	

18	

21	

24	

11	

18	

20	

15	

23	

19	

17	

22	

15	

28	

24	

15	

25	

18	

22	

28	

17	

12	

23	

15	

12	

11	

28	

15	

11	

11	

23	

28	

21	

16	

14	

10	

28	

15	

24	

23	

16	

14	

21	

23	

15	

26	

15	

23	

29	

29	

28	

16	

24	

25	

21	

20	

14	

19	

15	

19	

18	

13	

27	

26	

11	

12	

28	

23	

17	

12	

10	

10	

14	

29	

20	

17	

30	

25	

21	

13	

29	

24	

16	

24	

23	

21	

15	

18	

15	

28	

18	

28	

19	

19	

21	

22	

16	

30	

13	

13	

27	

15	

16	

23	

