1015	5


10195
10075
10054
9995
10173


71
53
79
52
61
89
91
65
60
75
72
83
87
74
51
57
65
75
66
87
64
71
90
93
94
54
84
88
99
82
98
65
98
95
79
55
92
86
51
61
58
94
68
82
59
92
83
62
66
90
95
86
97
55
99
88
86
92
86
87
63
51
77
53
74
75
79
58
88
83
81
73
55
69
77
60
50
88
70
53
78
100
51
56
79
51
62
73
95
68
95
57
96
60
64
74
100
59
57
86
86
73
72
77
63
84
57
72
66
70
64
91
92
53
64
64
69
52
80
91
63
84
71
78
61
82
68
65
85
74
95
57
59
65
96
68
96
95
95
58
75
56
56
69
54
86
77
98
96
61
78
81
68
58
50
64
78
79
60
94
61
97
89
74
75
57
65
57
91
60
59
86
89
86
58
80
69
99
54
59
72
89
88
100
61
100
50
63
81
93
83
100
64
91
96
89
74
51
68
95
77
73
92
80
54
50
72
83
87
74
83
98
75
78
88
88
89
79
66
74
58
93
85
69
52
85
94
86
54
92
86
86
54
92
78
80
90
67
65
70
100
85
99
97
61
57
60
53
99
100
92
98
61
93
95
60
87
75
83
77
75
69
72
86
56
55
99
69
97
82
91
75
51
100
58
97
85
97
91
71
51
77
94
56
95
100
62
62
68
100
53
87
52
76
93
77
80
54
75
81
81
68
61
57
94
67
85
60
79
62
100
74
84
65
91
97
50
86
55
50
82
58
83
100
53
98
51
78
81
74
67
91
97
83
61
87
82
65
80
61
60
99
68
87
83
53
52
65
58
90
82
92
66
57
94
99
95
88
52
66
66
61
55
53
78
55
67
91
93
54
66
62
69
71
96
92
50
92
74
85
80
84
84
72
63
88
73
66
50
100
89
83
65
58
88
78
68
71
91
56
64
75
99
71
90
67
83
70
91
87
72
62
95
50
56
61
71
59
61
65
94
73
78
58
90
84
99
56
65
56
68
92
75
60
67
53
50
52
76
94
54
53
100
50
84
85
100
98
92
89
89
50
73
55
81
65
80
72
66
67
92
62
68
63
86
73
65
62
78
53
76
56
60
99
56
99
90
55
53
89
55
95
80
55
58
93
79
100
59
71
55
78
75
80
88
74
97
91
54
75
93
79
83
57
50
51
86
63
100
78
50
60
72
69
85
85
62
67
98
85
74
50
69
93
87
59
80
65
98
68
58
66
66
92
88
84
100
83
80
88
60
94
70
70
80
88
83
50
69
94
91
92
68
74
98
51
98
84
59
74
63
82
63
68
50
94
58
72
77
86
60
54
59
72
99
58
56
69
58
96
93
53
72
56
85
81
67
86
99
97
60
57
98
99
72
53
76
68
56
55
85
99
99
75
69
94
54
55
68
63
68
83
99
71
65
98
53
95
79
59
78
99
66
94
66
84
87
88
91
72
80
78
60
87
77
89
57
55
64
61
80
59
78
53
91
84
52
93
79
97
76
63
96
97
75
97
97
51
52
96
100
76
60
85
70
93
57
86
86
73
79
61
97
85
56
55
60
93
73
50
89
100
80
83
55
99
73
98
95
58
79
82
99
91
93
64
82
62
64
97
70
64
82
71
52
52
50
83
87
76
100
82
88
85
79
68
50
74
69
100
56
51
50
66
99
93
55
54
95
90
82
97
74
78
88
58
62
72
87
67
69
52
51
81
100
58
77
81
60
50
88
90
53
80
59
91
51
77
58
51
87
53
69
87
56
78
99
72
91
54
98
68
89
63
73
96
50
100
62
61
75
93
94
65
91
55
73
79
70
60
66
96
89
54
58
89
52
93
62
70
94
86
100
76
80
56
100
66
82
70
94
58
62
62
58
72
74
90
95
100
78
83
54
57
92
71
68
89
78
54
62
100
98
99
76
50
76
100
95
87
50
99
52
94
70
89
60
74
64
88
81
52
59
77
89
64
57
97
51
73
87
82
75
92
69
77
96
77
57
66
67
75
67
56
63
50
85
57
93
57
52
81
53
94
95
92
93
58
51
56
85
51
55
50
82
97
88
86
50
100
59
60
87
81
87
85
67
98
84
70
74
90
89
63
71
80
52
100
64
80
69
66
89
58
72
57
84
59
76
51
96
90
82
72
86
81
100
73
82
97
78
59
81
92
97
54
62
77
67
71
76
90
100
53
79
89
93
72
94
53
52
55
63
63
98
69
64
69
99
98
88
96
68
85
69
64
90
70
97
55
78
64
76
92
75
53
91
58
74
90
68
76
67
60
54
91
91
73
79
53
59
88
79
77
97
56
68
62
59
64
99
60
78
71
92


21	27	29	25	19	

23	10	13	12	24	

23	25	10	25	22	

10	12	15	17	11	

17	13	23	23	27	

23	13	10	26	12	

29	26	24	14	27	

29	12	20	21	19	

16	16	28	15	20	

18	27	25	18	20	

27	12	20	15	26	

11	24	26	15	19	

13	26	30	23	28	

25	18	26	25	20	

18	20	22	14	26	

24	25	24	22	25	

19	20	28	11	21	

28	13	18	17	29	

11	25	25	19	24	

21	20	11	24	15	

10	24	22	23	23	

20	28	10	12	11	

25	19	25	10	23	

20	21	17	30	16	

12	27	14	29	12	

15	18	25	10	23	

25	20	25	21	26	

29	18	23	16	12	

10	10	25	14	20	

20	21	13	11	18	

24	28	12	11	18	

25	15	26	15	14	

12	12	24	29	16	

24	26	13	30	28	

16	23	16	20	25	

14	23	20	12	15	

22	29	25	28	29	

23	13	10	22	16	

14	30	15	15	16	

29	25	24	14	19	

13	15	15	16	24	

10	21	30	10	15	

30	20	12	24	10	

10	20	12	14	13	

25	19	23	26	20	

30	18	24	15	15	

27	27	16	27	28	

24	29	14	25	26	

20	19	18	21	17	

29	18	26	30	28	

16	17	19	19	14	

28	20	20	19	22	

23	16	24	23	26	

28	30	22	22	21	

16	12	24	12	24	

30	24	14	12	16	

24	30	25	25	19	

22	22	13	10	14	

25	10	23	22	25	

21	10	14	11	19	

25	30	27	10	27	

20	14	14	12	28	

15	13	27	10	27	

18	15	20	18	30	

24	14	29	16	16	

23	28	20	24	26	

28	11	19	23	17	

12	24	28	24	12	

18	24	14	18	30	

22	27	20	30	18	

27	28	30	12	29	

11	18	13	23	21	

15	14	17	18	15	

29	20	14	24	10	

23	23	21	20	13	

28	30	20	30	27	

23	12	24	27	21	

29	16	21	28	25	

10	12	11	29	16	

23	13	22	24	14	

27	24	12	25	30	

23	29	11	16	12	

15	29	26	12	28	

21	15	11	19	19	

30	14	18	29	15	

29	20	10	21	19	

13	22	11	10	27	

11	22	19	27	22	

11	22	13	29	16	

28	27	18	25	20	

15	22	17	22	24	

25	24	16	17	22	

24	10	24	26	19	

12	10	11	26	16	

24	17	21	13	30	

29	20	17	11	29	

22	15	28	10	23	

18	20	14	15	27	

19	27	14	15	25	

20	30	18	21	17	

19	28	23	23	20	

27	30	19	16	16	

10	27	14	18	19	

30	15	18	13	25	

22	20	27	10	11	

20	23	20	27	13	

14	10	30	21	18	

19	17	28	18	13	

17	26	25	23	12	

22	26	16	30	22	

14	25	11	17	21	

27	22	28	17	20	

14	25	25	20	20	

26	13	20	24	11	

14	14	15	16	19	

16	18	12	22	20	

18	29	10	16	14	

24	16	17	15	16	

16	23	16	16	23	

16	11	22	12	19	

13	14	28	24	25	

13	24	15	10	23	

13	10	26	15	20	

28	18	15	28	29	

21	13	22	19	25	

27	17	21	14	27	

26	17	24	22	28	

27	20	16	12	11	

20	29	21	27	22	

21	11	29	27	22	

15	26	30	15	18	

23	30	23	18	21	

14	23	17	24	24	

13	28	14	27	28	

10	14	11	27	20	

29	26	12	16	19	

10	18	19	26	10	

14	12	14	29	12	

10	19	28	10	21	

27	18	27	26	24	

25	28	27	29	29	

28	17	19	28	19	

14	11	14	10	13	

12	11	18	23	10	

13	12	23	16	22	

12	14	29	25	19	

19	15	21	26	22	

29	27	22	27	21	

28	30	23	28	21	

27	23	26	25	18	

27	16	22	27	15	

13	14	26	11	17	

20	29	25	13	10	

18	18	13	29	28	

17	18	24	11	30	

11	17	29	29	10	

24	17	30	22	24	

25	23	25	14	22	

28	17	10	27	17	

27	30	20	22	26	

17	27	29	23	25	

13	22	29	15	15	

11	18	12	10	13	

29	22	27	27	25	

28	16	23	27	16	

29	27	18	26	19	

23	14	25	29	29	

21	22	21	24	28	

28	23	16	17	29	

19	30	16	15	15	

18	30	12	18	24	

29	23	24	11	15	

17	25	10	11	10	

19	18	24	25	10	

15	20	13	24	28	

22	27	25	23	18	

26	30	26	26	21	

27	14	18	18	15	

10	20	24	21	27	

16	17	14	13	22	

13	24	19	15	28	

19	16	13	12	21	

26	26	12	30	28	

13	20	21	16	12	

20	15	15	26	20	

15	22	27	18	26	

22	27	11	26	25	

30	14	13	18	20	

28	29	11	15	13	

27	14	17	22	23	

17	24	27	20	20	

15	15	21	11	26	

16	18	11	18	22	

28	30	15	17	10	

17	27	17	18	27	

17	17	29	30	12	

14	20	25	19	29	

29	15	17	27	22	

11	18	15	12	27	

28	29	27	23	26	

18	18	10	15	17	

25	15	12	17	12	

25	15	20	18	30	

19	12	15	28	14	

25	10	17	30	21	

10	17	25	12	13	

24	26	13	29	15	

13	28	13	16	16	

25	23	14	24	11	

16	10	23	14	22	

30	18	14	29	27	

15	23	22	14	23	

26	20	13	23	29	

15	11	24	11	19	

29	25	11	27	21	

29	10	10	25	12	

10	15	21	19	12	

11	20	30	20	15	

10	12	11	24	14	

12	24	27	24	22	

24	27	20	13	30	

29	17	14	13	28	

24	29	30	20	10	

28	24	30	18	20	

28	22	27	30	18	

30	10	22	17	15	

23	20	25	25	28	

19	28	19	19	18	

15	13	10	16	19	

18	30	19	30	25	

11	26	27	10	10	

22	30	23	11	15	

20	19	19	17	30	

18	27	28	24	19	

24	21	14	17	27	

10	23	22	14	17	

28	13	21	11	21	

14	18	27	16	25	

22	21	24	28	23	

30	13	11	24	18	

27	22	30	19	12	

14	26	11	16	28	

25	20	16	10	15	

18	28	10	25	12	

21	13	11	24	20	

20	12	19	29	23	

30	14	24	22	11	

15	30	22	23	21	

10	30	23	20	27	

20	23	30	15	21	

18	10	30	10	16	

13	15	23	28	19	

17	15	17	20	29	

24	18	11	25	25	

28	13	26	29	23	

28	29	20	20	19	

28	14	17	13	20	

19	20	13	25	18	

20	28	21	19	15	

25	27	27	23	19	

27	27	21	16	23	

11	11	30	13	12	

20	25	12	27	30	

27	15	26	23	18	

22	19	15	29	27	

28	10	20	26	23	

21	27	27	11	18	

23	19	22	19	30	

20	12	15	15	15	

21	18	15	24	13	

11	19	29	10	25	

25	27	26	29	27	

26	30	27	25	29	

28	14	10	27	24	

22	21	30	30	25	

27	20	28	26	13	

25	19	19	21	16	

20	27	22	30	21	

26	26	15	30	20	

21	29	22	24	29	

24	26	28	16	25	

12	24	20	21	22	

13	22	30	14	28	

19	24	19	24	11	

21	15	10	18	26	

28	10	20	10	10	

25	17	30	15	24	

23	23	27	19	18	

21	30	18	24	15	

27	25	23	23	10	

10	23	29	12	25	

30	15	25	30	23	

25	11	13	20	28	

17	20	16	19	22	

24	22	12	18	18	

12	21	13	17	10	

15	20	14	16	14	

26	26	13	22	20	

13	20	14	27	15	

14	11	26	23	22	

19	19	15	17	21	

10	20	15	14	26	

29	30	19	22	24	

26	20	27	16	27	

13	24	18	30	22	

14	12	11	16	30	

10	27	24	18	17	

18	30	26	21	20	

20	17	16	12	25	

14	24	21	19	26	

24	12	28	15	30	

14	12	21	19	25	

30	17	16	14	20	

17	11	21	17	27	

26	25	23	12	22	

20	29	23	24	10	

13	30	19	20	10	

27	12	27	21	24	

23	15	17	16	12	

18	29	23	24	30	

12	30	25	29	24	

10	14	18	23	21	

12	19	10	19	22	

21	27	30	17	21	

11	23	25	17	26	

18	13	12	10	25	

30	27	13	19	16	

11	28	30	12	21	

16	10	17	12	10	

21	26	20	19	10	

25	28	14	14	17	

22	19	16	24	30	

27	21	11	14	22	

24	27	14	16	26	

30	14	30	21	18	

13	21	15	16	15	

30	13	19	13	20	

28	22	15	13	16	

18	11	14	13	18	

18	11	17	17	28	

14	14	24	11	30	

25	30	29	11	16	

15	19	18	10	25	

23	16	13	22	18	

23	29	28	29	27	

16	28	28	15	17	

29	11	19	12	27	

15	22	19	24	25	

20	27	19	30	12	

15	29	15	16	12	

29	16	28	17	14	

14	30	30	17	19	

11	11	18	24	29	

28	28	13	26	21	

27	19	13	16	30	

27	17	26	20	27	

28	20	15	27	26	

21	13	24	22	17	

17	23	10	25	18	

14	17	20	19	10	

22	10	20	21	23	

22	21	13	11	11	

16	11	12	27	16	

21	26	15	23	22	

18	11	23	26	19	

16	30	19	30	28	

17	17	20	18	17	

29	18	30	18	19	

15	13	24	20	29	

25	11	20	12	12	

28	26	17	15	18	

22	26	15	11	12	

24	10	11	24	24	

13	15	24	14	27	

21	20	10	15	17	

16	15	22	16	15	

13	24	27	27	29	

22	25	29	23	13	

24	13	26	15	12	

14	10	24	29	23	

27	23	25	24	13	

27	24	17	15	23	

29	27	11	27	21	

17	12	19	13	11	

30	26	20	14	25	

28	24	19	17	20	

29	29	20	26	14	

13	25	24	15	28	

29	28	20	14	17	

20	21	26	13	17	

24	12	22	30	15	

16	15	28	10	22	

19	20	11	10	10	

13	23	21	15	30	

16	19	12	19	27	

15	10	10	26	11	

17	12	14	22	13	

26	10	26	16	13	

22	28	21	30	11	

30	22	17	16	20	

26	30	29	13	16	

22	30	22	12	15	

13	25	20	25	22	

27	13	23	16	28	

11	22	14	11	20	

23	16	18	12	28	

12	28	17	24	18	

28	18	15	24	20	

16	18	25	11	19	

29	13	20	19	26	

14	30	11	20	10	

22	29	10	12	16	

29	14	28	26	17	

23	18	14	16	23	

28	10	25	17	11	

20	28	14	10	18	

23	22	17	20	16	

24	12	22	10	25	

25	10	24	24	12	

19	10	18	18	25	

29	22	16	16	21	

12	18	14	24	28	

11	17	16	24	27	

15	16	18	21	21	

17	26	12	27	13	

18	28	18	21	29	

12	30	17	13	21	

27	12	28	26	13	

19	24	12	25	22	

12	21	25	12	15	

13	13	16	15	27	

16	26	21	30	10	

12	12	30	18	20	

17	20	12	26	10	

15	12	25	18	24	

23	12	26	19	29	

13	29	28	24	29	

23	30	29	12	23	

10	16	30	15	29	

28	28	17	20	26	

19	13	12	15	18	

13	17	18	28	11	

26	16	13	10	29	

18	10	16	15	15	

18	14	23	21	12	

28	29	11	30	13	

24	14	25	13	11	

15	21	11	24	10	

10	17	20	20	12	

23	10	19	13	11	

14	29	28	16	30	

28	17	28	28	13	

28	27	15	11	25	

16	17	17	19	14	

22	23	24	21	18	

23	10	23	18	20	

15	25	12	23	18	

12	23	15	28	19	

22	24	29	20	17	

28	17	20	12	27	

14	12	24	13	22	

27	17	22	14	10	

14	20	22	16	12	

26	14	25	17	15	

28	17	14	22	16	

29	25	15	20	25	

25	12	13	19	26	

27	16	11	20	12	

19	19	26	29	14	

12	27	17	10	24	

16	18	22	17	19	

17	22	28	14	14	

29	30	16	11	12	

18	11	29	13	20	

17	27	27	10	29	

10	11	14	21	28	

10	16	16	21	29	

12	23	17	18	10	

14	10	21	22	29	

20	26	27	28	17	

29	27	16	30	17	

21	22	12	11	29	

27	16	25	20	20	

24	18	27	30	16	

27	26	22	10	29	

16	15	26	23	16	

27	12	20	29	22	

30	10	24	21	30	

19	21	24	27	24	

29	17	30	18	27	

26	21	10	22	22	

22	21	22	29	16	

14	27	15	27	27	

23	19	26	28	28	

11	14	19	17	15	

30	19	24	11	11	

13	28	11	28	10	

13	29	14	24	22	

11	16	13	11	11	

24	16	15	22	25	

29	12	20	18	30	

16	11	14	28	25	

24	25	15	12	15	

10	28	29	16	14	

26	21	25	27	25	

19	27	19	16	23	

13	15	14	21	11	

14	24	14	19	10	

10	20	17	22	24	

18	26	12	10	12	

28	18	15	28	30	

13	17	27	14	18	

17	15	27	16	25	

21	10	30	10	15	

17	27	20	26	29	

26	19	24	18	26	

10	28	24	24	11	

17	30	17	19	30	

25	15	25	18	16	

13	27	26	20	15	

10	25	20	28	29	

29	27	15	30	23	

28	18	25	29	18	

28	18	18	18	23	

10	12	30	17	14	

29	11	20	25	23	

14	26	21	28	23	

21	28	20	28	14	

12	26	27	25	17	

17	25	11	23	29	

16	16	10	11	23	

24	10	11	14	19	

20	17	18	25	29	

21	18	28	29	12	

14	26	24	12	27	

12	28	19	22	23	

11	21	28	15	29	

22	14	26	26	25	

21	30	24	17	27	

12	11	17	25	11	

17	18	16	10	27	

12	13	13	13	27	

25	30	12	28	23	

26	12	27	28	21	

12	24	22	21	19	

11	22	13	11	11	

15	20	13	29	16	

23	19	17	17	13	

24	27	12	23	22	

25	11	12	23	16	

19	20	12	12	24	

24	22	21	20	16	

23	18	10	30	18	

10	13	28	29	15	

29	19	10	28	27	

10	16	14	19	12	

19	16	21	30	26	

19	14	15	12	22	

24	15	28	28	10	

22	13	30	21	23	

30	11	21	25	22	

21	13	20	28	15	

12	24	22	11	20	

25	26	15	14	22	

19	21	20	12	15	

24	21	28	21	14	

14	29	29	15	10	

10	13	17	21	23	

25	20	12	11	24	

20	19	23	11	21	

17	19	15	29	29	

15	15	25	19	23	

30	30	16	10	12	

14	13	24	21	18	

27	14	26	17	13	

20	13	28	19	29	

27	12	23	29	23	

28	21	15	13	24	

17	22	15	29	17	

18	12	26	18	26	

15	26	14	24	24	

29	21	27	10	21	

16	15	19	22	12	

23	21	30	20	16	

18	26	12	28	19	

25	20	16	15	15	

28	13	11	29	17	

28	26	24	13	23	

12	23	17	23	30	

20	10	24	29	21	

27	12	27	21	15	

27	13	24	12	11	

11	13	22	23	14	

18	17	22	11	29	

30	28	23	24	30	

26	26	28	22	16	

19	17	22	10	29	

23	17	27	30	26	

23	11	20	18	30	

14	10	15	13	23	

11	25	18	26	18	

24	25	15	13	18	

27	11	24	16	12	

13	20	12	17	12	

10	12	27	12	11	

28	14	29	11	18	

15	13	17	19	13	

21	26	13	14	21	

14	29	21	19	19	

10	20	28	17	27	

21	19	17	13	13	

17	22	16	15	18	

21	14	11	24	15	

27	27	16	16	11	

25	19	18	19	29	

19	10	14	20	17	

19	10	20	24	14	

21	28	11	17	15	

15	20	11	13	24	

19	15	29	21	14	

19	15	30	22	12	

24	27	27	15	21	

28	26	19	21	13	

29	27	28	13	15	

11	10	18	30	26	

16	19	26	22	19	

13	25	20	19	18	

12	25	11	20	15	

11	27	14	19	24	

11	10	16	20	14	

11	18	18	12	29	

19	26	24	28	13	

18	20	15	26	28	

17	20	26	22	18	

21	25	11	22	30	

25	28	27	30	28	

15	20	24	17	15	

23	30	12	16	13	

11	30	20	11	29	

27	20	11	30	26	

17	22	15	14	27	

23	27	26	20	21	

14	26	12	23	10	

26	25	11	26	23	

10	27	20	23	25	

22	16	30	14	13	

13	25	20	27	11	

27	27	27	11	28	

11	19	26	27	23	

25	18	13	30	24	

15	14	23	15	10	

28	12	24	19	24	

13	19	12	23	29	

16	15	27	20	15	

23	13	24	13	29	

17	28	13	22	30	

15	22	11	14	30	

24	10	15	30	29	

22	20	22	17	28	

13	21	16	18	28	

17	12	18	14	14	

18	14	30	20	25	

19	27	27	28	24	

20	16	12	10	19	

25	13	11	29	24	

30	28	22	16	15	

12	25	20	11	16	

28	13	30	16	19	

27	10	13	15	21	

25	14	10	23	12	

14	17	17	30	25	

30	30	19	15	13	

12	19	20	29	20	

24	26	17	26	15	

14	20	21	16	13	

19	24	29	28	17	

29	11	24	18	16	

14	24	17	30	24	

18	10	27	13	20	

24	21	15	30	28	

22	19	24	25	11	

18	24	14	19	22	

21	17	27	19	19	

19	12	23	16	13	

28	16	14	11	10	

22	17	26	21	17	

13	17	29	27	17	

23	13	23	12	27	

18	21	23	16	13	

23	16	20	13	27	

13	14	14	13	27	

28	19	27	19	14	

12	16	18	24	20	

15	28	26	11	25	

17	27	17	14	13	

18	17	28	10	22	

23	10	22	17	16	

11	22	16	11	24	

26	14	19	11	12	

30	20	26	14	29	

18	12	28	15	28	

27	10	15	25	11	

17	14	27	18	30	

11	25	19	12	17	

13	24	21	23	13	

27	28	14	30	24	

28	10	11	19	18	

30	12	21	13	15	

11	23	22	23	30	

23	14	25	19	14	

22	12	22	12	14	

14	16	25	19	15	

20	20	26	13	17	

22	21	15	28	21	

12	12	16	23	15	

11	16	30	28	15	

28	30	11	18	13	

13	16	24	26	23	

15	27	21	14	29	

25	27	30	30	10	

23	26	10	18	25	

16	15	11	16	12	

18	27	20	20	11	

12	22	24	15	18	

19	10	16	23	12	

14	17	19	16	17	

22	30	29	29	29	

18	21	23	28	23	

12	22	12	18	25	

15	20	20	18	14	

27	13	16	28	12	

26	24	25	29	15	

18	14	23	28	20	

28	13	15	30	30	

10	11	27	11	26	

10	13	19	29	17	

21	20	20	16	23	

17	29	24	15	22	

21	19	27	14	10	

25	13	12	16	16	

30	12	18	11	17	

15	29	20	16	14	

26	29	14	28	20	

16	21	13	15	30	

17	25	24	22	30	

27	15	27	28	27	

20	17	20	15	16	

15	18	11	14	12	

19	17	16	16	20	

13	23	10	25	28	

12	27	15	23	12	

23	25	16	21	30	

29	11	18	20	28	

23	24	21	16	29	

17	18	27	13	30	

18	30	18	17	26	

23	15	30	14	26	

25	13	20	24	15	

20	12	16	12	20	

17	13	11	30	19	

25	13	22	26	21	

23	18	10	16	21	

12	30	22	20	15	

22	13	20	26	11	

26	30	19	10	21	

12	10	20	29	21	

18	18	18	13	13	

16	18	28	25	25	

11	30	15	30	10	

30	27	29	29	21	

13	24	21	26	18	

20	25	22	19	11	

21	20	15	16	23	

23	10	13	30	30	

30	27	16	16	13	

26	28	13	26	17	

22	27	24	16	12	

29	27	27	27	18	

26	26	13	23	25	

13	28	13	26	26	

25	29	11	23	12	

27	18	13	13	28	

22	24	29	26	24	

20	12	11	23	10	

12	15	20	19	11	

10	22	18	13	15	

23	28	14	23	10	

23	10	10	22	28	

13	25	26	15	21	

11	22	19	17	29	

18	27	28	30	23	

25	16	13	29	13	

24	10	18	25	13	

28	17	16	22	21	

29	10	12	15	17	

26	25	21	27	23	

20	22	11	11	25	

21	16	30	13	19	

19	22	22	25	24	

28	20	15	24	17	

22	24	11	25	19	

20	24	26	10	25	

11	10	26	13	26	

10	12	13	14	25	

12	30	14	28	25	

30	11	19	22	25	

19	15	20	14	17	

10	28	12	12	19	

15	26	25	28	17	

12	30	30	18	28	

21	29	15	11	26	

21	20	20	20	24	

26	25	16	27	28	

11	27	21	17	20	

12	20	28	11	26	

19	10	15	19	14	

21	23	10	20	22	

30	28	25	23	15	

16	15	23	22	16	

17	20	12	23	23	

25	12	19	27	12	

16	14	11	12	10	

27	28	24	13	16	

13	15	17	20	12	

28	21	28	15	27	

17	16	17	19	10	

12	24	26	12	21	

14	22	18	19	27	

19	22	21	25	18	

12	21	16	18	11	

11	15	28	11	16	

12	11	24	15	20	

10	30	22	28	23	

20	16	23	12	29	

27	18	26	21	16	

18	28	25	14	14	

24	25	21	11	20	

14	19	23	28	20	

29	19	21	24	22	

19	24	24	18	23	

18	14	18	29	16	

22	14	14	18	14	

11	23	29	17	16	

11	11	18	15	15	

22	14	15	10	11	

19	11	14	21	23	

17	20	11	27	15	

25	17	26	24	19	

10	30	13	26	28	

12	19	29	30	17	

25	25	28	10	30	

21	17	12	30	11	

22	30	30	13	21	

25	28	27	25	25	

29	19	16	24	28	

15	17	16	13	28	

21	16	18	10	20	

27	22	26	28	14	

23	11	19	25	13	

28	22	10	27	10	

19	30	26	18	22	

18	10	14	19	15	

18	20	26	30	20	

27	29	10	19	29	

12	10	24	25	22	

14	29	12	22	22	

21	18	23	11	28	

18	23	29	24	24	

13	30	11	21	11	

28	29	26	18	16	

26	27	26	12	10	

22	19	19	17	11	

29	17	25	22	26	

30	29	27	30	14	

12	15	29	28	28	

27	22	23	12	21	

17	22	30	13	19	

13	25	22	11	21	

25	28	23	24	11	

22	28	15	24	29	

13	18	23	21	25	

23	30	19	11	20	

22	21	16	23	24	

23	10	28	11	13	

20	10	24	11	11	

22	27	30	18	14	

30	21	10	10	22	

23	20	10	28	30	

13	29	17	16	19	

28	27	26	23	14	

20	10	18	28	25	

11	13	30	20	24	

26	24	20	24	18	

12	30	28	12	28	

23	10	21	30	20	

26	17	12	16	11	

26	23	10	27	20	

22	27	21	28	30	

10	23	21	25	26	

19	18	13	25	24	

11	17	29	15	12	

13	20	12	30	26	

12	21	18	10	28	

22	13	17	10	24	

13	17	27	23	23	

24	23	27	26	16	

20	25	13	20	21	

30	14	27	14	11	

13	14	23	26	29	

16	26	18	25	26	

26	16	18	13	11	

10	18	10	26	25	

26	26	20	24	20	

27	23	23	18	22	

25	20	26	23	27	

10	17	20	16	26	

26	17	11	10	20	

25	13	13	13	27	

11	10	26	27	30	

25	29	28	11	12	

24	25	15	27	17	

23	19	13	13	10	

21	15	13	11	30	

25	14	19	19	19	

27	12	18	26	19	

10	20	22	23	28	

18	28	13	18	23	

22	25	12	26	27	

23	16	20	30	21	

30	13	29	10	27	

14	23	21	15	22	

30	21	16	14	14	

14	12	26	23	21	

18	21	11	15	29	

16	14	25	17	19	

18	26	12	29	17	

21	24	13	18	28	

19	17	24	20	17	

21	20	25	20	25	

30	10	14	25	11	

15	15	14	10	23	

29	28	27	21	24	

23	29	18	13	25	

24	25	28	15	13	

13	11	19	11	19	

30	19	19	25	29	

18	12	25	23	17	

10	21	29	25	30	

17	12	21	14	18	

11	10	14	18	29	

21	13	15	29	25	

20	12	19	15	23	

10	25	28	18	13	

27	12	10	27	19	

18	21	20	24	18	

15	13	28	11	25	

12	13	10	18	18	

10	30	27	18	15	

20	30	10	14	24	

10	10	24	13	24	

19	24	18	18	28	

27	17	13	11	21	

14	18	20	27	15	

28	15	13	19	21	

29	22	22	19	14	

17	26	25	25	11	

23	21	21	27	10	

21	21	14	13	20	

27	14	27	16	19	

26	11	18	10	22	

18	11	14	21	10	

18	22	26	10	18	

30	18	12	16	16	

11	16	30	29	30	

24	11	12	19	26	

11	25	13	17	25	

27	25	17	22	29	

30	18	24	21	14	

17	15	23	19	28	

14	14	15	16	15	

20	22	29	27	29	

27	24	27	13	17	

22	20	14	13	23	

29	17	19	18	21	

17	19	28	16	22	

25	12	19	17	12	

25	25	16	27	30	

27	25	20	14	14	

27	27	29	24	29	

19	21	13	14	18	

14	22	10	10	12	

24	24	15	24	11	

12	13	15	16	15	

15	16	17	24	17	

17	24	21	15	12	

16	29	30	24	13	

27	22	23	15	11	

20	22	21	27	13	

18	15	14	21	23	

15	26	13	19	30	

20	15	29	12	10	

11	10	18	22	10	

29	15	16	22	14	

12	15	24	28	30	

24	18	23	23	27	

25	13	10	26	20	

28	13	27	30	15	

20	25	20	12	21	

27	29	17	22	17	

22	25	11	16	11	

19	18	29	17	26	

17	14	29	28	12	

13	22	10	18	22	

23	29	12	22	11	

23	16	16	11	13	

