223	2


2187
2191


92
70
97
89
62
57
94
79
85
57
64
68
81
74
60
84
76
65
79
52
83
100
62
68
60
77
68
77
99
73
80
65
77
81
58
55
91
82
75
70
51
89
96
81
74
56
84
84
66
56
99
90
100
83
50
72
69
98
69
59
86
70
55
66
96
72
81
69
98
64
84
99
52
87
58
55
75
99
98
60
78
90
54
53
75
60
52
90
87
79
98
64
54
67
84
80
74
64
89
74
60
100
73
59
52
54
68
75
58
53
71
60
55
83
57
93
100
67
87
64
82
56
68
93
56
62
57
95
55
89
86
73
59
75
57
55
61
69
70
56
90
99
69
75
52
52
86
67
55
86
60
95
59
87
51
79
97
75
68
94
53
86
97
70
60
85
99
68
87
92
92
51
93
68
93
83
88
80
71
95
52
89
84
100
84
94
74
51
65
65
88
56
68
60
88
90
55
51
50
73
96
77
72
67
92
89
98
60
96
97
87
72
89
99
81
91
79
85
79
78
54
51
98


21	18	

19	13	

30	14	

26	23	

11	20	

26	18	

20	18	

20	27	

21	23	

12	13	

19	30	

27	15	

26	12	

13	28	

12	24	

12	17	

15	25	

13	24	

12	23	

18	12	

24	27	

19	29	

25	14	

15	27	

18	21	

11	18	

25	23	

26	10	

15	23	

28	21	

27	20	

14	29	

16	30	

23	13	

29	12	

26	30	

30	10	

12	30	

12	12	

14	30	

23	22	

15	15	

21	30	

12	23	

28	17	

27	18	

26	30	

10	16	

20	27	

27	22	

24	30	

18	12	

27	17	

10	27	

17	20	

12	30	

13	18	

26	29	

17	10	

25	16	

22	20	

21	11	

24	10	

12	13	

26	23	

26	30	

18	12	

22	28	

18	21	

21	10	

15	19	

23	28	

19	24	

26	29	

18	21	

17	10	

13	26	

10	26	

12	16	

11	25	

22	24	

29	14	

18	28	

17	27	

10	25	

14	26	

21	21	

21	23	

15	27	

23	11	

29	30	

12	19	

28	18	

19	12	

13	16	

12	21	

11	12	

20	18	

18	18	

28	28	

21	17	

30	10	

23	13	

29	26	

10	18	

11	22	

16	30	

25	22	

19	22	

29	10	

17	12	

21	15	

12	13	

18	22	

11	24	

25	15	

29	11	

19	29	

10	10	

27	26	

23	12	

22	25	

19	23	

19	13	

28	16	

16	27	

14	29	

12	19	

13	25	

30	23	

13	10	

24	12	

25	19	

15	13	

15	13	

17	26	

21	28	

14	17	

11	11	

24	13	

23	21	

19	28	

11	22	

12	10	

23	12	

29	21	

21	28	

22	18	

20	18	

11	12	

12	26	

22	11	

29	29	

15	12	

10	30	

14	17	

18	20	

17	12	

10	22	

27	16	

24	14	

24	28	

16	17	

10	27	

17	25	

12	10	

26	11	

30	30	

27	15	

11	17	

30	30	

28	27	

14	22	

22	17	

19	17	

10	10	

18	13	

27	18	

15	22	

13	18	

28	19	

30	20	

18	28	

13	14	

20	19	

15	10	

29	19	

27	11	

12	10	

27	17	

18	19	

19	28	

24	15	

30	16	

25	28	

22	10	

24	20	

29	29	

22	24	

19	28	

28	11	

27	26	

10	20	

13	10	

12	20	

13	14	

26	12	

15	12	

28	25	

21	20	

11	20	

12	19	

18	21	

20	17	

21	29	

18	11	

13	17	

26	13	

26	20	

29	14	

30	28	

13	12	

25	18	

