267	4


2736
2748
2726
2716


74
93
97
87
58
65
70
72
69
94
97
76
54
74
85
64
77
95
67
77
79
53
97
69
80
98
65
93
86
64
51
70
88
84
89
85
86
84
57
74
70
56
64
59
66
62
86
98
57
77
56
66
86
72
62
76
62
65
90
55
61
54
85
72
94
52
68
86
95
62
59
58
86
54
69
67
82
61
51
97
84
97
78
85
54
91
60
61
76
93
83
98
82
63
83
54
64
64
92
98
99
82
84
99
92
90
100
78
78
95
89
92
79
63
89
57
67
50
85
52
71
87
96
91
69
76
80
69
100
68
77
81
54
78
80
95
51
65
58
87
82
89
79
65
73
98
92
56
86
78
99
95
93
54
52
75
93
92
94
81
50
55
82
82
78
70
91
57
51
76
60
62
97
86
76
51
86
57
67
62
80
69
69
71
74
64
87
53
88
70
71
71
94
56
91
75
86
92
58
87
75
74
52
63
95
100
99
68
50
69
91
52
62
93
92
85
87
80
91
60
92
100
59
76
69
88
56
71
53
66
94
93
60
66
82
75
81
63
50
76
73
76
64
88
95
77
57
90
93
85
55
75
91
53
77
71
90
61
98
72
95
81
76
91
83
56
58


26	15	14	20	

24	28	23	26	

17	10	10	29	

10	11	23	20	

13	28	25	11	

30	15	22	14	

20	20	14	26	

28	30	17	28	

26	14	27	21	

21	13	12	13	

28	18	27	24	

25	26	18	17	

23	19	16	19	

21	18	12	20	

23	11	16	30	

14	22	26	25	

27	27	19	12	

20	19	23	13	

27	25	16	20	

24	21	13	21	

10	30	28	27	

25	21	17	29	

19	10	15	28	

10	29	16	18	

25	19	14	12	

30	23	21	22	

19	27	23	18	

17	30	10	30	

29	18	25	20	

29	30	20	12	

27	11	21	22	

24	17	24	14	

11	20	22	14	

28	13	14	24	

16	20	29	20	

24	29	29	12	

22	17	18	17	

26	22	18	11	

13	18	19	25	

24	27	20	28	

12	29	12	15	

10	17	14	13	

22	28	11	25	

23	27	22	29	

14	25	22	22	

11	27	28	21	

15	14	15	18	

24	16	23	18	

28	26	10	21	

14	30	10	12	

13	21	11	17	

26	26	12	10	

22	18	14	27	

28	27	20	18	

29	18	25	11	

28	30	19	23	

21	29	23	30	

26	24	29	25	

18	19	17	17	

18	28	10	12	

16	10	12	18	

12	25	30	16	

12	22	26	26	

17	12	16	15	

28	20	30	15	

24	11	19	28	

26	15	11	29	

10	14	20	27	

21	28	12	13	

15	29	11	22	

24	22	17	13	

29	22	16	16	

18	23	29	16	

11	26	25	18	

25	28	17	19	

30	19	24	29	

27	20	25	24	

24	18	11	14	

13	10	28	16	

13	23	20	16	

28	28	30	25	

27	21	11	19	

17	13	27	29	

23	14	29	17	

19	15	30	24	

23	20	22	27	

27	25	28	30	

10	20	17	18	

14	15	17	11	

17	27	17	29	

14	27	23	21	

27	15	25	22	

16	25	15	24	

30	19	13	14	

30	24	17	30	

27	23	27	13	

16	29	12	22	

11	15	21	13	

29	17	26	23	

20	20	29	23	

15	15	26	16	

20	21	23	12	

13	11	10	26	

22	30	21	14	

16	12	29	11	

26	15	20	15	

19	10	30	27	

15	27	18	14	

29	26	17	27	

10	29	23	11	

20	27	28	18	

18	21	20	27	

20	22	20	17	

23	10	10	12	

14	19	30	28	

17	12	22	30	

22	23	22	23	

18	28	25	26	

21	12	11	13	

26	16	29	27	

16	12	12	21	

27	12	28	23	

11	17	17	25	

23	29	15	10	

17	13	14	18	

14	18	11	14	

15	15	30	21	

21	17	30	19	

26	12	21	18	

18	22	26	29	

27	20	10	22	

25	18	18	29	

30	12	13	18	

13	23	23	17	

24	17	26	25	

11	22	15	17	

13	18	22	30	

16	20	22	15	

16	14	16	21	

25	16	25	11	

18	27	30	16	

18	10	17	18	

27	18	20	22	

29	20	19	29	

18	24	27	19	

11	23	15	19	

24	16	28	14	

11	29	27	10	

25	12	24	17	

10	22	22	20	

10	20	12	21	

23	23	26	10	

24	18	10	22	

19	29	23	27	

21	13	22	22	

29	27	28	21	

12	29	11	14	

29	20	10	21	

27	28	23	30	

28	28	27	23	

17	12	23	29	

25	24	25	12	

14	11	14	23	

19	12	18	23	

26	23	26	22	

15	25	17	15	

17	15	23	30	

25	18	13	16	

18	10	23	21	

23	18	30	29	

14	13	24	29	

21	11	25	17	

29	13	30	22	

28	18	29	11	

24	15	12	27	

19	26	14	21	

27	23	12	27	

30	14	12	24	

10	26	16	24	

22	18	22	23	

24	24	15	14	

28	28	24	12	

23	15	16	22	

22	26	26	23	

12	30	11	29	

21	24	14	23	

14	12	20	16	

20	19	14	25	

22	30	27	18	

27	24	26	30	

14	29	10	12	

14	25	21	12	

25	20	18	19	

30	21	24	23	

26	29	17	30	

18	27	17	22	

20	27	30	13	

18	18	13	13	

18	26	14	25	

16	30	26	24	

23	24	13	26	

16	12	19	24	

16	23	25	26	

15	26	18	29	

26	29	22	28	

30	22	29	24	

24	19	19	13	

26	28	18	29	

30	24	18	22	

12	10	17	10	

21	15	25	30	

13	11	30	29	

18	24	26	10	

19	29	19	21	

25	30	13	12	

27	16	28	10	

20	16	16	15	

15	17	27	16	

22	19	24	18	

26	14	26	11	

19	19	21	30	

25	27	13	15	

11	28	22	16	

10	26	18	16	

27	27	15	14	

23	12	27	21	

19	30	27	20	

30	21	24	16	

29	19	25	29	

12	29	22	22	

18	21	19	26	

28	18	22	29	

28	17	23	10	

18	18	17	24	

13	14	23	18	

24	15	29	15	

13	23	25	19	

20	10	24	25	

16	13	30	26	

16	18	28	18	

11	16	21	16	

12	21	15	12	

22	24	23	28	

13	27	27	27	

21	25	18	20	

21	12	27	13	

11	19	26	14	

13	24	18	17	

26	22	10	16	

10	19	28	30	

24	17	26	24	

27	13	15	21	

19	29	24	30	

29	16	19	26	

10	25	24	26	

13	19	12	24	

17	10	18	26	

25	12	11	15	

28	30	11	18	

23	29	20	19	

17	27	15	13	

26	17	28	27	

26	18	26	14	

13	29	28	12	

29	25	29	17	

21	29	20	27	

26	22	29	26	

