762	11


7507
7470
7590
7596
7632
7753
7631
7494
7749
7597
7579


81
62
64
83
83
60
94
77
86
60
65
65
99
60
67
81
95
74
59
90
67
64
88
59
70
73
70
85
76
52
72
60
69
80
96
93
73
94
86
86
92
72
72
56
75
90
53
60
73
76
73
97
53
84
70
56
89
59
91
97
76
73
84
87
71
71
50
84
64
93
86
83
65
92
63
69
99
74
74
96
51
50
75
94
89
53
69
84
54
89
64
57
64
75
75
60
66
54
91
60
90
63
87
80
58
51
52
84
96
62
78
58
66
78
89
95
96
93
90
53
53
92
100
82
63
60
70
72
55
80
86
83
76
57
57
79
68
61
73
52
78
68
82
73
70
82
62
82
63
87
63
86
81
65
65
69
73
57
57
68
58
70
86
79
92
58
86
83
71
90
88
64
62
86
97
58
94
75
74
97
59
75
82
63
89
99
67
86
50
56
94
57
53
91
51
51
75
100
93
94
71
56
72
61
100
90
88
79
52
94
85
72
59
51
64
87
71
85
52
98
69
75
66
95
62
55
76
68
74
93
56
88
93
85
53
89
69
94
71
85
81
87
96
72
66
79
86
87
100
99
83
60
52
98
53
92
83
84
78
85
57
96
62
81
92
55
70
72
78
85
79
94
53
79
68
71
51
55
52
67
93
100
98
97
77
53
83
50
57
60
93
87
71
82
79
64
65
96
71
60
89
82
55
84
56
75
69
67
65
60
99
75
97
100
83
58
56
95
95
77
52
88
58
92
67
73
54
87
95
57
65
84
97
62
89
55
52
59
98
74
54
67
53
68
55
70
74
67
71
62
55
80
73
76
70
79
71
72
97
66
78
56
75
89
98
76
79
90
70
76
91
96
57
88
66
70
51
56
86
77
93
98
75
67
91
94
54
90
65
75
98
69
59
85
71
55
80
70
80
56
60
92
76
70
100
96
75
53
68
54
82
81
54
77
80
66
92
54
99
78
55
68
82
60
91
63
85
63
82
55
88
95
55
52
54
63
97
100
60
55
51
79
63
63
67
92
70
92
95
58
50
93
68
55
96
55
77
92
67
51
93
69
54
84
97
85
77
65
90
88
97
56
74
60
89
81
64
55
50
50
73
71
63
86
85
56
76
58
98
78
85
69
81
52
50
68
98
70
98
88
76
76
88
68
87
72
81
77
88
55
94
79
90
85
52
50
90
61
96
66
91
53
69
59
62
62
76
89
59
87
89
77
90
56
53
99
60
71
81
70
77
81
52
69
65
68
61
99
79
90
77
96
65
66
97
85
69
70
63
88
58
95
57
53
88
69
77
55
100
80
88
86
75
62
100
91
63
53
54
97
97
78
62
79
90
78
62
88
53
76
84
61
58
84
93
77
60
56
62
72
73
93
90
66
91
52
92
82
67
84
53
77
66
68
91
79
93
71
97
80
81
100
59
71
54
88
50
68
61
75
66
95
66
83
83
76
92
51
75
50
69
88
53
64
50
75
85
80
64
100
66
71
99
79
78
77
99
55
57
78
83
100
65
74
64
89
99
98
54
74
50
96
97
92
56
77
63
60
52
50
91
98
78
70
97
92
81
88
99
81
68
72
60
85
77
63
76
96
70
97
54
60
58
95
83
98
86
71
92
86
62
60
92
60
52
50
69
51
57
59
53
52
63
60
53
74
98
81
86
52
75
90
75
79
73
60
78
55
78
56
70
71
98
54
89
99
70
82
79
78
72
97
71
75
60
79
55
73
59
54
55
88


10	20	23	30	21	17	23	29	22	26	16	

10	11	19	17	10	27	11	15	20	15	27	

14	20	26	30	27	15	13	20	16	14	24	

24	16	10	21	25	20	20	21	28	11	30	

25	14	21	10	26	10	27	10	16	20	15	

16	26	22	18	27	20	25	15	28	28	12	

25	17	25	20	22	22	15	24	11	23	23	

20	14	19	16	17	26	10	10	28	30	16	

28	30	11	14	14	18	16	18	27	18	16	

18	23	20	29	18	14	18	18	19	22	26	

15	28	16	17	22	13	16	20	19	12	29	

28	18	23	21	13	23	15	20	11	24	28	

25	20	10	18	11	21	19	18	11	25	15	

24	30	24	19	20	27	24	24	23	17	21	

19	24	24	15	14	18	11	25	27	17	29	

11	26	23	15	25	30	20	13	14	17	30	

11	24	21	23	23	11	11	25	16	19	11	

12	27	16	30	29	10	17	14	21	17	22	

29	23	27	17	18	28	16	26	23	28	15	

11	22	11	12	18	10	23	13	24	10	15	

22	22	12	20	18	26	15	10	17	21	13	

11	19	17	23	29	26	23	18	16	27	29	

29	25	17	25	27	27	24	24	26	17	23	

10	11	14	14	30	18	26	29	29	19	14	

23	13	16	26	19	16	12	19	15	24	27	

29	21	15	18	23	21	27	25	15	13	20	

24	18	17	16	25	29	12	17	12	29	23	

26	11	22	10	25	19	10	30	16	17	30	

11	14	21	20	16	12	18	27	21	19	16	

30	20	26	10	18	26	27	24	13	26	25	

14	24	27	10	16	17	22	30	20	27	21	

13	20	13	14	15	23	18	28	15	23	25	

26	26	23	22	25	19	10	13	30	16	19	

13	15	25	16	27	28	14	28	21	29	27	

20	14	24	26	28	20	15	14	16	23	25	

20	10	23	12	21	21	17	14	24	12	21	

12	10	16	26	27	15	11	30	12	30	14	

20	28	11	29	19	24	24	10	13	29	22	

12	19	17	28	17	18	20	16	17	24	15	

26	26	22	19	30	17	16	26	14	23	23	

21	17	21	14	30	25	22	12	22	13	13	

26	12	28	17	27	30	13	19	25	20	12	

27	30	29	12	21	18	22	25	18	24	11	

28	20	29	26	26	21	12	10	10	28	18	

15	12	20	30	11	17	15	21	25	30	21	

17	20	10	15	19	29	12	25	12	15	28	

11	19	10	27	30	26	26	11	24	11	12	

16	15	30	14	15	28	16	23	16	28	22	

11	23	20	19	12	23	15	12	14	20	22	

14	16	20	10	24	19	30	21	11	18	24	

11	28	28	23	27	30	10	10	25	25	20	

15	14	19	25	16	20	27	15	19	23	22	

16	27	24	15	26	25	18	15	28	11	16	

17	11	10	11	30	10	23	14	16	30	17	

19	28	28	21	17	17	29	29	22	22	25	

21	25	17	27	21	20	23	20	17	19	14	

10	25	17	25	16	27	30	11	12	18	21	

25	30	25	10	22	20	26	17	19	10	11	

28	22	28	28	20	14	17	20	17	18	29	

14	18	17	28	21	14	30	12	19	15	25	

12	28	14	12	23	26	23	16	13	28	14	

11	16	25	15	14	11	26	30	16	30	18	

19	28	17	24	11	14	27	24	10	20	12	

27	12	25	28	26	25	11	21	19	17	19	

19	26	10	24	14	18	10	13	23	16	26	

21	21	19	17	17	12	13	30	26	11	21	

30	18	11	27	14	20	24	24	24	24	10	

12	15	10	28	22	24	18	19	25	11	28	

11	10	21	26	15	17	30	18	29	28	20	

29	12	12	19	23	12	14	12	18	10	16	

26	21	23	16	14	29	17	30	20	26	17	

12	14	27	21	12	11	17	22	18	15	21	

23	21	14	25	12	23	25	25	23	24	22	

30	24	24	27	21	26	17	23	25	25	10	

27	15	17	15	13	14	28	17	15	17	21	

30	26	17	21	28	20	24	16	18	14	26	

30	20	27	24	11	18	15	30	21	19	13	

10	26	14	19	27	19	18	29	18	12	23	

29	22	16	25	11	13	29	23	24	21	11	

30	13	13	12	23	19	22	20	18	11	15	

11	17	23	26	25	16	20	14	26	23	20	

25	26	22	10	28	22	11	18	23	24	30	

27	29	10	16	26	18	23	26	21	26	15	

27	25	18	18	10	26	13	26	22	10	15	

28	18	28	19	21	23	20	15	11	29	14	

24	20	12	25	22	17	30	25	11	10	27	

21	26	18	13	14	15	26	29	24	28	21	

20	19	25	22	16	23	12	21	27	15	26	

11	17	10	20	22	16	25	14	14	14	10	

17	29	30	25	28	27	13	18	29	30	27	

28	15	25	12	27	26	23	21	30	16	24	

20	16	25	23	20	10	21	17	30	24	22	

12	15	22	29	15	28	26	24	15	15	16	

19	17	16	22	16	24	22	22	22	30	30	

13	13	24	19	27	22	23	30	16	26	30	

12	12	26	19	10	13	22	17	26	21	11	

26	14	24	18	22	21	12	19	25	27	17	

11	11	19	25	22	12	19	10	28	29	18	

29	12	18	24	11	14	24	25	10	12	27	

16	19	23	20	19	25	17	18	17	27	16	

10	26	12	13	30	20	30	11	11	29	14	

12	29	22	10	16	18	23	28	12	14	26	

20	16	16	14	30	22	11	30	23	23	24	

12	10	27	17	21	14	29	13	30	28	20	

11	25	15	11	17	25	10	19	16	17	22	

28	20	16	11	20	28	13	24	24	23	10	

15	23	20	15	10	17	14	17	18	10	25	

19	28	12	24	13	28	23	11	21	13	29	

27	15	22	27	16	16	26	26	24	29	30	

23	29	13	10	21	15	18	18	16	19	14	

30	13	21	14	28	24	12	12	25	14	14	

11	30	26	29	23	24	25	18	27	14	23	

26	19	27	28	17	14	25	11	15	21	27	

29	10	27	22	18	25	12	28	20	26	16	

17	29	22	29	28	27	24	25	15	17	27	

11	13	25	10	29	22	12	28	22	17	30	

23	27	12	10	27	24	29	10	23	22	18	

24	16	14	22	11	18	17	11	23	30	14	

16	17	22	14	10	13	24	11	18	13	12	

19	14	19	27	27	16	10	19	28	15	25	

18	13	30	28	13	23	15	11	15	21	25	

26	10	13	22	24	17	24	12	22	15	26	

22	20	18	10	27	28	13	27	13	29	28	

16	22	21	21	22	28	29	22	20	29	20	

28	12	11	15	13	19	11	15	10	28	21	

12	20	23	15	21	12	19	17	21	26	11	

13	28	15	24	22	30	27	10	18	26	17	

23	24	17	21	11	16	27	29	16	15	24	

10	22	23	24	25	28	11	16	16	27	13	

14	13	27	29	17	19	18	15	27	26	28	

20	25	27	25	21	23	24	10	28	24	13	

23	26	29	12	29	28	10	25	17	11	29	

20	17	19	25	28	29	29	22	30	24	15	

23	10	13	15	27	24	28	27	15	20	20	

18	28	17	14	19	24	14	20	26	20	21	

21	26	10	16	15	20	25	29	18	10	13	

29	17	11	20	27	12	24	16	24	24	25	

29	10	15	18	30	22	18	17	15	23	13	

19	28	15	29	11	22	10	24	12	28	23	

18	30	21	18	26	22	18	18	30	16	14	

23	28	12	14	14	13	20	29	11	29	26	

25	10	16	10	11	24	12	21	23	19	15	

20	18	30	22	26	18	11	29	25	23	22	

11	29	27	18	18	23	16	18	24	15	25	

20	23	25	29	30	28	19	16	14	24	18	

16	20	26	13	12	18	24	18	28	21	27	

30	16	13	14	27	28	19	24	16	13	14	

19	25	16	17	29	16	25	16	29	10	13	

19	19	13	16	13	25	14	22	29	21	21	

15	19	23	15	24	26	20	17	30	28	26	

24	25	20	18	29	27	15	19	13	22	25	

18	26	12	19	26	24	15	18	14	24	29	

14	16	24	30	18	29	17	19	30	13	25	

29	12	25	12	26	17	22	17	28	28	20	

12	12	18	21	15	29	23	21	12	22	20	

11	23	12	14	25	21	18	11	29	19	27	

28	20	25	21	23	20	14	26	27	21	30	

29	16	26	19	25	14	18	24	22	23	14	

16	16	10	28	18	27	17	29	25	25	10	

16	12	11	10	15	15	19	10	29	13	15	

21	14	12	15	16	27	23	23	24	25	16	

11	24	20	17	23	15	17	24	10	24	20	

28	29	12	22	12	24	21	11	26	28	29	

30	11	29	11	10	19	25	17	27	15	26	

14	22	23	26	28	22	28	26	11	20	25	

10	10	15	27	15	15	23	22	16	24	20	

20	18	27	11	24	27	30	13	20	24	11	

16	27	11	26	13	10	13	27	16	22	10	

17	15	23	27	11	21	27	28	17	14	26	

25	28	28	11	26	29	11	17	21	16	30	

22	14	30	14	19	10	17	18	25	11	20	

17	29	17	30	20	24	29	24	19	22	21	

28	14	14	23	12	29	23	26	21	28	28	

22	16	14	18	30	16	26	18	28	19	24	

18	23	11	25	10	13	13	17	19	29	29	

15	26	26	15	25	20	11	10	30	14	22	

30	26	10	11	14	21	20	18	17	22	25	

14	15	13	18	30	16	13	11	24	21	19	

27	15	27	19	13	18	15	24	19	13	29	

21	11	26	27	12	26	19	23	14	14	19	

19	30	27	20	30	10	28	14	28	20	15	

10	20	26	18	10	20	27	13	23	18	20	

23	12	24	21	30	26	14	30	19	17	11	

24	10	11	13	27	28	27	27	18	21	16	

14	17	27	18	24	18	26	25	10	14	15	

10	20	13	24	15	16	21	20	29	14	28	

25	18	30	27	28	22	30	15	26	29	26	

21	29	15	16	22	25	20	26	19	13	16	

16	27	16	26	28	16	20	21	23	20	16	

22	17	19	24	21	20	30	19	28	11	26	

11	24	13	14	12	19	14	23	22	28	19	

12	25	30	12	17	10	29	15	24	25	18	

29	26	21	21	13	27	12	13	26	27	15	

10	22	20	27	30	17	10	23	15	10	15	

13	14	13	29	30	14	14	25	26	18	26	

25	21	27	17	22	10	15	11	13	12	20	

23	23	23	20	16	10	23	20	29	28	25	

23	14	20	25	18	10	21	17	24	18	30	

19	19	28	25	20	28	14	24	13	25	24	

22	29	28	21	18	22	28	19	25	24	17	

29	12	24	13	15	16	18	14	27	30	14	

24	14	29	13	27	16	28	10	21	21	20	

20	14	14	17	18	27	13	18	15	10	18	

17	15	17	23	19	19	19	21	20	20	11	

26	15	30	12	24	28	17	15	28	15	13	

28	17	17	27	27	12	12	24	28	18	21	

28	22	15	11	13	30	30	27	18	25	11	

12	13	28	11	19	26	17	12	27	26	14	

13	21	18	17	23	11	10	28	25	28	20	

27	25	13	22	17	26	25	11	20	20	16	

20	17	19	12	15	30	15	18	29	14	21	

19	29	19	22	15	10	28	14	14	25	11	

25	25	25	13	10	18	10	28	18	25	23	

25	24	21	15	11	20	10	29	29	12	23	

14	17	20	27	12	18	19	23	23	28	24	

25	24	23	20	20	28	10	10	12	28	17	

23	30	13	29	12	11	20	13	23	16	28	

13	25	30	10	18	16	17	11	18	14	22	

22	20	29	24	26	20	26	23	24	30	27	

24	10	26	16	25	13	11	30	27	13	17	

13	15	15	16	23	28	29	14	21	16	25	

13	12	22	16	13	19	28	17	11	22	13	

21	23	26	28	14	20	13	14	20	22	11	

19	15	23	30	17	16	18	30	26	28	20	

28	13	11	12	29	26	13	20	10	26	30	

30	16	22	13	27	13	23	22	14	15	11	

29	24	15	28	16	14	14	16	15	27	23	

25	23	20	12	24	28	17	24	26	16	28	

14	23	11	17	25	27	23	28	15	20	10	

22	21	22	23	27	23	24	15	26	17	17	

20	23	20	30	29	15	17	12	27	26	24	

18	18	18	25	29	30	24	11	18	14	23	

18	14	13	13	27	18	19	18	30	12	13	

17	18	26	26	24	13	15	12	22	23	17	

11	19	24	20	19	29	16	24	21	21	14	

24	27	10	11	22	24	29	21	10	30	17	

17	16	14	27	13	10	14	22	14	15	16	

14	28	21	25	13	14	12	24	12	22	16	

12	17	11	16	10	23	17	14	18	21	11	

20	25	14	30	19	27	27	17	17	22	15	

23	30	21	30	12	13	14	10	15	10	19	

17	28	16	12	19	16	12	23	29	20	15	

27	13	10	19	25	23	17	28	30	24	14	

28	15	20	24	11	10	13	18	21	27	24	

12	12	13	12	13	18	12	10	17	12	14	

24	10	13	26	11	28	10	30	30	22	10	

25	19	30	12	19	16	12	28	19	22	27	

20	11	30	24	15	26	22	28	24	18	29	

13	12	18	26	23	28	10	10	27	27	12	

29	30	10	27	28	30	17	22	20	20	17	

10	12	28	26	30	16	17	16	12	20	16	

20	23	30	24	22	10	26	19	12	29	11	

19	22	10	25	16	11	10	18	18	18	22	

16	30	30	27	16	21	28	27	14	13	24	

12	11	14	13	29	29	23	26	17	13	21	

12	12	26	16	29	13	26	15	22	19	11	

17	25	12	21	23	25	11	10	24	12	30	

14	15	15	26	28	22	27	11	15	15	10	

30	27	25	28	12	19	24	12	28	26	29	

28	12	27	29	17	14	23	21	16	26	27	

10	25	19	14	14	12	16	11	20	14	22	

11	22	10	20	27	27	16	15	26	20	25	

23	28	28	15	11	24	13	22	24	18	16	

24	30	27	16	18	19	30	30	27	13	29	

27	25	15	22	13	28	23	28	23	20	27	

19	10	17	30	19	17	12	20	29	24	12	

24	14	29	20	12	28	11	25	12	19	15	

28	15	17	14	21	12	28	11	30	13	22	

23	21	26	12	14	12	26	10	28	20	30	

25	29	30	16	16	25	22	29	12	22	22	

18	17	23	25	26	24	12	20	13	11	12	

22	29	27	11	18	28	21	25	10	16	19	

20	18	18	22	13	15	12	18	12	28	20	

24	11	23	20	17	19	21	15	29	19	10	

23	17	23	16	14	24	27	28	26	13	22	

19	21	20	30	29	19	10	11	18	24	13	

12	22	10	19	11	24	10	13	16	11	13	

21	30	21	13	17	20	21	13	25	22	18	

25	16	24	23	23	13	27	29	20	29	26	

13	24	21	30	18	18	14	30	25	10	10	

28	27	16	26	25	15	29	20	25	29	15	

20	13	14	17	12	11	12	18	12	26	23	

12	24	12	29	27	28	24	27	13	12	28	

10	25	19	26	27	21	20	30	26	12	26	

21	30	13	28	21	13	10	26	28	23	16	

13	28	15	15	25	20	14	15	24	12	30	

11	26	13	25	20	24	11	22	22	23	30	

21	28	24	25	19	26	11	27	16	18	14	

21	18	28	12	20	10	13	11	20	10	22	

12	13	26	26	27	24	21	21	16	14	21	

15	21	24	12	14	13	11	27	17	17	14	

30	20	28	25	26	16	27	20	29	18	21	

28	22	28	11	29	26	30	14	24	24	20	

27	25	29	13	12	30	15	25	13	25	29	

28	30	11	27	14	29	12	14	30	24	12	

27	25	19	16	22	24	11	19	29	23	15	

25	22	10	29	25	24	28	13	12	28	17	

20	29	12	12	20	20	15	10	20	28	10	

20	21	20	25	16	28	16	16	20	27	22	

27	20	20	16	18	30	19	24	29	16	27	

17	21	28	15	18	11	14	17	13	19	13	

14	11	22	15	23	21	17	16	21	14	17	

14	13	10	23	18	21	13	28	10	16	21	

20	11	27	12	20	29	13	28	25	13	17	

30	19	12	14	29	24	29	15	23	24	10	

15	24	22	20	13	23	24	28	11	11	15	

15	25	27	16	26	11	13	20	25	16	26	

24	22	30	26	17	30	13	13	13	20	10	

25	13	29	20	23	23	28	26	12	16	26	

21	24	30	15	30	19	25	24	12	11	26	

13	18	24	21	26	18	20	30	26	21	21	

10	13	23	17	11	12	13	26	20	16	24	

20	10	19	30	27	25	19	26	19	15	27	

24	19	28	11	20	16	12	30	18	22	14	

10	30	19	26	16	27	21	19	15	27	13	

17	19	25	17	10	12	28	23	12	28	10	

20	27	12	13	18	13	23	24	25	11	14	

15	26	13	26	12	21	21	22	14	29	10	

30	16	25	10	23	29	27	13	28	22	18	

16	20	28	28	28	22	28	18	20	11	23	

28	13	24	29	16	14	28	12	19	21	30	

19	28	24	28	24	29	14	29	18	30	28	

26	15	10	23	10	13	28	22	29	17	12	

22	24	14	14	24	11	10	12	18	28	10	

15	12	21	12	30	20	25	27	30	26	27	

14	23	21	17	22	26	20	14	29	12	21	

25	25	26	18	13	24	17	11	10	13	14	

25	20	10	21	29	17	12	21	27	27	23	

14	11	10	29	16	26	21	16	27	12	11	

10	12	21	21	20	24	16	19	11	15	18	

17	24	14	15	13	27	11	13	27	29	28	

28	21	13	27	29	27	30	24	20	19	11	

14	24	24	12	29	19	22	12	30	18	25	

19	29	24	29	30	11	13	10	14	30	14	

19	25	11	10	22	28	25	12	26	11	19	

15	16	13	13	10	25	18	15	11	16	13	

30	26	20	20	17	22	15	19	11	21	10	

22	25	13	27	10	16	29	29	10	28	14	

27	14	28	15	15	18	30	10	21	26	22	

12	21	30	21	19	26	26	17	17	26	18	

13	27	14	17	21	20	14	18	20	17	11	

23	12	22	28	13	23	23	27	26	21	14	

22	20	17	26	28	10	22	13	28	20	20	

12	27	17	25	21	28	28	25	27	24	10	

29	20	30	25	23	25	30	23	13	27	28	

14	21	13	18	22	20	19	29	20	10	15	

16	21	20	14	24	10	17	19	20	25	23	

24	28	13	14	18	20	15	20	29	27	18	

19	10	21	16	12	10	28	20	30	16	20	

12	20	24	12	20	23	25	26	21	12	15	

27	14	24	18	14	27	27	10	27	23	14	

18	18	27	17	23	14	16	22	19	18	25	

21	10	29	29	26	13	25	22	18	17	27	

16	18	19	18	18	21	23	13	10	14	19	

12	17	25	18	20	26	29	10	28	20	16	

16	12	29	23	21	25	28	20	19	21	18	

18	14	25	18	22	20	29	25	26	17	17	

17	14	15	29	16	21	17	17	21	18	16	

15	27	15	11	16	25	29	23	26	15	28	

28	15	30	11	21	29	27	10	16	10	12	

27	18	25	16	25	13	15	16	21	28	10	

13	25	17	22	21	18	24	30	17	19	11	

16	24	14	23	24	14	12	10	26	10	29	

19	18	20	23	17	21	20	20	30	16	15	

26	26	16	15	30	21	18	17	27	10	22	

18	25	19	14	24	16	10	28	12	20	29	

29	25	23	28	10	21	12	15	13	15	27	

23	16	14	23	27	15	28	16	23	17	23	

11	10	29	25	24	27	24	21	16	23	29	

22	20	19	27	26	11	14	16	19	15	26	

27	29	28	23	17	14	13	19	15	22	26	

27	23	22	23	21	26	27	27	16	17	21	

20	27	25	25	17	22	24	25	14	27	10	

23	16	22	30	22	21	30	28	10	10	21	

19	28	20	23	17	25	20	24	10	15	10	

10	16	29	16	26	20	13	15	13	23	24	

24	30	15	10	30	30	29	21	15	15	14	

22	22	10	12	27	23	17	30	14	25	29	

27	30	26	14	20	28	11	30	25	11	23	

23	21	13	30	21	26	23	14	14	11	28	

28	15	10	28	21	14	10	16	27	20	12	

16	23	21	10	26	19	30	10	20	26	28	

22	15	22	22	17	27	28	11	11	15	30	

11	28	29	24	18	28	30	27	10	20	19	

21	27	22	29	23	14	22	30	16	25	20	

25	11	19	28	22	16	29	17	17	25	19	

22	10	18	12	23	11	22	20	19	17	11	

16	15	27	14	13	29	18	15	11	16	28	

17	23	23	21	19	15	23	21	27	23	23	

23	12	24	12	30	22	28	17	25	15	11	

16	15	22	11	15	17	27	19	27	17	15	

17	28	21	24	13	30	26	22	17	12	23	

19	30	10	17	15	28	10	19	29	14	26	

11	22	26	23	25	13	16	20	23	19	20	

23	30	13	24	17	16	20	13	17	12	25	

17	30	10	28	13	28	18	27	22	14	12	

21	30	18	12	23	17	12	19	27	13	17	

27	26	26	27	12	26	27	13	18	21	10	

15	24	22	20	18	12	24	12	20	11	24	

12	15	18	10	13	10	26	11	16	16	21	

27	17	20	18	10	27	20	21	14	23	22	

15	29	12	29	11	19	26	22	29	24	21	

17	17	17	20	22	30	24	16	14	23	16	

12	10	26	14	29	30	29	16	14	27	30	

30	12	12	15	20	23	30	21	13	17	23	

18	28	22	10	19	26	17	17	11	30	10	

26	29	16	13	11	15	19	22	21	27	15	

16	25	18	17	10	29	19	23	20	23	30	

15	12	13	29	17	30	18	23	11	12	20	

26	28	25	19	21	13	10	25	20	20	17	

18	20	17	23	25	19	17	26	27	21	12	

21	19	28	17	15	11	19	17	23	22	13	

26	21	13	22	22	30	27	24	29	21	11	

30	15	21	30	29	18	10	10	30	17	10	

21	10	17	14	21	13	28	29	29	27	14	

14	24	26	27	27	26	25	27	28	26	18	

12	24	25	15	11	21	20	20	23	25	21	

22	30	16	13	25	20	21	18	22	21	16	

19	16	18	17	11	14	17	28	15	18	21	

21	28	18	21	10	23	18	19	15	21	18	

19	13	11	10	17	26	18	24	26	15	20	

17	27	26	19	13	26	27	24	14	26	22	

25	20	26	11	15	21	23	16	11	16	23	

20	21	10	14	21	21	16	16	29	20	24	

20	19	18	28	19	14	25	17	25	18	19	

21	20	16	24	10	13	25	16	22	26	26	

21	18	24	19	11	22	18	19	18	19	14	

12	10	23	15	10	26	13	15	17	18	23	

27	13	14	12	16	20	13	16	13	10	14	

21	17	26	19	24	27	19	14	11	20	28	

27	25	29	18	16	28	30	26	10	11	17	

25	23	17	25	16	10	13	18	18	23	30	

15	30	14	11	26	30	15	24	25	13	21	

12	10	20	29	13	23	20	23	29	22	20	

22	16	24	29	23	22	21	16	23	12	28	

28	22	22	27	24	21	22	30	20	21	12	

29	13	24	10	15	13	24	30	19	21	30	

30	12	29	23	17	23	25	26	17	10	28	

27	26	25	13	16	19	15	20	25	13	10	

26	14	27	11	16	16	23	11	28	19	21	

17	23	16	22	18	14	19	15	27	14	15	

18	26	21	26	14	24	19	21	19	23	13	

25	23	11	29	16	19	28	19	17	11	18	

23	28	13	29	26	30	11	18	10	24	22	

15	11	29	14	11	25	15	11	29	24	15	

23	25	21	11	14	26	28	18	18	17	24	

10	15	13	27	21	25	23	19	12	14	15	

24	15	15	29	19	16	14	10	12	30	12	

29	18	15	29	18	13	19	17	30	13	25	

15	16	14	19	17	19	23	25	27	10	22	

23	10	21	20	30	27	16	25	23	13	10	

14	21	19	26	23	14	21	10	15	15	21	

24	26	23	11	20	29	24	12	27	16	25	

14	13	21	20	20	19	17	10	15	19	12	

14	17	14	11	16	19	18	29	15	27	18	

18	12	18	20	27	29	14	29	12	28	14	

10	30	22	24	23	19	28	12	14	25	25	

12	20	30	20	27	22	21	19	28	26	21	

29	26	21	13	23	28	21	15	18	21	12	

19	26	14	22	26	27	25	25	16	30	14	

19	14	23	10	12	13	30	21	13	13	26	

13	10	16	18	27	29	29	17	28	21	17	

25	26	30	30	29	22	18	18	21	20	26	

22	15	24	26	20	20	16	19	15	29	12	

11	13	22	13	16	14	28	23	25	28	20	

17	10	15	27	11	17	26	18	20	25	17	

29	27	21	24	29	20	20	23	21	24	30	

12	19	19	16	22	29	19	15	15	15	29	

18	16	10	30	29	11	14	21	25	14	13	

16	13	10	25	16	24	30	12	14	17	17	

28	15	15	26	22	11	10	20	17	20	21	

11	17	23	24	21	19	12	20	23	17	18	

11	24	27	26	25	16	21	10	12	30	19	

21	22	12	23	25	20	12	23	29	15	14	

27	27	24	19	18	18	29	20	17	22	19	

28	20	16	15	30	13	17	22	25	13	21	

23	15	30	20	16	22	20	21	18	26	13	

11	20	25	24	12	19	28	14	20	21	30	

11	24	17	23	10	27	21	14	22	17	20	

12	23	24	21	18	14	16	19	23	29	11	

21	20	13	30	23	27	18	13	24	24	27	

12	13	16	18	13	26	12	17	18	25	22	

24	27	16	21	27	23	12	25	13	23	30	

27	26	13	13	15	28	26	20	21	11	15	

13	23	11	13	15	12	16	13	27	12	20	

16	27	25	25	30	10	29	25	26	21	24	

11	13	18	25	23	12	10	11	21	26	23	

17	11	25	16	18	15	20	17	30	27	24	

18	15	24	19	22	25	13	22	12	16	22	

29	11	30	12	30	17	29	15	14	28	20	

13	24	26	19	28	10	14	24	22	14	23	

13	15	12	26	26	20	17	13	29	28	24	

14	30	24	15	10	11	24	16	21	11	24	

10	28	13	12	12	25	15	27	15	13	21	

16	15	20	11	19	14	12	28	26	24	22	

29	19	12	25	11	22	13	16	21	22	15	

16	23	11	27	10	14	30	12	17	19	29	

17	13	22	21	28	14	14	21	17	17	29	

10	11	10	25	10	14	11	17	24	14	26	

25	10	14	19	20	24	14	26	19	15	19	

10	13	30	10	24	25	20	14	12	23	18	

29	15	12	13	16	25	20	27	18	29	20	

27	29	13	26	29	20	10	17	15	25	21	

17	13	16	26	25	18	17	13	28	30	30	

13	27	24	11	22	18	12	29	16	18	11	

11	30	18	20	17	13	20	10	28	23	27	

18	14	11	15	23	29	20	22	23	13	17	

25	17	17	20	24	23	24	11	17	16	19	

30	30	20	19	22	29	29	21	18	10	13	

14	16	29	16	19	26	10	20	18	21	27	

22	28	16	20	12	12	30	13	23	13	20	

24	11	19	18	27	29	16	15	10	11	18	

16	15	23	16	28	24	24	21	20	15	11	

22	16	27	22	22	22	30	29	10	18	30	

12	14	25	27	25	20	11	29	18	13	17	

13	11	19	14	23	21	30	27	23	29	18	

19	14	11	11	24	15	24	14	12	17	28	

13	22	11	12	11	24	17	13	22	28	14	

19	21	16	17	21	22	28	21	17	19	15	

12	30	28	15	29	20	11	12	22	25	21	

24	29	13	21	18	15	12	24	17	13	22	

27	23	27	28	22	26	26	14	10	21	27	

14	24	22	24	16	17	18	15	25	15	10	

17	29	14	18	28	15	24	24	12	23	14	

17	13	16	15	27	18	21	26	18	29	10	

22	29	27	24	24	22	26	14	12	25	25	

15	15	23	10	21	15	20	16	25	18	20	

24	12	12	20	12	16	21	24	12	12	21	

30	22	16	30	23	10	14	29	22	27	24	

22	24	21	27	14	29	30	23	11	28	17	

27	20	25	25	20	12	20	16	25	22	22	

20	18	10	22	11	12	15	30	27	10	14	

26	19	21	13	15	15	14	18	24	27	26	

29	29	19	27	15	30	27	15	13	11	16	

22	10	14	22	15	11	22	11	29	18	18	

25	11	15	22	16	26	10	26	29	20	25	

27	14	12	13	29	27	14	10	30	13	22	

11	17	14	28	25	26	21	10	30	14	21	

19	11	18	22	24	22	18	15	24	19	10	

21	16	20	14	16	29	30	29	13	22	20	

12	21	27	14	21	13	29	29	13	26	15	

11	22	29	16	27	24	16	11	30	25	12	

14	16	18	10	12	25	16	17	12	29	10	

24	16	11	23	15	20	21	24	23	21	10	

20	28	17	30	20	30	28	23	26	17	20	

12	26	19	14	20	28	14	24	15	30	22	

26	20	10	22	21	30	20	24	25	15	21	

20	20	24	20	17	19	25	14	29	24	12	

27	28	26	22	24	14	15	18	22	14	11	

26	22	29	23	13	23	10	26	25	17	14	

10	23	10	30	16	29	29	19	15	21	13	

18	22	24	20	27	21	16	13	12	30	20	

28	17	28	24	24	20	27	23	23	15	27	

18	18	30	10	20	21	26	12	16	13	29	

24	24	24	24	21	16	30	16	29	29	24	

10	20	29	23	23	13	28	28	22	16	30	

29	11	23	12	22	22	25	11	28	15	26	

21	19	19	14	24	13	11	21	27	14	25	

23	21	13	21	29	25	22	10	22	30	17	

15	21	15	25	23	30	26	17	24	12	30	

18	23	19	11	14	19	21	16	23	17	17	

10	12	25	12	24	24	18	14	21	19	16	

17	22	16	29	26	10	20	27	18	20	21	

24	22	10	21	30	17	15	20	20	27	25	

17	29	11	18	11	28	16	30	16	23	18	

25	12	16	29	22	24	17	28	17	24	28	

26	10	19	24	23	29	24	16	14	11	22	

11	26	29	30	20	26	30	19	26	14	21	

24	15	15	18	24	18	29	29	23	16	26	

20	30	18	12	11	14	19	16	17	19	25	

23	19	15	21	15	30	20	20	12	12	22	

23	16	30	24	18	26	21	27	30	15	11	

23	10	19	21	19	29	10	16	30	25	15	

25	15	12	26	24	19	23	27	25	23	28	

12	12	22	18	30	30	30	12	13	12	30	

21	14	21	12	25	16	20	19	14	30	11	

11	24	24	18	29	20	16	30	29	29	29	

28	15	28	19	22	25	21	21	13	25	22	

28	22	22	15	12	22	20	11	20	20	24	

11	16	20	19	29	16	28	29	26	22	30	

26	18	15	20	16	28	30	24	23	10	30	

16	17	26	20	16	10	25	10	18	14	15	

26	10	30	25	26	16	14	12	29	27	11	

21	12	18	21	25	21	25	15	27	28	20	

24	13	12	10	27	25	27	26	15	24	24	

27	27	25	17	28	29	28	29	20	24	27	

24	12	14	18	11	28	16	15	12	17	10	

10	23	27	27	18	11	24	18	20	24	17	

14	22	17	28	18	25	13	21	20	11	20	

22	19	25	27	20	28	11	11	22	10	14	

17	25	15	30	20	13	14	15	18	28	26	

21	16	27	12	25	13	22	22	21	17	18	

28	29	18	18	16	13	28	18	12	14	16	

26	26	30	19	11	27	23	27	26	14	29	

15	26	19	16	26	17	20	11	25	26	28	

14	21	10	10	27	19	17	26	27	27	26	

26	15	13	30	23	23	13	28	19	17	13	

20	13	22	13	16	22	18	16	13	16	28	

15	11	23	18	12	25	10	19	18	13	13	

12	30	17	29	25	13	15	12	11	30	14	

28	23	14	13	16	16	29	21	14	15	20	

20	15	15	18	18	22	17	17	20	24	23	

22	14	23	20	30	30	19	23	20	30	13	

20	13	24	26	16	11	20	27	18	16	10	

26	11	25	15	21	14	22	23	27	30	23	

12	20	16	28	25	24	19	23	26	26	30	

21	16	18	24	22	20	12	12	22	19	16	

27	30	28	16	10	20	18	20	23	30	12	

25	25	24	16	17	13	23	13	27	30	25	

12	29	27	23	17	23	25	17	21	12	12	

11	20	13	22	26	29	10	17	11	16	11	

16	10	26	11	14	22	21	30	11	27	27	

12	15	18	26	18	19	27	18	11	14	17	

20	19	18	19	19	19	12	28	11	15	16	

14	11	27	22	23	18	12	22	15	14	18	

27	16	24	23	25	15	11	30	20	25	11	

16	13	15	13	18	24	30	16	28	15	30	

20	18	24	24	10	24	22	11	29	11	22	

20	27	30	20	17	26	29	19	10	12	27	

21	10	26	22	18	28	27	13	12	12	23	

18	25	20	16	25	26	29	17	25	29	16	

28	20	21	27	23	24	10	18	16	30	24	

21	26	16	22	23	16	13	17	30	19	16	

16	30	24	25	17	11	12	29	12	29	20	

22	19	29	14	30	25	30	19	15	16	26	

12	13	27	27	30	18	20	15	22	14	28	

24	18	16	27	16	22	19	23	17	12	22	

19	10	25	16	11	27	26	21	11	17	10	

24	26	19	13	16	23	30	11	17	21	17	

13	15	24	20	30	21	26	14	21	29	28	

30	10	26	19	17	15	17	17	30	19	21	

19	14	13	20	29	29	12	19	15	29	23	

29	21	14	18	10	22	30	17	12	21	12	

28	20	14	20	13	30	25	14	15	13	25	

25	26	17	20	23	21	21	17	19	20	25	

11	19	15	24	23	27	23	19	18	25	21	

18	25	18	26	24	16	20	28	23	11	16	

29	30	27	22	30	13	17	26	29	27	11	

16	19	10	15	16	26	30	25	20	19	14	

16	17	15	15	19	12	27	26	25	23	20	

30	23	18	23	13	18	10	25	13	12	28	

25	15	24	23	24	10	26	21	22	28	18	

25	12	12	18	14	14	19	14	27	30	11	

11	20	17	24	28	14	23	20	25	29	23	

17	25	14	22	25	10	30	29	29	24	15	

19	11	19	21	25	12	26	20	22	11	19	

15	12	11	22	14	16	20	14	16	12	24	

10	21	27	30	24	22	19	17	15	21	14	

27	28	26	19	26	16	10	30	12	27	20	

17	14	17	21	17	19	30	20	20	12	26	

28	18	27	22	23	20	29	18	26	19	18	

20	19	22	22	24	10	11	28	11	30	10	

28	13	25	11	17	21	25	28	28	18	23	

30	18	19	11	22	11	18	30	15	29	14	

14	19	24	30	19	26	30	13	17	29	25	

20	11	19	26	25	17	15	16	22	16	26	

20	17	17	19	16	19	11	26	30	27	23	

10	17	13	26	28	10	13	20	22	10	29	

16	18	15	22	26	14	25	29	25	19	20	

24	16	20	14	20	26	29	14	29	27	12	

10	29	14	14	17	14	28	11	28	10	19	

28	13	19	26	11	17	27	25	18	22	29	

18	30	28	30	11	26	28	16	28	24	15	

11	19	20	30	11	10	23	23	12	12	27	

26	14	11	30	21	21	13	17	24	19	15	

23	12	12	20	14	15	16	12	25	20	15	

10	27	24	19	12	19	11	29	17	30	25	

17	23	30	23	18	15	19	27	19	25	20	

22	24	24	16	16	13	16	23	22	28	19	

11	12	16	16	17	30	29	30	20	12	18	

16	20	16	10	23	21	19	30	27	23	16	

28	24	29	27	14	30	19	10	12	14	27	

16	22	22	11	20	28	15	20	13	12	16	

18	16	20	17	12	24	17	12	24	21	23	

30	11	25	20	22	23	10	22	28	16	26	

19	11	12	26	11	13	21	25	30	15	30	

19	15	28	29	17	10	15	16	11	28	23	

18	13	26	21	23	20	11	11	20	11	28	

19	19	21	30	24	19	11	25	10	17	25	

24	15	28	14	17	25	19	21	30	18	17	

17	29	13	10	10	29	27	28	24	28	10	

14	26	28	16	21	23	30	13	11	29	13	

18	14	26	19	18	11	29	28	21	20	26	

23	14	16	15	16	29	10	12	25	15	21	

27	24	24	28	20	14	16	25	17	14	19	

14	27	13	23	24	12	19	13	27	17	17	

30	30	12	21	22	27	26	19	25	12	30	

20	10	13	10	25	10	25	14	19	24	23	

17	23	18	29	28	20	22	19	27	24	29	

26	24	10	26	12	27	15	20	29	19	10	

22	17	12	30	26	21	11	21	23	16	10	

27	21	18	30	16	10	27	26	14	22	30	

11	14	16	10	14	14	15	18	24	24	27	

27	14	23	12	22	18	27	17	25	10	15	

23	20	29	19	13	18	18	23	18	15	30	

17	17	23	13	20	28	25	29	17	10	25	

15	26	26	13	13	17	22	20	29	23	17	

11	15	26	16	10	11	27	14	18	21	16	

11	12	12	30	21	19	15	21	15	18	10	

16	22	21	26	17	24	21	30	23	22	11	

12	12	26	26	17	20	16	18	25	16	27	

25	28	24	12	30	26	26	10	18	16	20	

24	12	30	26	25	20	25	17	18	10	27	

10	16	23	13	15	26	21	28	25	29	24	

11	22	28	12	20	22	21	22	29	26	26	

17	19	27	30	24	12	27	15	30	16	28	

25	22	27	29	26	15	22	19	28	17	28	

14	15	24	10	21	22	26	29	25	12	15	

22	27	20	24	13	15	15	28	30	21	15	

17	20	27	23	12	29	27	10	10	24	28	

28	13	15	16	23	23	21	14	24	13	16	

11	10	16	20	22	27	12	17	30	30	13	

19	23	19	19	24	28	17	16	19	12	23	

12	16	15	29	22	24	13	20	30	18	30	

14	13	13	20	27	22	23	28	29	19	28	

22	16	27	10	25	25	30	24	10	26	20	

20	16	17	24	24	20	26	14	30	19	23	

28	26	10	13	13	14	15	17	21	19	16	

27	15	11	10	25	24	24	22	19	16	20	

18	24	25	18	27	24	26	16	17	15	13	

12	16	24	29	21	12	27	15	22	15	27	

21	28	27	27	18	25	11	25	14	14	16	

25	12	17	14	26	11	26	28	30	23	22	

20	29	25	13	10	15	27	18	30	17	16	

18	18	27	28	28	13	24	12	15	25	14	

26	12	25	25	11	24	19	11	19	15	18	

25	29	25	22	29	13	12	15	12	11	14	

14	26	19	10	19	18	27	23	21	29	26	

18	10	15	14	28	22	17	21	29	26	20	

12	23	23	23	13	18	18	28	29	21	16	

18	25	27	18	30	20	29	16	24	11	25	

26	17	23	15	14	30	27	24	16	21	10	

17	18	14	29	21	21	23	15	27	15	14	

25	14	26	14	27	17	25	28	15	29	20	

29	26	10	22	16	20	23	14	24	22	16	

18	10	23	13	21	15	21	16	29	20	20	

28	22	18	12	18	11	22	19	23	28	20	

25	24	21	11	29	11	22	28	24	16	13	

10	28	10	16	28	23	10	14	10	17	28	

22	30	19	11	12	11	29	15	14	24	17	

21	10	19	23	22	18	27	28	12	13	14	

20	23	17	15	25	24	12	14	11	14	26	

19	10	11	17	14	24	21	24	29	21	19	

14	20	10	17	23	24	18	24	15	19	26	

28	29	28	17	25	28	29	20	13	14	13	

22	12	23	29	12	10	17	13	30	18	20	

20	11	19	24	16	24	14	17	26	15	29	

18	10	17	27	17	30	21	26	30	27	25	

17	19	24	22	13	21	27	16	13	18	24	

10	21	21	14	16	15	29	17	28	27	10	

22	19	30	23	19	16	22	13	21	24	26	

28	23	21	18	21	19	19	21	22	27	10	

12	17	16	29	29	23	12	23	19	14	27	

29	13	28	23	15	21	26	16	12	24	27	

20	17	30	20	13	25	22	20	19	19	10	

23	24	18	23	12	20	20	18	17	17	12	

11	10	16	21	20	24	30	21	10	28	15	

10	26	14	19	14	27	13	25	27	27	25	

13	11	23	16	28	29	12	12	18	25	16	

11	20	17	28	18	14	12	19	14	16	19	

20	11	18	29	13	19	29	27	12	25	20	

12	27	11	17	17	11	28	28	21	29	18	

