848	9


8438
8497
8451
8529
8482
8469
8501
8588
8450


83
52
55
54
70
75
98
73
71
77
71
58
98
60
90
50
82
85
70
76
95
97
51
66
74
85
58
88
89
61
96
88
94
100
76
95
51
88
52
77
53
53
94
89
70
84
51
83
82
79
67
51
70
89
51
53
78
65
96
73
54
98
96
50
71
52
60
80
50
64
76
94
63
59
97
93
52
52
75
90
83
81
87
99
68
67
57
80
97
100
97
65
54
58
52
83
100
61
97
73
53
82
86
77
95
71
73
97
71
70
91
52
77
79
80
78
82
65
72
50
74
58
98
54
54
60
79
63
61
87
99
72
56
64
94
81
99
98
85
97
54
70
84
77
95
88
61
85
71
79
79
93
82
81
93
62
61
86
55
85
84
93
96
84
74
83
86
90
59
80
86
95
91
79
62
94
87
71
70
72
58
64
75
93
70
73
56
77
92
98
81
60
56
95
84
87
63
66
64
69
94
72
76
51
95
84
86
96
95
91
92
95
66
80
71
98
62
85
74
92
95
80
81
71
54
54
99
91
99
69
92
95
91
61
86
83
76
57
50
69
86
97
75
61
85
76
70
88
95
83
53
74
66
77
69
71
95
55
66
70
54
59
85
99
82
71
94
91
74
53
92
89
63
85
86
85
75
80
87
100
85
56
79
68
54
68
95
98
91
81
73
58
60
81
68
60
84
75
67
58
100
72
69
78
61
89
83
89
81
54
94
58
52
78
93
56
92
79
66
77
68
97
92
100
82
82
73
86
68
66
50
51
61
73
81
81
89
90
72
78
52
97
87
59
95
92
74
74
86
56
70
69
63
71
56
91
56
95
86
70
76
100
66
93
98
98
61
58
73
100
94
88
59
92
54
91
87
81
79
92
80
71
50
57
50
69
60
94
87
96
70
62
78
97
74
74
54
62
94
92
82
60
82
93
79
51
96
52
69
51
95
64
71
64
55
55
53
54
99
57
75
64
88
62
64
98
54
55
76
61
99
77
68
95
61
56
68
50
56
58
82
87
68
70
50
95
56
99
90
54
95
76
93
61
90
65
81
56
89
59
86
67
67
52
77
50
62
89
71
72
83
75
65
53
77
99
68
64
71
53
89
89
63
74
75
81
60
72
80
88
100
95
66
53
63
91
71
68
57
100
92
59
69
57
79
88
76
77
56
83
80
51
91
96
80
68
88
79
76
54
72
94
98
93
89
80
90
68
68
75
58
95
79
62
85
71
84
52
52
82
100
70
100
63
66
61
78
87
99
69
89
80
71
90
81
86
97
64
60
54
88
54
78
65
76
81
71
62
77
99
81
75
64
99
52
53
66
92
85
60
63
68
99
71
65
81
92
95
59
71
87
59
57
83
93
83
99
93
94
85
84
67
84
93
75
73
64
97
97
83
95
74
55
100
68
50
96
64
53
81
85
59
53
100
73
96
87
100
56
84
94
71
71
80
54
89
50
53
69
100
70
64
53
71
76
97
96
72
54
50
54
66
67
52
94
51
70
85
93
81
76
84
60
70
84
91
97
54
65
53
58
55
51
99
81
100
90
57
100
80
63
94
98
74
82
69
94
67
69
86
88
57
88
60
99
61
56
62
90
100
53
87
90
77
96
75
52
55
93
89
79
68
54
52
91
93
76
86
97
51
79
64
93
81
92
77
78
99
100
89
69
81
64
70
98
87
66
72
51
89
84
77
58
68
51
83
66
95
76
70
89
84
81
67
76
91
95
96
51
60
56
90
94
85
59
74
81
65
65
90
58
95
74
92
81
58
55
52
75
71
88
94
71
63
89
61
72
94
80
86
56
63
72
54
100
83
71
86
89
60
57
51
97
88
94
70
59
58
51
54
62
57
56
76
93
77
53
75
60
50
88
99
74
91
74
84
90
82
83
97
84
85
85
90
66
100
87
81
91
69
62
68
62
71
78
91
87
76


15	16	12	15	18	13	27	28	30	

23	18	14	24	25	11	15	30	14	

22	16	17	18	13	11	14	27	24	

11	26	18	30	29	19	28	22	29	

18	17	22	18	17	30	25	13	25	

19	18	22	17	18	21	14	21	30	

11	11	30	18	13	20	28	17	26	

29	23	23	13	17	20	15	30	29	

27	25	18	12	16	21	17	26	19	

10	11	14	30	21	18	30	16	21	

23	18	15	20	28	21	23	16	21	

27	30	20	19	29	17	14	24	21	

21	29	21	20	26	13	30	29	15	

15	20	29	18	28	27	29	19	23	

29	17	19	26	13	28	28	18	28	

29	12	10	26	23	21	28	30	21	

24	30	27	14	30	23	15	30	30	

19	18	29	20	26	16	14	16	27	

19	27	24	28	23	11	25	22	15	

12	19	14	17	17	23	28	15	30	

14	18	22	29	25	19	29	16	16	

23	22	29	21	23	20	22	17	15	

18	25	18	29	26	18	22	14	26	

17	10	17	27	24	26	14	15	14	

15	11	21	27	25	19	23	14	12	

19	26	26	11	29	15	17	24	22	

11	16	23	25	22	15	22	29	30	

28	25	28	12	28	10	13	14	17	

26	13	23	13	15	20	24	15	10	

27	12	22	17	17	21	17	30	28	

11	26	23	24	28	10	24	19	13	

17	18	16	29	16	27	29	23	28	

24	14	27	17	27	18	14	30	20	

21	26	30	24	30	11	19	14	15	

11	16	17	12	21	25	14	10	26	

23	14	26	24	14	30	23	25	27	

29	21	16	11	23	14	14	22	29	

10	24	27	29	27	11	20	29	26	

16	26	18	11	24	29	10	12	30	

26	17	13	24	19	28	20	24	18	

13	17	25	13	17	14	19	30	29	

17	12	26	26	15	30	28	11	23	

30	14	16	10	14	26	13	27	30	

29	21	29	18	27	17	20	18	17	

20	25	12	30	22	20	30	26	28	

29	28	30	11	14	10	23	28	13	

13	16	29	11	19	28	13	15	11	

13	13	11	24	14	10	27	28	28	

19	30	27	10	17	14	27	30	19	

11	18	28	27	22	10	27	12	22	

22	19	18	18	19	18	20	16	21	

20	30	23	26	15	19	13	30	20	

21	17	14	16	26	26	26	11	16	

24	24	23	30	11	14	19	25	23	

30	30	14	14	22	15	21	27	21	

13	25	19	29	16	21	28	28	28	

19	11	13	18	14	18	14	10	17	

21	22	27	20	17	10	27	18	27	

30	12	28	11	15	15	24	12	25	

20	30	20	17	11	28	23	17	21	

12	10	19	23	17	11	28	30	12	

22	27	23	14	16	28	12	11	20	

28	28	11	30	21	10	24	30	30	

10	23	14	21	22	13	24	12	14	

25	14	27	26	12	29	20	18	24	

14	10	11	26	26	25	25	24	12	

30	12	20	16	10	22	20	17	10	

27	21	22	17	25	15	29	30	15	

11	20	12	17	15	29	17	26	16	

21	14	20	29	19	24	16	27	11	

30	29	17	23	24	28	15	12	18	

27	18	14	16	10	18	22	13	19	

16	14	28	16	17	21	19	10	30	

12	20	22	26	21	26	17	20	14	

10	25	26	21	12	25	23	11	15	

24	14	10	24	25	30	26	24	23	

22	30	16	22	19	26	29	28	14	

17	16	11	18	21	20	22	15	10	

22	11	28	16	18	20	10	26	28	

15	11	16	11	28	18	11	10	18	

23	27	21	30	20	27	25	18	13	

15	26	22	20	30	30	15	16	23	

29	18	21	29	26	19	28	27	16	

20	27	28	24	20	21	18	11	20	

15	14	26	28	22	26	27	15	15	

22	23	25	18	23	20	29	27	16	

16	24	17	24	20	17	24	18	12	

19	12	26	30	16	16	26	22	24	

25	25	24	14	10	13	21	25	28	

24	13	12	15	27	11	15	16	13	

26	20	25	11	19	29	10	13	14	

30	10	24	29	28	27	16	16	21	

26	15	27	22	29	26	12	10	18	

25	26	30	10	28	19	27	17	30	

23	28	12	16	10	26	29	19	10	

13	25	11	29	25	25	20	10	28	

24	14	23	28	22	12	29	25	29	

14	13	24	14	16	30	21	18	22	

24	19	27	23	19	12	19	23	10	

16	24	24	22	18	10	14	10	17	

24	15	27	29	26	23	25	22	14	

21	11	30	12	30	23	11	19	17	

26	17	11	25	25	18	18	17	15	

23	23	17	22	13	16	16	17	13	

26	10	29	27	21	25	27	20	23	

28	29	30	10	13	17	21	26	30	

17	30	26	21	17	16	10	23	15	

18	20	12	29	21	17	15	11	15	

15	27	10	22	14	13	21	22	24	

17	28	19	21	23	14	26	22	25	

21	13	26	13	17	15	10	17	24	

20	19	21	22	18	19	18	16	17	

11	18	15	28	13	15	13	22	15	

13	18	22	28	13	23	11	16	15	

13	21	10	17	12	18	17	16	13	

17	24	16	21	11	16	28	25	24	

13	18	11	16	13	17	23	18	28	

16	10	30	15	27	27	16	13	10	

18	27	24	23	11	24	15	20	26	

12	22	10	28	16	26	30	25	17	

23	17	11	20	27	20	24	22	14	

29	15	30	22	23	28	27	16	18	

22	21	22	25	11	26	10	18	24	

15	20	13	25	18	25	23	18	30	

16	23	21	26	17	25	30	29	14	

12	10	25	11	14	18	30	27	21	

13	21	19	20	25	30	12	21	12	

28	18	18	30	15	10	30	16	29	

22	30	26	18	12	13	24	13	11	

22	25	25	25	12	25	16	11	26	

23	23	17	13	11	25	13	19	19	

30	17	21	19	15	25	14	25	22	

21	25	23	13	25	27	15	25	24	

26	12	17	12	29	11	19	17	26	

13	11	26	26	26	17	18	12	29	

27	16	15	29	13	18	14	19	26	

30	27	17	28	10	14	19	26	14	

25	20	11	12	10	23	14	13	23	

16	15	30	27	18	28	16	28	22	

15	19	23	10	23	27	11	29	25	

24	30	19	24	30	30	26	19	23	

16	10	25	20	27	13	30	25	12	

14	29	18	19	15	19	10	24	10	

26	30	30	21	28	10	13	10	18	

16	14	12	27	12	13	28	22	18	

26	11	20	21	18	15	22	10	13	

11	27	13	11	14	22	27	28	10	

14	19	13	25	29	13	26	12	26	

15	16	25	18	22	17	25	30	28	

16	14	20	13	23	10	21	12	10	

15	11	20	15	28	13	13	25	16	

18	21	24	11	29	20	13	26	24	

21	21	12	25	17	21	13	17	17	

22	20	11	10	24	16	12	11	21	

11	12	19	21	15	26	22	28	24	

21	13	28	14	15	27	14	21	13	

24	17	18	20	12	23	16	10	23	

28	13	22	16	12	17	23	25	13	

29	19	10	16	15	13	25	26	22	

19	26	20	30	13	25	10	11	13	

18	30	29	12	24	23	23	25	26	

18	12	26	21	16	30	17	25	29	

12	28	24	14	23	20	20	24	15	

24	17	22	24	15	20	10	29	23	

17	24	30	26	30	26	10	23	27	

26	10	19	23	24	29	26	11	23	

27	16	24	11	27	26	25	30	17	

17	17	15	10	29	25	20	23	30	

19	10	15	10	17	19	23	28	20	

16	17	16	20	29	12	15	10	28	

18	29	14	17	19	25	27	18	22	

11	18	14	21	26	23	24	11	13	

14	30	26	22	25	28	29	25	11	

28	26	10	21	17	21	15	17	16	

17	21	24	10	22	19	13	13	11	

10	19	14	14	30	12	10	29	25	

12	25	26	10	15	17	11	14	22	

26	17	21	30	10	27	25	29	11	

19	18	19	21	30	11	12	20	21	

12	20	16	20	10	18	19	15	19	

10	27	12	23	15	16	25	29	14	

22	20	17	29	22	27	19	28	13	

15	28	10	24	11	15	23	25	19	

20	30	17	22	15	24	28	12	23	

14	27	17	29	25	21	30	29	20	

24	18	28	11	21	18	22	25	23	

24	20	17	17	19	23	13	20	29	

22	20	15	18	27	11	30	14	30	

24	11	19	29	24	29	20	11	14	

26	26	15	17	25	19	25	29	25	

11	22	17	25	23	30	10	30	17	

23	25	20	16	24	18	18	24	13	

20	10	15	18	20	29	22	18	28	

30	19	22	29	22	30	16	28	14	

14	14	25	30	23	21	13	28	29	

26	10	12	22	21	21	16	29	14	

19	18	11	23	28	25	23	22	10	

23	28	30	14	17	13	27	10	12	

18	20	20	23	20	18	17	24	10	

18	27	13	25	27	26	19	22	13	

27	24	20	26	30	28	12	16	19	

29	23	21	27	13	15	27	12	26	

13	17	14	10	20	16	24	19	30	

23	14	29	13	16	17	13	25	19	

29	14	12	12	13	23	28	22	21	

24	11	29	14	14	30	12	12	24	

25	14	22	14	12	27	20	18	10	

19	19	27	26	20	13	27	21	16	

25	30	18	27	13	26	26	26	18	

18	22	14	20	23	30	27	30	18	

13	16	25	12	23	20	23	21	24	

26	15	17	22	11	21	23	16	30	

24	11	16	11	23	23	20	19	25	

28	28	13	29	19	29	25	22	14	

27	28	14	23	11	10	12	28	30	

17	21	11	20	20	22	30	26	20	

17	10	28	24	12	18	20	19	15	

28	30	28	18	22	26	24	21	23	

13	27	17	13	23	22	29	23	10	

13	18	14	27	17	10	29	23	29	

28	19	24	24	28	22	25	23	24	

14	30	21	20	24	17	26	29	18	

18	26	20	12	16	20	15	19	24	

14	13	20	14	18	16	20	27	14	

16	16	30	24	26	16	13	24	19	

11	21	23	19	24	15	12	18	22	

13	27	18	23	14	22	22	27	12	

15	17	22	27	28	27	22	19	23	

16	20	24	21	24	14	24	12	21	

15	27	22	16	22	10	30	16	22	

14	12	22	13	16	16	29	11	14	

26	28	20	17	11	10	29	14	18	

12	12	22	12	21	28	30	10	18	

29	12	16	30	26	13	28	22	14	

29	10	14	27	13	25	13	14	25	

16	27	28	15	20	22	19	25	18	

13	30	25	18	15	29	18	28	28	

27	25	11	24	19	19	21	29	18	

12	16	26	10	26	30	30	22	22	

12	20	22	27	12	26	22	23	15	

22	10	20	20	30	28	18	24	19	

13	16	26	29	13	14	14	15	26	

19	26	19	15	30	16	24	15	18	

28	12	15	18	16	29	21	20	27	

16	12	16	23	12	18	25	12	30	

27	26	11	12	28	15	11	22	14	

13	17	14	17	19	20	12	17	22	

10	16	30	23	11	20	29	24	26	

17	13	30	30	22	23	27	14	30	

13	13	27	30	24	18	24	27	25	

11	23	27	16	26	28	29	19	25	

21	17	14	22	29	25	10	21	26	

20	26	26	12	28	22	11	10	12	

14	24	27	12	18	29	15	25	10	

30	10	30	28	26	23	29	22	22	

21	16	26	21	25	26	21	21	30	

29	25	17	30	17	15	13	27	23	

14	17	23	13	25	20	10	16	15	

24	10	23	24	12	10	13	16	29	

19	15	11	18	13	25	24	20	20	

19	27	21	22	18	20	14	28	24	

22	22	14	24	16	20	18	17	27	

10	12	19	28	13	29	13	28	16	

27	13	23	12	21	11	11	17	30	

15	13	20	23	30	14	29	12	18	

13	22	12	30	24	14	16	25	16	

26	12	15	19	24	25	27	23	22	

10	23	28	24	30	13	21	14	28	

12	23	20	19	12	22	20	29	30	

16	10	29	15	17	29	16	13	25	

22	26	10	21	22	18	26	30	26	

23	25	18	24	21	18	25	27	12	

19	20	18	29	10	14	20	11	15	

21	27	22	17	28	16	15	19	11	

28	29	18	26	26	18	24	19	25	

26	22	12	16	29	11	13	10	13	

19	22	13	16	26	20	25	18	10	

24	25	26	23	15	14	29	20	16	

12	12	26	19	17	24	30	12	18	

26	12	29	30	10	10	12	16	11	

26	29	18	29	23	28	21	28	28	

28	11	12	19	19	12	23	18	27	

13	29	15	27	19	26	28	28	26	

24	19	12	18	14	24	18	20	28	

19	18	20	22	16	18	14	10	15	

22	20	30	18	12	18	15	29	10	

19	25	11	12	20	10	22	28	22	

26	27	19	29	15	20	27	25	24	

10	29	10	28	27	12	14	24	29	

30	18	18	16	25	29	12	20	22	

22	22	28	26	19	22	26	27	14	

21	18	23	15	22	15	12	21	19	

20	12	14	21	20	25	20	28	24	

18	16	15	10	16	14	14	27	29	

27	16	13	12	16	21	24	14	14	

13	11	16	20	11	24	28	15	18	

25	30	17	14	11	16	16	20	20	

22	15	23	19	18	29	30	19	21	

22	22	21	10	13	27	18	29	23	

13	18	28	22	18	18	30	23	20	

29	30	24	29	18	15	29	28	25	

15	29	21	17	14	27	12	22	30	

22	21	17	30	20	30	19	20	24	

30	11	17	20	18	21	25	30	23	

14	11	16	27	21	21	16	21	30	

11	25	10	17	11	27	24	15	10	

11	19	16	11	21	21	23	29	10	

10	27	11	24	24	22	18	29	11	

13	29	26	18	27	21	15	12	13	

11	19	15	22	11	29	20	26	19	

15	30	19	12	19	12	27	16	21	

21	16	12	20	15	12	12	14	20	

13	10	21	18	16	26	11	23	10	

13	13	27	13	30	27	26	20	13	

20	25	29	25	22	24	20	24	11	

15	11	23	29	13	24	18	28	23	

29	18	14	22	25	10	20	19	22	

21	24	26	12	17	12	20	12	13	

13	22	16	22	12	18	27	21	25	

13	27	24	24	19	26	11	29	26	

18	12	12	21	15	16	20	13	17	

10	27	15	23	25	27	28	13	26	

25	30	22	19	18	11	10	27	23	

15	10	12	19	30	16	20	13	23	

12	29	13	15	15	21	24	17	14	

28	19	23	22	17	25	12	12	18	

26	23	17	11	30	24	16	13	27	

20	23	30	15	27	28	26	22	11	

19	27	16	18	22	22	30	26	19	

14	24	19	30	20	28	27	11	19	

12	13	22	17	17	23	21	20	27	

18	24	18	28	10	13	22	11	29	

14	23	10	11	13	12	23	18	21	

25	19	21	11	21	14	12	26	25	

27	28	24	27	30	21	12	17	24	

15	20	13	27	30	16	10	18	30	

24	27	23	27	13	24	25	29	19	

25	29	12	13	24	30	21	26	18	

24	20	13	24	27	29	21	30	16	

11	27	26	16	18	16	26	25	18	

18	17	17	18	16	25	16	27	29	

30	30	30	25	26	24	18	25	21	

30	19	27	26	21	16	30	11	26	

25	27	19	14	29	11	16	30	21	

22	28	14	20	30	19	24	19	14	

24	17	15	30	21	24	20	22	11	

30	16	22	29	11	20	17	24	20	

25	11	17	20	23	14	11	18	18	

16	30	23	20	17	14	13	10	14	

25	25	17	14	16	11	17	19	15	

13	25	26	23	27	18	23	12	29	

28	28	10	18	17	19	22	12	29	

20	23	29	28	23	11	30	18	10	

12	19	25	15	28	24	10	26	30	

11	23	12	29	24	18	11	13	19	

30	30	30	29	30	27	11	24	14	

17	23	20	10	20	19	29	28	30	

13	10	13	24	19	13	16	14	12	

10	27	11	15	27	26	11	29	18	

18	15	28	23	17	15	17	15	19	

29	21	10	21	11	24	18	22	29	

28	23	17	18	12	15	28	26	14	

26	18	13	15	24	22	29	22	21	

18	24	19	17	13	10	19	23	25	

11	24	13	28	22	25	25	30	17	

13	30	18	20	17	13	14	21	25	

20	24	20	28	19	26	27	16	16	

11	11	18	23	24	15	17	10	11	

22	18	23	10	26	26	29	21	11	

10	30	17	14	25	12	18	25	13	

25	11	14	21	28	12	23	27	15	

15	27	29	27	14	20	24	24	15	

12	22	12	11	15	23	23	27	10	

17	29	15	27	19	24	29	11	23	

21	15	19	18	24	18	25	10	21	

16	20	15	27	22	26	17	26	13	

19	24	24	20	21	13	28	20	10	

30	25	14	20	18	24	12	22	14	

20	26	15	22	16	23	22	30	29	

19	29	23	25	26	11	26	11	20	

25	30	10	15	21	13	16	24	27	

23	14	20	18	15	28	19	25	19	

21	29	21	28	11	21	24	10	30	

15	13	20	13	23	22	22	25	14	

21	10	21	18	22	18	28	10	24	

16	27	23	14	22	18	30	21	30	

16	21	25	11	13	23	11	12	14	

15	17	12	26	17	12	14	22	30	

20	24	22	22	21	16	18	20	10	

30	25	21	25	17	19	16	30	25	

25	24	23	27	29	11	22	20	16	

22	15	21	27	25	21	28	26	15	

28	18	24	24	26	21	20	19	18	

17	27	12	15	30	10	20	29	16	

18	14	13	11	22	10	15	23	20	

16	15	22	25	25	30	20	17	22	

23	20	21	20	28	11	21	25	10	

22	21	17	18	21	27	22	13	22	

23	18	27	17	20	25	29	17	14	

22	16	25	23	29	27	20	17	23	

24	15	30	13	23	19	22	12	28	

15	19	19	16	23	24	10	10	30	

29	11	12	14	18	11	29	15	16	

28	15	11	28	14	20	16	23	11	

15	11	13	21	18	19	16	29	29	

16	22	19	12	13	25	24	10	20	

13	15	10	22	18	15	25	15	18	

27	11	14	30	30	27	17	10	29	

28	19	22	13	27	28	26	29	25	

26	16	19	18	10	26	19	24	10	

23	27	16	16	30	21	26	12	29	

19	26	22	12	20	12	19	29	18	

20	14	29	19	17	12	15	28	10	

13	24	11	23	14	21	26	11	28	

27	26	20	28	20	29	18	16	28	

13	21	29	22	12	12	29	21	30	

30	11	12	25	11	16	15	13	28	

12	27	30	12	18	25	17	28	13	

26	15	10	27	14	26	27	19	29	

21	17	27	13	30	15	30	25	12	

25	29	11	14	26	29	26	20	10	

18	17	20	21	25	20	30	29	22	

10	21	29	26	22	23	12	25	25	

30	17	26	27	26	19	26	30	20	

27	12	20	30	20	18	21	26	23	

18	18	22	12	16	18	14	18	28	

22	25	25	24	15	14	11	16	19	

22	13	14	13	29	26	19	21	25	

23	11	28	22	21	18	19	10	12	

22	20	24	13	26	24	29	17	10	

17	12	18	23	12	28	27	11	10	

12	24	30	29	24	24	17	20	18	

12	23	29	22	13	24	19	16	23	

28	28	21	10	30	24	17	16	17	

28	18	17	28	22	22	12	19	14	

25	26	12	22	16	20	14	26	22	

21	29	28	19	27	20	25	16	19	

21	15	19	25	24	12	10	16	20	

15	23	25	27	26	30	17	24	17	

23	24	20	11	19	19	21	29	18	

28	11	24	15	10	13	30	29	27	

28	16	21	30	18	17	29	11	20	

20	28	20	10	16	30	26	26	28	

20	17	11	12	27	11	27	23	17	

28	23	21	30	22	22	15	11	29	

19	28	20	29	19	17	17	13	10	

12	27	17	20	30	19	28	29	17	

19	24	27	22	28	15	21	13	29	

21	22	28	26	29	15	24	16	25	

27	27	29	15	16	23	10	11	18	

27	27	21	11	16	17	27	29	14	

25	10	30	29	17	20	15	14	20	

17	18	26	20	18	18	26	15	14	

21	23	30	12	11	20	28	14	30	

28	18	26	13	29	24	20	26	13	

22	13	14	28	20	20	14	23	11	

11	12	12	24	17	17	13	27	26	

30	21	11	12	11	16	10	16	11	

25	27	13	30	24	24	25	12	17	

12	15	16	23	15	14	24	17	30	

27	17	26	25	30	28	11	20	15	

20	12	20	20	25	24	23	27	15	

12	29	17	30	22	26	10	19	11	

16	16	18	18	24	13	12	28	10	

19	19	16	17	10	17	16	23	22	

25	27	24	16	24	20	28	22	18	

22	20	12	19	16	22	17	20	21	

12	12	22	22	22	19	11	25	28	

25	15	12	22	28	11	10	22	14	

19	29	13	21	12	21	16	18	26	

28	27	24	12	21	25	18	25	18	

24	26	17	30	26	26	26	29	17	

19	22	14	22	12	23	25	21	14	

16	11	24	19	25	15	22	19	25	

23	25	18	12	18	20	24	22	20	

12	20	18	14	28	14	12	12	30	

29	22	19	28	29	24	15	24	28	

13	25	23	15	30	23	11	16	21	

22	20	17	18	12	24	23	20	18	

27	15	18	21	13	26	17	19	30	

16	24	28	19	29	17	17	14	27	

30	22	12	28	28	24	27	10	25	

12	29	11	26	25	13	17	19	21	

13	11	27	19	30	13	14	15	28	

10	23	11	15	23	26	16	26	17	

11	22	13	15	18	26	28	16	16	

17	18	11	28	15	27	15	19	12	

23	26	26	17	25	29	10	28	10	

30	26	20	20	23	16	18	24	16	

10	22	18	30	18	18	14	20	10	

23	17	26	25	10	29	20	12	12	

10	16	21	23	27	20	11	26	28	

24	12	14	15	21	28	25	30	11	

14	19	18	15	30	24	30	14	29	

26	12	15	20	24	28	20	14	30	

25	30	22	14	21	12	14	14	13	

20	20	24	22	25	28	20	16	16	

12	21	27	18	15	22	11	28	20	

26	25	11	10	15	29	28	27	11	

30	11	21	18	11	24	29	16	20	

16	21	22	20	27	13	30	23	10	

18	23	23	12	15	16	20	28	15	

12	26	12	25	25	18	15	19	25	

18	10	11	24	20	11	24	20	19	

25	30	11	28	19	18	10	28	12	

28	10	22	18	20	26	22	19	20	

10	21	12	26	16	10	28	13	30	

24	15	21	29	27	19	25	16	24	

11	18	26	26	12	15	30	27	25	

13	14	24	26	10	25	10	19	24	

17	14	24	18	18	19	12	23	25	

19	18	25	25	22	13	25	28	30	

20	21	18	20	23	28	17	25	25	

11	24	18	25	18	16	18	30	17	

30	14	26	20	10	19	29	21	21	

16	30	26	17	13	11	20	13	21	

19	16	29	25	10	17	10	10	16	

28	11	24	26	12	10	30	17	23	

22	19	13	30	27	30	21	18	13	

14	21	24	29	18	22	13	25	14	

18	11	22	14	25	28	29	22	25	

19	11	15	25	17	19	18	21	14	

23	11	29	28	12	16	21	28	10	

15	18	22	13	20	12	22	29	15	

27	24	11	24	18	13	18	20	13	

11	27	14	29	16	15	15	14	12	

29	22	23	15	12	20	17	30	27	

30	21	13	13	15	17	23	18	25	

16	19	18	30	28	16	12	28	22	

27	12	15	10	28	17	15	10	17	

12	11	16	21	11	21	19	28	11	

16	14	30	10	15	25	30	23	20	

23	29	20	14	13	22	25	30	27	

23	24	25	10	10	29	19	26	27	

19	24	24	29	17	10	28	20	27	

14	21	26	16	16	26	12	30	14	

18	22	28	23	18	19	15	17	16	

15	19	14	23	28	19	24	21	20	

20	20	20	28	15	10	10	16	19	

16	29	27	11	15	17	27	27	22	

23	10	14	13	13	20	22	30	14	

20	14	17	30	13	12	21	30	11	

23	16	11	29	19	28	26	21	25	

21	13	30	26	13	11	25	18	29	

17	22	10	22	25	25	13	22	29	

10	14	19	10	14	14	22	20	28	

15	29	26	16	22	13	22	29	17	

17	23	15	20	21	28	12	30	13	

24	22	17	16	24	17	29	28	22	

30	26	22	22	11	30	27	16	27	

23	24	28	28	17	15	13	20	18	

18	13	21	24	18	24	27	29	29	

27	28	17	12	24	26	13	13	16	

23	18	21	16	12	18	22	19	21	

13	13	21	16	15	12	22	15	23	

19	26	14	15	21	17	29	24	12	

11	12	10	13	10	17	26	19	30	

17	29	23	24	26	24	10	25	30	

10	10	16	18	28	30	19	22	30	

13	24	25	30	22	15	11	26	19	

24	26	12	16	16	18	11	10	18	

29	18	22	27	16	14	22	28	21	

21	14	30	29	20	12	14	20	28	

25	16	30	26	11	14	16	20	10	

13	21	12	14	19	28	30	23	20	

22	14	25	14	29	23	23	26	12	

30	14	22	13	30	30	26	18	13	

13	16	23	18	30	22	15	22	28	

21	20	20	21	28	27	15	16	14	

12	26	29	15	16	16	10	11	11	

10	20	25	21	14	12	29	13	13	

24	25	12	10	22	10	17	21	30	

21	25	25	18	29	29	18	18	29	

26	17	28	10	29	17	13	30	24	

30	15	14	27	20	27	26	27	24	

12	25	17	10	16	11	18	28	29	

23	16	30	20	28	11	20	24	16	

29	18	23	26	18	28	17	30	22	

21	16	11	14	20	15	14	13	29	

22	12	18	20	25	26	23	16	23	

22	18	29	26	14	12	30	13	29	

30	13	16	21	27	16	14	14	11	

30	29	20	22	24	26	15	25	10	

22	23	13	12	26	17	11	12	10	

24	10	20	26	14	13	26	21	11	

23	24	26	15	21	16	22	18	11	

24	26	29	24	11	27	16	23	17	

21	14	27	15	18	12	27	13	15	

10	15	20	17	26	30	14	14	24	

13	16	14	30	12	25	24	13	16	

10	25	23	24	26	14	27	15	24	

25	15	21	18	16	20	28	20	15	

22	13	16	13	13	10	20	23	14	

24	11	27	19	15	26	24	10	22	

28	15	29	19	21	25	13	16	27	

25	10	22	17	16	19	22	27	20	

12	23	15	19	25	13	25	24	10	

30	17	30	12	28	16	10	15	19	

25	26	26	12	22	19	14	16	23	

17	27	24	16	22	27	18	19	11	

11	21	15	20	13	18	11	27	21	

26	30	13	17	21	25	23	14	17	

27	30	30	30	30	17	14	30	19	

19	30	22	28	16	26	23	24	12	

30	27	20	10	11	14	23	25	20	

17	24	11	13	11	27	18	29	10	

20	20	14	14	16	28	25	21	10	

14	18	26	15	30	25	17	21	14	

12	26	28	14	28	10	14	26	22	

28	26	24	25	23	20	18	23	13	

19	26	26	16	19	18	12	11	27	

25	10	21	14	15	20	12	14	30	

20	21	22	20	12	29	20	27	16	

11	27	29	25	24	24	20	29	27	

25	25	24	25	22	27	23	19	18	

19	12	14	20	26	15	28	16	20	

30	27	19	23	16	10	11	14	22	

10	17	21	17	30	10	14	15	27	

10	12	15	18	11	22	28	26	30	

24	18	11	13	29	21	10	25	28	

30	19	29	28	25	23	22	13	26	

19	24	17	30	30	28	23	13	20	

20	29	27	26	29	28	30	23	22	

30	29	14	11	27	29	21	26	25	

18	18	18	17	15	16	23	22	18	

23	16	19	15	11	25	25	25	25	

16	11	17	29	12	23	13	27	24	

18	15	15	29	21	11	14	16	22	

19	26	20	21	14	28	28	18	16	

20	23	15	29	15	16	25	23	20	

18	27	25	11	22	26	19	11	19	

12	30	17	22	16	30	28	27	25	

10	21	17	25	22	11	28	12	23	

29	14	17	24	21	28	25	28	25	

26	16	26	17	10	28	15	25	25	

14	22	15	17	28	12	10	14	18	

17	21	11	15	26	22	13	16	20	

21	24	22	15	12	18	13	24	22	

30	23	22	15	21	18	11	29	17	

20	15	11	17	12	13	19	12	15	

28	29	19	28	10	22	15	18	27	

19	29	17	24	15	18	10	18	16	

16	28	29	21	17	23	15	25	19	

22	14	27	16	26	21	16	27	19	

27	19	13	17	19	25	18	27	20	

20	21	26	28	25	28	23	23	19	

19	28	29	29	12	23	19	18	10	

21	21	18	13	12	26	21	17	10	

25	12	14	23	15	23	13	15	13	

19	14	30	30	26	17	23	19	13	

29	10	21	25	10	13	28	18	17	

24	10	25	13	14	20	21	30	29	

30	24	27	10	26	21	26	17	30	

14	22	29	24	26	13	24	15	17	

21	23	18	10	18	12	25	30	14	

12	12	11	22	21	26	17	10	16	

25	20	30	12	16	12	25	22	11	

14	25	11	17	24	26	18	27	11	

14	26	26	13	30	20	16	27	11	

18	10	27	26	16	26	25	23	14	

28	30	29	20	21	28	27	24	19	

24	27	20	20	29	27	19	10	30	

20	19	21	29	27	17	22	18	16	

22	23	27	11	15	22	22	17	11	

11	11	21	12	22	28	30	20	25	

11	14	15	20	14	23	10	14	19	

12	15	13	15	28	12	24	12	28	

22	11	21	20	24	16	23	10	28	

17	28	19	30	13	24	13	26	19	

15	10	22	14	16	10	26	19	10	

23	26	19	14	20	27	25	12	24	

10	10	19	27	17	28	27	26	24	

15	20	19	28	26	28	27	27	27	

22	13	17	23	18	17	14	30	10	

15	20	18	15	21	26	21	27	25	

17	30	19	30	17	16	20	10	29	

22	16	17	16	16	11	22	27	11	

24	22	24	19	20	26	22	12	29	

27	23	22	30	27	27	25	20	21	

12	13	23	21	19	13	23	15	11	

26	22	19	10	28	18	11	28	23	

14	23	25	15	20	15	10	19	25	

12	23	18	11	11	29	18	11	10	

11	23	30	23	10	25	14	14	14	

22	16	29	28	15	27	29	19	22	

16	26	17	29	19	16	14	14	19	

15	19	28	29	10	29	19	13	19	

16	21	22	16	23	23	14	27	18	

16	28	11	24	20	12	25	23	17	

18	16	21	21	18	14	22	20	13	

22	16	30	23	23	25	25	16	11	

18	25	13	10	13	26	16	14	23	

25	28	18	26	12	10	18	27	14	

21	22	12	29	11	12	20	29	18	

14	23	26	10	28	16	16	24	13	

17	27	23	29	16	24	10	30	10	

10	16	26	10	11	16	20	17	26	

23	11	30	13	20	13	20	15	29	

16	21	16	10	29	26	10	10	26	

20	13	13	14	17	17	25	25	27	

27	18	13	20	12	28	28	21	26	

27	15	10	16	20	18	22	15	18	

30	15	26	17	17	26	16	25	21	

15	24	25	29	19	15	13	23	17	

26	11	30	16	26	30	15	13	16	

10	22	16	15	22	16	19	11	24	

11	12	25	19	20	10	12	21	21	

30	26	24	28	20	20	25	17	22	

18	22	13	16	23	23	19	20	28	

24	14	15	15	29	21	30	29	13	

19	25	26	22	12	26	16	25	26	

23	25	24	14	18	18	12	16	11	

16	16	14	26	18	27	15	20	18	

27	28	22	26	26	26	17	11	22	

13	27	14	11	15	14	23	26	12	

21	15	10	22	29	10	22	10	24	

29	11	11	10	17	15	26	26	23	

17	17	12	15	11	18	20	14	30	

16	20	17	29	23	24	27	19	10	

17	20	26	27	12	27	16	11	18	

25	22	17	30	14	15	29	15	24	

10	23	21	23	13	30	15	11	24	

27	10	15	21	17	14	19	13	22	

21	29	21	24	20	15	13	20	23	

14	18	29	25	27	29	18	19	27	

24	29	22	30	17	20	15	26	16	

10	24	29	11	15	15	19	24	16	

28	18	16	30	25	22	18	20	30	

18	18	20	13	22	11	16	17	16	

17	28	11	18	12	30	16	11	10	

13	17	15	24	27	16	15	13	17	

11	10	18	30	17	11	12	10	10	

29	21	30	20	29	26	17	10	23	

16	10	22	11	23	10	12	15	17	

23	27	11	22	20	24	11	16	24	

25	26	13	28	28	22	19	11	15	

30	17	29	24	23	21	24	18	24	

17	29	29	26	25	20	24	12	19	

27	16	27	27	24	15	21	26	19	

11	29	28	15	11	28	24	27	29	

21	24	29	17	15	19	20	24	26	

25	30	26	12	15	18	24	10	22	

24	28	12	17	21	15	27	13	22	

15	11	28	18	15	27	25	30	14	

15	23	11	19	27	19	25	17	22	

25	19	18	14	30	13	15	19	30	

25	17	27	15	14	21	20	20	30	

25	30	30	17	25	19	17	15	17	

19	13	10	30	22	29	21	23	22	

26	12	14	12	26	16	23	11	11	

24	30	15	27	23	18	16	16	22	

29	19	15	20	29	17	22	16	27	

13	14	19	10	21	15	19	18	19	

21	21	24	10	30	15	13	17	25	

28	19	21	26	20	22	10	17	30	

11	30	26	14	19	18	18	12	16	

18	10	23	16	27	12	15	23	21	

19	10	12	17	20	22	17	13	24	

20	15	11	22	14	10	28	24	17	

14	14	19	12	15	17	28	18	15	

18	11	10	25	25	28	13	20	17	

21	22	16	28	25	24	11	25	22	

18	23	30	15	28	29	28	11	16	

12	26	16	15	20	18	19	25	14	

13	16	11	17	10	12	25	20	10	

28	17	28	28	29	16	26	22	15	

10	16	12	25	18	22	19	17	16	

21	27	17	24	17	20	10	24	11	

19	13	20	24	12	15	12	16	13	

12	21	22	28	19	13	17	12	30	

13	13	16	28	21	29	18	19	22	

19	10	15	19	13	21	28	13	15	

21	23	16	13	18	25	24	28	19	

13	26	17	30	25	14	18	21	20	

15	26	23	18	19	24	29	20	10	

17	15	24	30	17	25	11	28	28	

22	27	23	11	25	18	25	16	27	

20	18	14	14	25	19	22	27	28	

30	27	23	14	14	11	24	16	18	

25	20	21	24	18	14	21	25	30	

23	13	22	29	26	20	29	13	27	

25	20	18	17	14	23	17	27	14	

21	27	21	18	11	28	24	20	26	

13	29	10	27	25	17	30	28	16	

23	17	17	15	23	13	25	28	16	

24	11	26	18	29	20	13	14	14	

11	30	20	24	20	18	25	20	13	

26	30	29	14	15	11	30	14	13	

20	14	29	26	12	28	11	14	21	

26	25	20	21	22	22	30	26	12	

28	30	17	27	16	12	21	14	14	

17	30	26	20	16	13	25	13	16	

30	19	16	19	14	15	23	17	13	

17	17	21	17	16	30	23	28	18	

16	30	11	13	18	23	24	13	11	

26	16	15	15	30	16	10	20	16	

20	28	30	13	29	14	19	12	10	

21	15	10	29	26	19	12	25	24	

26	15	11	29	24	27	27	19	17	

26	15	25	21	11	22	20	22	14	

15	25	17	16	15	11	28	29	18	

18	14	26	28	19	17	28	19	27	

23	19	23	17	20	25	14	30	16	

12	23	28	22	24	30	26	13	24	

29	26	10	13	19	24	18	18	21	

30	23	14	14	21	16	21	27	13	

26	29	13	26	23	27	20	22	29	

12	10	28	11	16	12	21	17	28	

18	27	10	12	21	22	17	28	28	

24	13	20	23	29	17	16	22	19	

23	23	12	11	19	15	22	26	23	

27	11	16	14	17	18	12	15	23	

21	15	26	26	26	23	14	11	19	

29	20	13	11	27	27	27	27	16	

16	23	20	29	15	19	10	10	12	

26	24	30	23	20	27	22	15	22	

10	21	25	21	14	29	18	10	12	

26	15	22	18	23	10	29	21	15	

19	15	14	21	30	16	28	23	13	

29	14	22	22	29	21	26	24	30	

20	22	10	29	29	20	10	23	15	

28	11	24	13	18	22	11	21	15	

22	15	18	26	24	10	21	15	11	

12	28	14	10	26	15	16	21	23	

28	13	10	20	23	20	11	30	28	

24	10	16	12	29	21	19	28	13	

11	19	23	18	21	29	13	24	15	

30	22	13	23	27	17	12	21	15	

13	20	15	17	15	12	23	15	27	

15	13	21	20	16	18	30	29	14	

13	25	17	20	30	18	15	28	27	

23	23	18	15	24	28	13	25	25	

11	26	25	21	24	13	27	23	29	

10	27	18	18	20	22	13	26	19	

14	26	18	16	18	25	15	26	12	

26	30	27	23	12	12	25	25	19	

17	16	15	12	14	21	12	21	30	

14	24	23	15	10	15	13	18	23	

10	12	23	27	12	16	17	15	24	

12	30	11	17	18	20	18	28	11	

12	26	10	15	16	13	16	15	17	

13	22	29	27	25	12	27	28	26	

17	25	27	27	18	15	23	20	18	

10	24	26	11	24	14	14	19	27	

18	12	12	16	24	24	20	10	10	

25	23	16	24	13	21	21	23	19	

21	17	12	22	16	12	27	19	28	

27	15	23	10	19	20	14	20	20	

