240	3


2395
2394
2337


57
100
87
53
81
54
56
83
71
56
89
62
65
79
70
93
63
56
63
95
74
74
92
71
62
98
57
71
66
72
76
89
54
54
98
81
66
74
78
86
61
50
59
54
59
96
66
53
71
53
69
69
52
55
91
74
62
74
55
97
67
75
86
57
52
52
90
57
94
84
73
90
55
83
64
68
59
88
87
88
97
65
60
78
82
99
88
98
57
52
82
60
59
59
52
98
88
66
79
77
81
55
66
85
88
70
78
100
92
96
53
99
67
100
65
71
95
66
86
72
55
86
75
50
91
59
72
60
88
53
93
69
66
86
85
91
94
92
94
55
86
99
96
80
59
72
78
99
52
96
68
54
78
69
67
63
55
91
78
64
56
64
92
93
80
94
97
92
57
62
100
50
96
62
57
78
54
50
65
51
65
96
57
68
66
57
98
99
89
88
80
98
72
89
78
96
58
91
76
98
66
88
64
89
82
75
87
74
58
85
87
56
50
53
84
63
70
92
92
62
75
56
86
60
69
53
77
75
68
78
76
85
85
72
73
92
56
56
50
58


10	23	19	

21	30	25	

28	22	21	

19	30	24	

19	21	11	

28	29	14	

10	15	22	

14	12	30	

18	12	23	

17	22	14	

11	11	27	

24	19	16	

22	16	13	

17	16	14	

15	11	18	

14	16	26	

27	20	16	

21	14	25	

16	21	25	

11	11	18	

30	15	11	

12	17	29	

19	26	21	

16	28	14	

13	19	30	

16	28	25	

25	27	25	

27	28	11	

23	14	17	

24	28	16	

27	28	21	

20	16	16	

19	21	27	

27	13	25	

26	22	24	

27	27	22	

24	25	24	

23	17	30	

11	21	10	

12	30	16	

22	26	29	

19	13	16	

22	14	24	

10	17	16	

28	21	20	

11	22	22	

21	17	19	

28	20	18	

30	11	18	

18	18	29	

23	24	10	

10	29	26	

16	26	17	

17	24	13	

21	27	22	

26	18	12	

22	25	19	

10	22	11	

12	15	24	

14	30	15	

12	30	27	

23	15	25	

13	16	12	

24	30	17	

18	13	20	

21	30	15	

19	10	28	

16	19	21	

15	20	10	

11	25	14	

18	12	27	

29	28	22	

23	16	24	

12	26	14	

17	16	15	

29	23	25	

26	21	29	

12	16	16	

18	25	14	

12	10	17	

14	13	30	

27	18	15	

21	22	15	

19	13	21	

27	16	19	

13	17	26	

27	17	14	

15	27	11	

16	12	23	

28	14	23	

20	30	18	

22	10	15	

15	11	17	

23	26	13	

11	14	24	

29	10	21	

27	27	30	

25	29	16	

23	11	23	

13	23	13	

24	20	21	

11	28	26	

29	29	19	

13	30	17	

30	28	16	

19	30	16	

25	20	19	

24	13	12	

17	12	14	

14	16	20	

21	13	13	

26	10	20	

24	13	10	

30	18	23	

29	13	29	

30	17	19	

27	12	23	

15	15	28	

24	11	18	

14	18	11	

15	27	28	

28	24	11	

24	21	10	

10	27	29	

25	26	17	

13	30	12	

22	23	15	

19	12	16	

11	18	17	

15	30	25	

20	26	12	

25	24	19	

15	14	18	

18	25	29	

18	19	14	

15	21	11	

12	10	30	

10	16	25	

27	19	11	

29	23	30	

25	23	12	

10	12	24	

27	18	24	

30	20	21	

30	12	12	

11	23	13	

25	12	11	

16	14	11	

24	17	10	

16	10	16	

27	17	23	

19	27	20	

12	25	15	

22	12	26	

21	29	28	

11	10	21	

28	30	20	

22	25	20	

27	11	29	

30	12	11	

20	28	29	

21	28	23	

11	28	25	

17	14	13	

23	17	17	

21	25	23	

27	12	22	

16	14	13	

20	15	24	

29	24	28	

24	13	21	

23	14	20	

14	30	21	

13	28	28	

13	20	21	

10	10	13	

22	19	20	

29	24	19	

22	13	29	

26	17	26	

10	19	28	

18	19	22	

13	25	21	

22	12	22	

26	20	16	

28	19	22	

18	23	25	

14	27	25	

13	25	14	

23	10	29	

14	30	28	

28	23	14	

13	12	11	

11	27	15	

12	24	28	

27	16	11	

17	22	28	

20	27	14	

29	10	11	

11	18	17	

19	17	11	

24	26	28	

21	25	16	

20	16	18	

20	12	14	

24	30	11	

18	30	13	

20	26	30	

26	13	12	

20	30	19	

22	24	11	

27	14	24	

24	19	12	

27	14	15	

19	29	19	

29	22	10	

18	30	19	

12	19	21	

12	29	11	

22	28	26	

20	11	26	

28	23	22	

28	25	13	

10	20	13	

29	25	22	

17	16	15	

30	25	25	

14	14	10	

10	29	27	

15	12	29	

25	30	19	

22	13	19	

12	12	14	

24	15	27	

29	21	23	

19	24	12	

12	14	25	

10	16	28	

30	15	18	

18	13	18	

