1260	6


12543
12541
12611
12592
12483
12551


59
97
72
66
82
81
68
53
60
71
95
72
51
68
75
96
87
72
57
63
78
68
86
78
81
74
90
100
50
57
74
56
71
95
92
52
71
69
52
67
89
83
94
90
97
55
59
57
89
96
86
73
88
79
66
98
55
82
83
85
81
64
79
75
63
86
60
61
69
96
72
79
70
74
55
77
82
67
71
98
99
50
61
99
95
86
91
73
97
80
100
98
66
71
56
57
60
54
80
61
85
93
74
58
51
82
93
100
94
77
69
100
74
97
69
75
100
77
86
96
94
94
53
67
99
69
75
100
70
51
88
82
71
51
82
87
80
55
75
76
95
71
74
75
64
73
55
60
96
56
94
50
53
80
82
72
73
60
96
70
53
79
99
72
75
79
63
85
81
87
69
67
74
94
95
96
80
70
81
67
64
90
95
81
53
97
71
52
54
78
50
51
63
64
76
74
78
76
85
93
75
65
67
88
62
55
97
90
69
88
80
91
54
87
90
66
91
76
59
73
76
61
100
82
73
93
85
83
50
76
68
80
56
62
76
87
66
97
69
83
86
65
62
54
54
56
88
68
55
97
76
94
88
82
52
63
55
68
65
66
95
70
87
80
92
62
76
89
53
58
73
98
62
97
83
60
93
78
67
71
65
65
52
83
56
75
67
51
73
77
64
68
85
87
97
84
58
92
100
98
76
70
62
89
83
82
57
88
77
77
52
90
95
52
65
66
53
75
65
63
70
81
69
66
82
52
67
98
74
51
80
96
72
96
70
59
64
75
75
72
71
90
72
60
63
69
50
79
64
85
85
68
74
77
66
54
65
72
60
78
51
70
82
58
89
94
79
71
86
61
90
91
59
57
71
99
90
94
88
88
61
85
75
85
75
81
50
71
99
65
77
65
74
55
75
98
73
51
73
96
63
93
94
93
95
85
80
77
92
81
79
61
57
78
87
77
78
93
75
63
69
65
52
55
86
50
64
56
56
99
74
82
74
76
58
93
96
69
58
73
83
73
53
79
79
73
73
82
65
74
83
93
74
73
81
99
79
87
63
83
78
98
58
93
51
81
75
67
83
52
87
64
85
81
84
52
61
64
51
64
53
71
71
98
77
95
96
54
96
80
69
87
58
60
57
98
86
73
62
92
52
76
70
97
86
94
90
59
94
74
87
97
63
65
60
97
62
96
93
61
80
61
69
69
94
78
84
50
98
64
69
84
86
91
78
82
97
66
79
85
70
79
66
61
87
81
51
98
72
89
60
73
74
96
81
80
74
56
64
53
86
88
53
52
72
92
86
72
71
65
50
54
96
82
63
50
74
89
73
52
56
93
60
93
83
85
93
67
76
88
80
100
95
88
70
94
68
87
95
65
100
86
80
79
64
100
99
91
84
90
99
59
99
53
61
85
67
53
54
56
92
61
71
99
96
95
82
95
50
80
95
92
57
70
50
64
97
73
96
93
66
68
57
59
81
82
86
59
93
77
55
72
88
90
86
50
59
94
80
55
84
99
90
73
86
100
70
83
61
88
91
54
84
71
61
75
84
69
80
79
56
77
76
94
65
65
84
85
95
65
95
82
98
100
64
70
92
83
66
52
83
91
68
62
59
64
51
83
73
100
77
84
100
70
85
96
54
62
51
53
54
55
64
66
65
51
63
69
76
50
78
77
52
74
53
80
98
100
63
73
83
83
94
97
79
92
50
79
68
89
87
51
66
87
93
57
81
74
57
61
90
60
80
79
70
87
71
53
72
61
68
93
88
86
87
67
63
83
60
73
65
64
66
81
100
88
65
70
87
74
84
81
98
67
74
78
76
94
75
77
50
82
61
50
66
88
54
95
93
72
96
57
92
98
68
60
59
65
85
52
94
51
78
92
77
77
90
85
84
84
80
73
90
55
96
66
55
67
86
79
61
83
73
67
97
65
75
56
63
56
97
95
59
91
66
57
94
50
58
77
94
87
61
69
69
72
59
76
77
85
98
100
95
99
66
82
55
58
79
71
89
62
59
69
57
71
64
87
97
85
78
66
74
83
86
95
68
81
88
60
55
61
88
60
52
73
65
86
54
90
71
86
88
78
91
59
86
74
85
69
78
80
100
60
85
61
74
86
67
50
85
82
77
98
74
66
94
92
75
59
87
92
55
98
69
91
91
51
75
85
72
87
78
64
78
71
58
73
83
81
93
50
99
70
77
52
56
53
86
69
98
55
78
77
82
63
94
52
60
98
70
79
69
50
76
58
50
59
82
53
67
78
89
98
73
87
72
65
74
83
85
96
50
73
96
82
71
61
67
71
93
52
55
56
86
99
72
60
55
64
74
84
78
53
65
67
68
89
52
52
74
57
68
64
81
57
63
51
51
58
82
63
54
57
80
95
93
71
94
81
82
69
50
68
59
87
59
75
87
94
78
73
86
60
98
85
83
50
83
92
56
73
91
73
97
64
91
94
65
59
50
52
90
67
52
68
97
96
96
79
76
61
55
80
81
74
78
59
87
98
97
70
80
64
92
54
78
60
57
53
78
57
91
73
94
73
82
89
60
91
66
99
52
54
62
83
77
61
64
50
58
70
96
90
92
81
78
86
80
52
70
56
89
66
64
83
69
76
73
99
96
88
72
82
92
89
58
70
87
71
83
87
80
66
78
90
95
90
84
70
64
69
98
94
63
72
54
88
57
85
72
97
85
98
54
78
54
63
52
71
58
69
69
75
93
50
79
72
90
66
94
93
64
64
69
68
53
99
50
95
67
91
64
54
69
94
50
87
72
82
61
94
100
93
51
57
92
81
75
70
88
78
52
77
85
86
95
72
97
50
91
56
70
86
79
100
55
76
53
85
82
72
99
63
88
99
77
63
98
84


13	19	25	27	27	20	

18	12	18	15	30	13	

19	29	23	10	19	20	

30	12	17	24	12	16	

11	20	20	20	11	18	

28	10	11	15	17	22	

26	25	25	18	11	25	

12	14	20	29	25	25	

10	18	26	25	10	17	

29	12	16	18	16	16	

13	20	28	15	28	13	

14	15	21	23	16	28	

15	29	18	11	15	27	

21	10	25	16	11	12	

24	23	14	15	17	14	

28	27	11	27	26	28	

15	26	18	26	29	22	

22	27	27	26	25	26	

24	21	14	25	12	21	

17	21	28	23	26	12	

19	16	14	11	10	27	

19	21	17	11	14	20	

16	13	15	18	19	10	

13	25	10	19	10	21	

28	15	25	10	13	30	

11	17	27	10	28	22	

22	24	12	16	14	19	

19	14	17	14	15	11	

19	20	18	23	28	22	

28	18	14	12	18	19	

11	24	27	15	26	17	

16	21	24	16	17	28	

27	13	12	28	10	26	

28	25	21	14	14	20	

20	11	10	24	28	15	

30	13	30	21	28	26	

28	22	29	30	23	21	

21	22	18	23	19	15	

16	29	14	30	11	24	

11	11	16	17	26	10	

20	29	26	30	11	16	

29	22	10	23	21	20	

27	26	19	28	22	30	

11	13	14	16	11	23	

13	27	20	22	22	11	

18	22	20	30	26	23	

19	30	23	17	15	27	

18	28	27	23	15	18	

11	15	23	12	12	15	

16	17	17	10	23	19	

21	16	18	15	21	23	

15	20	29	18	27	12	

18	18	10	10	30	30	

20	12	23	19	11	13	

13	23	14	23	12	14	

12	21	14	18	16	24	

22	23	20	20	24	21	

18	15	20	26	28	17	

25	23	23	25	13	10	

25	13	10	27	14	23	

21	25	26	11	17	25	

19	11	28	18	15	20	

13	28	26	19	28	24	

10	20	13	21	16	25	

22	17	24	14	26	27	

20	17	29	23	29	10	

30	17	12	25	23	10	

24	29	30	11	12	22	

20	26	27	24	15	16	

11	13	26	29	20	26	

26	30	25	16	17	10	

22	23	20	18	23	11	

23	26	30	10	24	28	

13	19	11	22	18	26	

28	17	12	28	28	20	

20	24	16	22	16	18	

16	15	13	15	25	19	

26	27	25	11	21	23	

16	16	24	12	27	17	

23	15	16	10	11	23	

13	10	18	16	25	20	

24	30	28	14	25	28	

30	28	15	24	14	11	

23	20	14	22	17	12	

19	12	23	19	13	13	

27	18	28	30	20	11	

30	30	29	10	10	21	

22	28	10	12	12	22	

27	11	30	13	22	15	

11	10	23	18	28	20	

13	10	19	28	12	26	

17	13	11	18	18	13	

10	20	19	21	29	15	

28	10	22	11	26	19	

11	17	28	21	20	28	

11	10	15	11	30	25	

11	12	21	10	20	30	

18	12	21	12	18	26	

11	19	13	13	21	30	

24	28	26	10	17	26	

10	14	27	30	28	29	

29	11	13	15	23	15	

26	24	17	30	28	25	

25	26	15	29	14	22	

26	16	28	21	19	25	

26	20	12	26	18	17	

16	15	26	28	26	27	

13	15	28	23	10	10	

22	26	20	23	24	22	

24	13	16	11	15	24	

27	25	25	13	22	27	

19	11	14	15	18	30	

28	17	20	29	17	16	

15	15	16	14	12	11	

21	13	16	17	13	17	

14	29	12	10	27	18	

23	25	10	17	28	11	

23	17	23	22	25	11	

29	29	15	19	13	30	

12	21	17	20	14	27	

16	19	28	14	16	16	

13	28	21	15	18	28	

14	21	20	29	17	19	

14	25	13	25	24	26	

21	12	18	25	21	14	

24	10	22	18	30	13	

24	24	14	14	24	10	

10	19	23	12	14	27	

11	13	13	11	16	30	

16	24	19	13	15	14	

25	13	19	28	18	28	

22	10	28	18	30	18	

22	20	29	27	25	19	

26	12	30	12	23	16	

27	12	17	18	22	26	

16	15	17	21	29	15	

11	20	22	18	15	13	

18	19	22	30	15	22	

29	14	25	15	27	21	

29	22	18	11	11	11	

10	24	27	29	28	18	

16	21	12	18	26	19	

21	20	13	16	17	14	

25	29	29	20	28	26	

30	22	27	28	27	22	

28	27	15	27	13	21	

24	23	16	16	22	16	

12	16	15	11	16	27	

19	15	27	12	11	22	

27	30	30	30	26	17	

21	15	30	12	16	10	

15	14	27	16	30	20	

11	26	21	29	20	18	

21	19	30	10	26	28	

11	17	17	30	26	23	

15	11	20	27	23	20	

11	11	24	29	24	27	

12	25	17	12	19	10	

22	16	10	21	11	13	

30	12	10	15	15	21	

25	25	28	18	12	30	

26	17	24	29	17	20	

18	29	25	10	21	27	

19	15	19	25	15	25	

10	23	18	24	30	21	

27	27	26	11	25	10	

28	16	12	30	28	23	

26	14	22	12	29	22	

16	23	23	17	21	29	

18	15	22	12	30	27	

14	23	14	24	11	19	

28	13	19	23	18	14	

18	21	20	14	20	11	

24	11	22	19	30	26	

26	10	30	28	20	21	

25	11	11	29	20	10	

15	30	19	19	18	13	

16	24	16	24	22	27	

30	30	24	15	11	26	

19	21	12	13	22	20	

15	10	14	13	18	29	

25	11	11	30	20	21	

29	17	12	10	18	23	

19	20	28	14	10	19	

17	29	26	30	17	18	

20	30	11	28	16	14	

15	12	19	22	29	27	

27	24	23	13	23	26	

17	30	24	23	29	10	

30	10	29	12	16	28	

12	17	23	12	20	22	

24	13	30	19	15	28	

20	14	11	21	28	26	

11	28	12	11	30	22	

15	18	19	30	24	21	

23	13	29	29	11	16	

27	19	14	27	20	20	

11	13	23	24	27	24	

27	18	26	30	17	20	

19	23	17	24	13	16	

13	25	21	15	20	21	

14	13	30	16	11	30	

18	10	12	14	19	26	

10	23	16	10	27	20	

17	11	12	19	23	28	

14	26	20	26	22	22	

18	10	14	15	18	27	

27	23	15	21	13	25	

26	10	21	23	21	14	

19	29	11	15	13	18	

12	28	16	17	16	27	

18	18	25	19	21	16	

12	14	26	10	23	13	

10	12	13	19	16	27	

28	27	16	18	20	29	

30	27	29	24	20	20	

12	18	25	11	10	20	

24	30	28	20	26	19	

28	19	25	13	19	11	

14	19	28	24	21	23	

14	11	29	25	14	22	

18	27	17	27	30	26	

23	16	29	28	18	28	

29	17	29	21	15	24	

20	15	21	14	16	25	

17	10	19	26	23	28	

15	17	25	29	27	19	

29	30	16	29	26	29	

19	12	18	26	19	11	

15	15	12	11	19	11	

30	13	19	30	10	18	

17	18	26	29	18	29	

20	12	14	11	24	29	

18	19	28	27	17	11	

27	22	16	12	24	17	

19	29	18	22	23	11	

30	24	13	26	29	20	

10	12	24	22	17	29	

28	21	29	12	14	30	

20	11	14	19	13	28	

23	20	29	14	18	11	

21	25	12	24	15	24	

14	11	12	19	18	27	

12	29	13	19	24	11	

15	29	25	22	18	27	

19	18	25	17	30	22	

23	28	13	10	24	20	

17	24	10	30	29	14	

17	27	20	11	30	25	

27	24	29	16	24	21	

21	17	14	16	28	16	

18	17	19	23	30	10	

22	21	26	28	30	14	

14	20	26	19	14	18	

26	17	27	10	14	17	

15	29	17	25	13	16	

30	10	23	28	21	17	

13	23	27	28	26	14	

13	28	30	10	12	14	

24	11	30	19	16	28	

21	28	26	19	29	26	

29	19	30	10	14	12	

21	22	25	28	30	30	

16	23	21	29	12	16	

15	14	10	16	20	27	

24	17	11	30	10	21	

23	21	25	28	24	15	

25	30	23	22	18	19	

28	15	17	25	26	24	

14	11	18	27	19	21	

26	25	22	12	17	22	

29	24	28	20	15	17	

13	28	22	14	16	28	

21	29	16	22	23	13	

26	12	14	19	19	28	

10	13	30	28	18	19	

25	29	10	14	12	21	

18	17	27	28	19	20	

11	10	27	19	25	14	

28	23	22	30	27	29	

22	11	27	20	24	14	

19	26	16	24	24	21	

23	11	10	28	29	23	

15	12	21	24	30	28	

12	23	29	15	12	19	

16	23	11	13	19	11	

22	17	13	29	13	10	

13	28	27	12	27	26	

26	25	25	13	26	28	

15	25	25	28	23	23	

29	14	11	14	16	13	

17	20	13	22	10	13	

19	13	23	30	18	25	

25	27	24	20	25	30	

15	15	24	25	12	14	

13	26	13	15	22	24	

22	28	25	18	15	26	

30	25	23	12	22	12	

27	20	30	21	19	28	

18	28	13	14	28	11	

30	13	14	21	30	15	

26	17	20	24	29	21	

18	20	17	20	24	20	

11	28	18	26	25	19	

24	27	28	24	16	18	

19	23	15	19	27	19	

11	23	23	19	30	10	

23	15	25	21	30	30	

16	24	27	15	28	18	

21	18	18	23	11	18	

16	27	21	23	11	14	

14	11	12	27	10	19	

24	10	22	20	30	17	

13	22	24	13	15	18	

10	10	14	24	11	22	

12	20	28	30	13	12	

29	20	15	21	13	17	

14	12	28	19	27	28	

11	22	21	12	11	16	

29	11	18	11	14	19	

18	22	24	20	10	15	

11	20	23	14	19	18	

27	28	12	14	15	24	

12	12	25	25	28	30	

13	10	10	17	11	16	

20	24	24	17	26	26	

28	11	14	27	13	29	

18	24	13	28	14	10	

22	24	10	19	14	23	

19	11	11	18	28	12	

28	20	24	24	12	30	

22	17	22	14	14	25	

27	29	12	25	11	12	

22	12	28	29	11	29	

13	15	10	14	21	16	

21	10	17	16	25	14	

21	24	14	19	28	21	

19	26	29	19	10	14	

17	28	23	15	26	12	

17	29	27	30	14	19	

15	27	16	15	20	10	

16	18	27	12	16	27	

22	10	28	30	10	24	

14	15	22	13	15	20	

19	20	20	18	23	19	

27	29	18	17	15	24	

19	21	27	28	20	11	

23	13	25	27	29	17	

22	24	21	24	10	15	

23	27	17	27	14	24	

24	25	15	11	15	22	

28	26	23	14	24	14	

11	18	19	21	17	16	

13	19	24	10	10	24	

12	20	25	26	29	15	

25	26	19	25	18	12	

16	16	10	23	25	20	

20	20	26	10	14	16	

26	23	20	23	17	10	

16	18	15	18	18	22	

24	17	16	23	22	17	

23	30	18	18	23	12	

15	26	10	15	30	14	

30	30	13	14	12	29	

26	23	12	18	10	12	

15	22	15	12	17	18	

14	17	20	25	26	30	

18	16	10	29	18	22	

10	27	17	29	30	13	

23	18	17	27	22	11	

17	29	15	11	26	29	

21	11	25	28	21	11	

25	21	25	26	24	26	

22	25	30	27	22	21	

23	29	27	22	18	14	

27	12	20	13	29	11	

26	16	19	16	21	15	

21	15	14	20	29	13	

29	25	13	21	20	18	

25	15	18	24	25	22	

17	13	24	16	19	17	

24	24	13	25	25	12	

12	19	11	26	17	18	

26	10	15	17	29	22	

16	10	19	25	12	30	

18	15	15	22	29	28	

26	27	24	15	17	10	

28	13	19	17	21	20	

12	10	12	26	17	10	

19	20	13	15	19	19	

29	17	24	23	23	22	

26	19	28	21	18	18	

25	13	18	10	25	13	

22	11	19	16	21	24	

13	18	13	15	19	21	

11	16	13	18	25	19	

22	23	29	23	27	16	

14	11	27	11	15	17	

11	24	24	21	23	14	

25	23	14	22	13	18	

29	16	16	26	11	11	

18	20	13	18	23	17	

19	29	13	26	18	25	

29	10	23	16	23	13	

23	11	19	27	28	12	

15	26	15	10	17	13	

13	21	29	22	22	28	

23	28	21	28	25	29	

28	23	24	22	21	27	

22	29	25	12	10	26	

29	28	11	30	26	30	

10	10	26	26	19	25	

17	23	11	13	28	21	

29	11	23	22	19	19	

30	28	27	25	14	12	

12	24	18	19	18	11	

17	26	28	18	28	12	

13	10	11	10	15	26	

16	13	28	11	16	22	

27	30	16	21	10	21	

29	27	10	22	10	12	

20	21	20	17	10	17	

21	16	28	27	21	23	

28	13	22	27	30	20	

29	25	22	24	10	26	

18	14	13	28	13	12	

29	13	13	11	23	26	

22	18	15	18	19	16	

15	25	19	15	19	25	

10	18	28	25	13	19	

20	16	29	15	17	21	

14	21	17	16	24	30	

26	15	29	28	20	18	

14	28	15	13	17	17	

26	19	28	25	14	23	

19	27	13	17	14	21	

15	18	16	18	30	29	

16	10	17	12	26	26	

23	16	17	22	15	14	

25	13	16	19	11	16	

11	26	10	26	24	14	

11	21	20	15	14	30	

22	17	24	15	25	24	

16	14	23	16	27	16	

26	29	19	25	15	10	

19	23	29	10	11	16	

11	15	26	13	27	25	

12	19	23	11	29	15	

18	15	21	21	10	27	

20	12	29	18	27	14	

29	18	22	17	12	21	

24	11	29	24	21	19	

17	12	21	27	21	29	

29	24	25	17	29	20	

28	26	13	18	12	11	

13	30	19	24	22	29	

27	25	18	30	30	29	

27	27	20	28	26	19	

13	15	14	24	25	19	

18	26	24	15	19	14	

24	10	26	25	21	16	

22	21	27	16	10	30	

27	22	15	19	27	30	

12	29	11	25	14	15	

27	28	13	17	24	10	

11	21	11	22	28	24	

22	11	18	22	24	27	

30	11	20	13	11	11	

22	12	19	17	21	24	

30	23	19	14	18	25	

22	20	23	14	25	14	

10	16	12	25	24	23	

17	17	17	22	10	30	

18	14	17	19	27	15	

10	28	22	26	16	15	

18	11	16	17	27	20	

28	11	19	27	19	15	

25	28	18	11	30	10	

25	13	28	25	22	18	

26	26	18	17	11	25	

22	13	24	22	26	25	

13	25	20	13	20	19	

17	27	25	30	27	24	

14	12	12	30	13	12	

27	16	25	23	22	15	

25	11	18	10	13	16	

16	21	14	16	17	10	

25	14	30	12	15	24	

14	11	24	14	10	30	

25	28	26	29	16	14	

27	13	26	20	13	25	

28	10	19	10	22	28	

16	13	26	11	18	18	

24	19	14	16	27	13	

19	10	18	23	24	13	

10	27	17	29	12	12	

13	15	25	22	18	25	

16	16	25	10	17	21	

29	17	23	11	17	20	

15	23	25	12	29	11	

25	16	15	24	14	16	

23	12	26	25	27	13	

25	20	30	17	10	18	

29	18	16	13	10	21	

17	11	27	22	14	14	

21	30	26	13	29	14	

27	14	12	15	15	19	

25	19	12	20	22	22	

14	16	23	17	19	18	

29	19	12	14	26	20	

10	18	22	21	29	23	

30	21	16	12	11	17	

23	17	26	27	21	28	

15	14	27	26	28	22	

20	30	22	23	28	16	

13	26	28	29	17	23	

17	13	17	14	22	13	

29	21	30	10	21	29	

19	28	13	29	10	20	

14	16	22	30	21	12	

15	20	30	19	13	13	

26	13	24	18	23	30	

16	29	13	20	16	30	

26	24	29	19	16	23	

28	21	17	25	21	28	

23	21	23	28	30	30	

26	23	21	18	27	16	

22	23	22	10	12	11	

26	28	16	27	15	18	

15	11	13	24	15	13	

12	18	11	23	14	14	

27	14	20	29	14	16	

21	28	10	13	14	28	

26	18	25	12	13	17	

11	18	11	24	12	28	

11	22	20	16	19	10	

29	10	28	10	17	15	

20	24	10	13	14	20	

10	13	20	27	14	14	

22	30	25	26	25	19	

14	15	18	21	16	21	

14	21	22	26	14	18	

23	18	22	23	10	26	

16	26	20	17	20	13	

13	22	10	24	25	23	

13	17	21	30	20	30	

29	30	30	15	20	13	

26	14	23	15	18	21	

17	13	20	21	24	25	

26	22	24	12	14	20	

25	15	10	15	15	27	

11	19	26	23	12	25	

20	25	22	12	20	23	

26	24	16	14	23	25	

11	15	24	25	13	14	

29	19	29	16	12	12	

21	21	18	17	24	30	

10	20	18	29	18	13	

15	14	24	13	30	10	

16	30	23	13	14	22	

17	15	22	12	25	21	

15	15	13	26	17	24	

25	14	28	10	22	10	

19	24	28	30	24	21	

14	24	26	17	16	18	

22	16	12	29	25	13	

10	28	18	10	22	27	

22	24	11	23	24	30	

19	21	15	30	13	27	

13	17	11	10	29	12	

16	25	27	25	26	18	

20	24	29	13	13	26	

29	26	13	18	21	25	

12	11	29	25	15	24	

19	26	10	11	13	28	

10	20	16	17	12	28	

21	11	16	12	19	19	

29	21	22	11	22	30	

10	27	16	26	10	17	

14	24	21	17	13	23	

28	18	27	13	20	17	

22	27	25	18	30	24	

10	21	29	24	16	11	

23	11	10	26	28	21	

26	13	30	20	23	17	

20	27	10	19	23	30	

13	22	25	29	30	30	

14	26	20	15	14	20	

13	21	26	29	25	13	

30	23	19	24	11	12	

11	19	15	18	28	19	

12	27	12	22	12	16	

17	14	19	27	27	18	

30	28	17	28	22	11	

28	30	28	17	30	10	

19	18	20	18	17	25	

30	10	15	27	11	18	

26	20	23	20	12	28	

19	30	11	28	28	18	

11	10	18	12	13	26	

26	30	14	18	20	10	

25	30	25	22	13	17	

22	23	16	26	11	22	

28	19	14	21	23	12	

10	13	20	29	23	21	

10	14	25	18	15	29	

27	13	15	17	17	25	

19	10	26	29	20	12	

13	11	11	24	11	18	

12	14	30	15	26	23	

14	29	10	14	13	18	

18	11	29	28	28	24	

28	17	19	18	27	13	

21	25	29	28	27	19	

18	21	26	29	14	19	

15	19	13	30	20	11	

19	20	23	28	15	23	

14	14	28	23	20	21	

10	17	27	14	10	17	

19	29	20	26	29	24	

11	22	16	18	26	23	

19	16	17	21	10	17	

24	25	23	24	17	10	

23	13	10	21	28	28	

15	28	26	23	22	10	

12	28	30	15	17	17	

13	28	22	25	19	16	

23	10	20	27	29	23	

26	29	21	23	17	16	

24	10	30	29	26	11	

19	16	29	28	19	14	

21	13	26	30	29	18	

25	21	14	16	12	14	

12	22	13	28	10	16	

20	15	15	22	30	19	

11	27	21	13	26	13	

26	26	15	12	11	23	

25	22	25	22	23	24	

14	11	13	26	21	23	

17	16	20	21	30	27	

16	18	28	28	17	26	

14	10	28	11	10	14	

13	21	25	29	13	29	

25	18	22	30	18	20	

20	14	16	18	11	23	

25	11	21	22	15	16	

12	16	26	11	26	17	

14	23	15	29	24	21	

22	10	21	17	17	24	

16	12	13	14	14	12	

12	27	28	14	22	19	

17	23	22	17	26	16	

21	24	15	14	15	15	

10	28	16	15	24	22	

29	17	11	22	17	20	

19	29	25	17	24	15	

10	15	13	19	15	11	

19	13	19	28	12	29	

29	22	13	25	10	18	

28	29	27	10	14	21	

30	24	29	19	16	22	

23	11	18	26	25	10	

19	17	17	21	18	28	

30	14	12	24	28	20	

20	22	10	12	11	21	

16	11	13	16	28	25	

14	10	13	12	17	28	

23	12	13	28	22	20	

14	10	14	17	20	22	

26	29	27	14	14	30	

19	11	26	27	21	27	

30	20	29	29	24	19	

23	29	20	25	26	14	

20	21	12	12	21	27	

14	17	17	18	25	23	

21	14	25	13	11	22	

19	15	11	28	11	17	

22	11	25	10	24	16	

18	29	28	19	25	13	

27	13	20	28	17	12	

10	12	27	12	14	30	

17	13	23	10	28	13	

22	14	12	21	22	10	

17	12	16	14	25	13	

13	21	23	18	18	30	

26	10	24	28	16	21	

24	11	11	18	27	10	

27	20	20	23	25	13	

24	29	16	15	15	23	

20	24	19	18	12	12	

13	17	18	23	27	21	

15	17	25	22	14	30	

18	23	30	23	22	19	

11	10	23	13	16	26	

24	13	21	29	22	28	

19	27	14	20	29	23	

14	29	15	17	30	24	

22	27	29	19	27	22	

16	18	20	20	13	18	

27	19	21	21	10	25	

20	30	30	19	11	23	

10	16	15	22	22	10	

28	29	16	25	20	12	

21	13	22	24	12	17	

17	21	23	17	12	12	

28	12	18	23	30	27	

19	24	21	23	15	21	

21	14	30	22	25	16	

23	10	14	30	30	23	

17	24	17	10	12	13	

21	28	14	17	30	26	

20	18	22	15	18	10	

15	25	13	26	29	17	

11	24	25	17	26	24	

19	17	23	24	12	18	

17	17	26	26	27	29	

25	14	17	22	15	30	

10	28	22	18	25	20	

17	17	19	26	18	15	

19	21	12	30	25	19	

22	22	15	30	15	26	

24	29	23	24	25	22	

29	18	24	26	19	11	

19	30	17	15	16	27	

17	29	23	14	18	20	

19	17	27	27	16	14	

10	20	14	22	30	28	

30	13	28	19	21	23	

18	25	24	21	15	20	

15	17	15	27	13	18	

20	11	21	29	22	14	

11	13	19	10	21	21	

21	24	28	25	26	24	

26	19	17	29	30	13	

11	27	25	16	15	12	

21	18	23	27	16	21	

26	18	10	23	22	14	

26	14	29	22	13	23	

19	11	23	11	13	12	

26	28	15	13	11	29	

28	17	16	11	17	21	

17	30	19	11	29	17	

11	25	17	19	11	27	

25	11	21	23	28	19	

13	25	29	11	19	29	

27	18	20	11	26	27	

20	22	11	14	11	11	

10	16	21	30	26	17	

26	21	13	19	23	11	

14	19	23	28	26	25	

20	29	16	22	30	12	

18	15	24	28	13	14	

28	29	23	16	14	15	

26	15	10	24	17	30	

29	12	28	29	24	30	

14	20	21	28	11	15	

22	19	19	20	18	14	

26	30	29	22	13	11	

10	25	11	21	21	18	

29	20	30	17	22	22	

15	26	19	17	28	26	

11	28	19	26	26	18	

20	21	14	30	12	20	

27	30	20	30	11	25	

14	26	14	16	22	22	

21	14	24	12	15	27	

27	23	25	21	25	26	

17	27	13	10	14	23	

18	13	17	17	10	20	

12	24	25	10	12	11	

16	17	29	16	26	11	

10	23	20	30	22	12	

24	18	18	16	19	18	

21	14	25	23	12	22	

22	12	30	13	17	18	

11	29	20	30	13	15	

16	23	30	15	17	20	

21	25	10	23	17	16	

24	12	14	29	11	30	

15	22	25	25	18	28	

23	19	16	24	28	25	

23	23	23	17	16	14	

18	29	14	12	13	28	

17	25	24	25	22	19	

29	25	25	11	24	12	

28	20	17	12	15	30	

30	10	22	10	30	29	

22	20	24	17	15	20	

13	29	18	13	16	14	

20	29	26	17	13	20	

28	24	30	10	27	18	

28	23	13	10	29	20	

26	11	12	26	11	14	

28	15	20	22	23	23	

30	17	17	29	29	26	

28	26	20	20	13	19	

27	26	27	11	14	30	

21	26	14	28	17	30	

14	23	26	30	19	11	

16	28	11	25	20	10	

18	12	22	11	24	14	

17	16	29	22	26	17	

16	21	12	27	30	13	

10	29	14	30	14	24	

20	14	17	11	25	30	

22	20	18	23	16	13	

27	16	16	18	16	22	

11	30	30	20	10	13	

26	11	10	12	23	19	

10	18	20	25	23	20	

14	22	30	11	22	17	

16	21	26	27	10	17	

24	29	12	20	25	17	

12	13	17	24	23	26	

18	11	17	30	10	28	

12	18	30	28	30	28	

30	19	27	16	17	18	

26	30	30	29	18	23	

13	12	13	16	17	21	

21	24	29	20	11	21	

19	29	20	18	25	27	

14	28	16	24	12	17	

18	10	30	16	23	18	

30	29	12	17	20	20	

10	30	26	14	16	29	

17	12	24	10	23	13	

10	24	29	10	24	25	

18	23	15	14	28	19	

30	15	11	18	24	21	

17	17	18	16	26	30	

21	29	19	29	12	21	

18	21	10	27	17	21	

16	10	14	14	10	15	

12	28	15	19	18	17	

11	24	22	20	29	14	

21	24	14	17	29	28	

26	12	30	22	15	12	

28	19	23	16	17	18	

22	24	16	12	20	22	

18	25	18	21	18	25	

15	29	21	24	17	17	

11	13	13	23	23	19	

22	29	23	22	24	15	

24	26	19	24	20	16	

24	12	24	16	10	11	

20	28	17	24	15	23	

14	29	26	13	25	24	

10	29	28	15	17	25	

10	17	23	23	18	16	

24	26	10	18	13	22	

27	30	12	29	24	11	

17	19	22	11	18	10	

25	17	27	23	13	13	

23	23	13	20	22	27	

10	19	16	30	15	25	

21	10	18	22	21	19	

18	23	27	28	23	14	

25	13	22	10	27	27	

23	21	10	12	22	28	

15	19	14	29	12	15	

15	29	13	20	12	22	

27	18	14	26	14	17	

13	18	21	16	30	25	

21	10	14	14	29	25	

13	10	10	10	19	16	

13	15	10	12	19	29	

27	29	21	27	17	29	

18	25	13	12	14	17	

10	18	27	27	24	11	

10	23	15	16	12	28	

27	15	21	10	27	23	

29	19	11	30	30	28	

13	25	18	17	26	30	

17	14	25	21	26	23	

27	20	20	24	15	25	

10	10	16	16	30	25	

10	26	13	25	27	14	

15	20	12	21	15	28	

12	26	29	22	17	21	

29	10	14	16	28	19	

27	11	21	17	13	14	

18	12	15	23	28	25	

30	22	15	16	21	26	

19	13	30	13	11	11	

21	13	19	27	20	30	

26	16	29	14	16	28	

29	22	15	18	20	27	

23	21	30	21	25	23	

22	18	30	26	19	21	

12	24	25	12	23	23	

18	25	17	24	14	14	

17	25	20	22	25	13	

11	26	14	11	21	22	

13	21	26	12	20	12	

22	27	22	14	23	24	

29	26	20	14	27	20	

18	15	17	12	14	24	

30	10	30	29	28	10	

11	20	28	15	16	16	

29	27	19	16	17	19	

23	23	28	25	22	24	

26	27	15	22	20	28	

12	27	26	28	25	27	

22	21	23	27	29	10	

26	22	11	16	30	20	

10	29	17	28	30	27	

15	26	17	20	20	21	

30	27	23	19	14	28	

27	17	29	18	17	20	

13	25	14	30	12	30	

30	26	29	14	17	27	

21	10	30	16	23	17	

30	10	22	30	24	19	

20	29	28	12	17	18	

18	26	13	13	25	20	

17	12	26	26	16	27	

15	20	12	24	29	19	

28	20	25	18	10	18	

14	29	25	17	25	13	

16	24	28	24	13	15	

19	25	26	23	29	15	

12	16	16	16	11	15	

22	14	28	12	18	30	

14	14	26	17	21	11	

25	27	12	16	16	22	

27	16	30	24	18	23	

28	11	17	22	19	14	

18	16	30	16	21	20	

25	21	29	21	19	12	

17	24	12	25	17	23	

22	23	17	11	19	16	

14	15	27	29	27	21	

25	19	15	26	23	21	

22	18	14	25	24	20	

16	27	21	22	26	24	

12	29	22	11	28	17	

22	12	30	27	11	23	

25	21	12	14	26	24	

15	25	25	11	28	20	

25	15	29	19	21	24	

11	16	11	30	16	20	

29	18	20	24	27	29	

22	27	27	20	19	22	

29	10	23	25	24	21	

26	16	26	20	16	11	

10	30	26	17	10	10	

25	27	19	19	22	18	

23	30	23	22	29	26	

10	21	23	10	13	25	

12	29	22	20	17	10	

15	20	23	21	12	11	

23	25	22	28	19	25	

18	22	18	22	25	18	

25	11	12	15	20	29	

16	11	20	25	27	29	

27	19	27	10	30	16	

15	24	19	10	12	13	

26	15	18	17	16	29	

25	25	30	30	10	27	

13	18	10	19	20	15	

11	23	27	24	18	28	

24	24	21	28	10	23	

24	18	24	19	25	19	

29	23	24	11	21	12	

27	17	19	20	12	13	

25	19	11	17	30	23	

15	20	14	27	23	12	

27	21	22	13	15	22	

10	29	20	17	24	26	

20	26	16	23	29	29	

22	21	18	11	13	12	

23	16	21	15	17	27	

14	10	19	20	27	21	

14	27	26	26	23	11	

13	29	14	13	10	23	

27	13	20	19	24	26	

21	23	24	30	24	22	

19	30	25	26	11	26	

13	28	18	22	29	28	

15	16	24	24	11	18	

20	14	10	23	10	21	

29	27	26	23	24	13	

28	10	12	28	26	20	

17	30	24	27	24	14	

19	21	22	16	28	16	

27	19	15	18	14	17	

21	18	10	23	21	27	

25	23	22	22	21	10	

22	23	21	16	21	28	

10	11	30	15	28	16	

16	18	24	25	13	16	

17	17	11	19	21	19	

30	22	28	17	27	29	

20	11	18	10	20	19	

16	24	12	15	28	14	

26	19	16	27	11	27	

15	15	28	28	24	16	

15	23	24	30	17	12	

25	30	19	12	20	25	

25	17	27	30	23	14	

22	17	13	29	28	18	

13	21	10	22	21	10	

16	19	16	28	22	26	

21	18	21	22	17	30	

21	11	27	28	20	11	

11	27	26	21	16	28	

18	18	11	13	29	25	

23	18	19	28	29	11	

15	14	14	17	15	11	

17	10	10	14	22	11	

28	25	28	26	24	22	

25	17	17	16	23	21	

20	27	23	16	21	29	

23	13	12	26	14	30	

29	20	17	19	30	11	

21	30	17	30	16	14	

15	30	30	17	15	16	

28	14	12	16	12	18	

26	24	11	19	20	19	

24	15	11	26	18	29	

19	15	18	26	26	25	

24	25	25	23	24	30	

20	18	14	27	23	23	

10	26	23	20	25	24	

18	21	12	14	18	17	

21	28	13	25	20	30	

11	28	11	19	14	15	

16	23	20	25	28	20	

12	27	22	11	22	19	

30	15	27	10	20	16	

17	13	11	23	14	22	

14	26	24	22	29	17	

15	29	10	27	16	21	

27	26	19	24	26	10	

13	19	25	12	14	27	

29	24	25	20	24	13	

28	11	13	17	14	11	

17	10	29	10	11	14	

13	21	28	15	18	13	

23	16	25	20	25	19	

30	22	11	30	14	29	

22	12	25	22	15	28	

25	19	25	17	29	12	

18	17	10	16	22	29	

25	12	18	17	18	12	

23	26	13	12	20	16	

22	13	21	20	28	13	

27	20	25	20	28	11	

22	10	24	27	24	29	

23	11	27	30	21	28	

24	21	12	28	18	12	

13	17	18	26	16	19	

25	11	17	26	20	10	

12	24	14	25	11	24	

30	15	19	18	22	15	

19	21	18	26	16	22	

23	12	16	24	11	14	

28	28	14	30	17	13	

14	15	30	11	29	16	

19	16	18	26	18	28	

21	15	22	16	30	13	

25	25	24	11	22	24	

12	24	30	11	22	23	

16	30	29	19	16	24	

23	13	19	25	27	13	

19	28	16	19	25	24	

22	16	11	23	18	25	

17	26	27	21	23	25	

14	18	18	14	23	28	

17	18	28	25	25	17	

21	22	16	10	25	13	

26	21	16	14	22	23	

18	27	23	26	16	15	

20	18	17	11	26	23	

10	20	20	21	26	23	

19	21	25	29	26	21	

23	16	22	11	20	11	

16	13	17	21	25	15	

25	12	14	30	17	25	

14	14	28	10	24	29	

14	18	19	10	27	13	

22	10	24	25	10	17	

11	12	16	12	21	16	

19	26	24	18	13	14	

10	25	23	16	30	29	

21	18	24	26	22	13	

19	13	20	30	19	22	

13	21	22	17	23	12	

26	27	23	21	10	11	

14	19	16	25	13	11	

26	29	10	22	13	21	

20	25	26	15	11	27	

21	19	14	11	17	10	

18	12	21	24	20	22	

29	30	16	11	13	21	

28	23	12	22	25	16	

30	15	18	22	29	27	

22	28	22	21	24	30	

16	18	19	30	18	12	

28	25	22	15	30	29	

22	30	24	16	23	21	

28	13	21	20	23	10	

22	12	18	24	13	21	

25	17	12	13	12	30	

11	29	24	24	21	28	

28	17	11	29	25	22	

11	11	13	20	11	11	

21	21	20	19	10	12	

30	14	12	11	16	30	

21	12	10	15	13	28	

27	19	26	10	22	17	

22	29	26	20	24	19	

29	27	16	10	26	14	

19	13	30	21	10	14	

14	10	14	28	26	24	

17	26	19	20	10	13	

14	28	10	13	28	24	

19	29	21	23	19	20	

16	27	11	29	28	21	

22	17	27	18	22	11	

25	26	22	12	26	12	

10	10	22	22	19	11	

13	28	14	17	25	16	

14	15	14	15	16	27	

20	30	21	30	18	30	

24	30	28	11	17	26	

30	11	30	20	23	23	

11	26	24	26	14	28	

24	17	18	29	11	24	

26	16	13	14	20	15	

13	11	19	23	15	18	

23	21	14	20	18	20	

24	24	12	19	13	30	

14	27	16	29	22	25	

19	13	15	26	19	22	

20	14	10	10	20	26	

24	30	10	15	25	17	

22	11	20	16	28	23	

17	24	10	14	18	24	

22	17	18	12	15	26	

30	22	24	10	24	28	

17	23	29	22	25	27	

20	21	18	25	13	25	

29	17	21	14	21	16	

14	23	21	11	27	21	

16	16	18	21	16	16	

30	26	24	15	22	15	

24	20	18	23	14	27	

28	14	27	28	22	26	

24	13	26	24	22	16	

20	18	28	19	11	26	

21	25	27	10	18	30	

25	26	23	26	29	15	

15	28	23	28	30	28	

11	27	22	11	29	28	

10	19	25	15	23	28	

18	10	15	22	25	17	

27	23	15	22	19	17	

14	20	15	23	20	10	

29	21	10	25	15	27	

30	21	28	28	23	15	

14	11	26	22	10	21	

10	22	11	25	18	27	

13	24	23	23	27	12	

16	15	24	15	16	24	

30	12	29	16	14	11	

26	29	25	30	12	26	

13	26	16	30	25	10	

20	30	12	28	10	26	

18	18	15	17	12	13	

27	14	15	12	14	27	

11	25	19	22	10	10	

20	27	13	17	10	30	

18	23	24	24	27	22	

30	17	17	16	14	12	

18	19	20	23	16	14	

30	17	30	21	17	11	

28	30	27	10	11	30	

23	30	12	16	30	27	

27	28	22	27	11	19	

18	18	11	29	12	23	

19	13	30	11	26	11	

13	16	18	29	13	14	

28	30	11	10	21	20	

17	29	12	21	25	27	

25	17	24	20	13	17	

19	20	12	26	18	13	

21	13	20	14	25	29	

18	29	28	11	17	16	

19	28	15	15	24	16	

30	11	15	16	18	16	

12	17	15	30	23	28	

13	22	17	21	28	11	

20	16	19	20	17	15	

21	16	23	14	22	13	

12	23	15	30	22	20	

10	29	30	28	14	14	

18	27	28	29	25	17	

17	24	30	16	13	11	

14	24	19	12	17	12	

15	15	29	29	23	30	

25	27	17	12	29	26	

29	16	18	20	11	14	

20	20	22	20	25	12	

18	14	22	16	30	17	

14	26	12	25	14	15	

20	15	25	15	26	12	

16	15	14	28	13	24	

13	27	23	29	25	22	

27	23	12	15	25	27	

23	15	16	10	22	19	

11	14	20	30	25	29	

20	21	10	10	27	12	

23	25	12	14	14	25	

26	24	21	29	30	14	

26	21	15	26	21	27	

11	25	24	15	14	11	

19	12	11	26	21	16	

26	26	30	26	22	12	

22	15	24	28	15	27	

18	30	11	14	18	25	

28	18	25	21	18	25	

13	14	23	19	23	18	

18	14	11	12	24	18	

24	22	20	14	11	18	

15	14	27	27	12	17	

20	27	14	24	27	25	

24	29	30	13	14	22	

24	26	15	15	21	16	

28	19	12	29	24	11	

12	19	25	24	11	17	

15	28	28	15	29	12	

27	27	29	28	15	24	

26	11	27	25	15	30	

23	17	16	14	12	29	

14	30	13	30	12	30	

28	10	13	15	10	28	

20	23	28	13	22	29	

17	24	27	28	23	13	

27	25	22	23	22	18	

12	20	22	18	28	19	

11	22	30	23	25	22	

11	17	23	19	10	19	

19	21	15	25	29	10	

22	21	11	23	23	24	

28	28	20	11	20	17	

17	26	23	20	19	23	

27	27	18	14	21	18	

12	30	21	11	11	25	

14	26	12	17	30	24	

12	17	12	28	20	29	

28	25	24	20	24	22	

19	23	12	29	24	21	

24	21	20	22	19	11	

11	23	27	21	27	28	

11	25	14	15	23	13	

19	11	15	18	17	20	

26	29	28	10	12	15	

14	24	25	26	15	10	

24	27	30	21	24	13	

