1043	4


10589
10432
10498
10471


50
76
95
96
83
67
54
89
96
98
80
70
85
70
78
77
93
63
89
84
72
65
76
57
83
90
52
50
75
75
86
79
71
77
66
71
90
67
52
79
65
73
84
72
74
83
57
87
75
99
94
65
97
54
90
84
99
99
62
75
77
68
82
71
69
87
62
62
77
92
54
84
75
50
85
55
72
55
94
76
62
99
53
99
63
60
58
89
61
65
85
75
88
98
75
52
55
57
51
80
100
89
73
62
92
79
98
92
59
50
96
82
93
85
86
55
54
95
67
78
71
62
55
94
81
72
86
99
100
75
84
87
83
52
89
93
77
68
64
58
70
63
73
94
56
60
80
82
71
54
66
91
74
54
65
83
58
75
56
56
61
85
62
58
56
74
78
91
86
58
94
57
74
71
89
70
68
51
91
91
59
72
95
55
82
52
66
76
57
51
90
73
64
64
81
88
82
95
97
99
68
81
79
98
64
98
63
65
63
72
75
51
53
90
86
84
88
55
87
88
61
69
71
75
69
54
89
82
78
78
80
100
96
92
77
84
70
90
51
59
68
75
72
59
84
80
52
54
64
65
92
90
51
97
95
85
77
87
54
68
61
100
85
53
79
64
52
99
66
74
77
90
83
80
75
51
79
73
60
59
85
50
88
69
95
75
68
98
90
86
90
81
55
92
72
61
83
62
97
57
95
55
85
76
99
66
51
69
94
77
98
97
60
55
68
61
99
95
96
96
67
95
60
62
72
61
83
66
65
97
92
97
83
74
68
50
62
51
58
67
88
54
52
54
92
71
50
100
79
94
77
55
87
69
67
95
76
65
86
93
70
59
81
95
79
56
90
81
93
62
94
94
91
75
60
77
91
69
77
91
67
98
52
93
57
65
60
78
56
89
63
97
70
60
77
62
91
75
99
65
60
67
80
80
92
85
55
88
93
82
93
97
83
77
63
67
75
86
68
58
60
61
72
59
70
83
67
89
71
53
64
89
89
73
82
53
91
83
65
68
100
89
52
66
96
67
73
99
75
80
83
82
77
74
78
71
62
73
88
98
68
62
80
96
66
100
98
61
94
80
51
92
63
97
55
57
73
87
84
88
78
91
74
100
53
66
63
58
69
83
74
84
83
73
98
84
61
78
84
52
74
57
82
87
100
60
88
63
69
99
80
80
54
82
99
76
83
75
79
98
64
81
85
84
95
90
82
77
53
53
96
94
71
74
84
94
55
99
82
100
76
54
69
68
94
83
66
66
98
66
63
62
91
67
63
87
53
94
83
98
66
51
56
57
62
91
56
97
97
94
97
77
81
83
96
69
100
57
99
57
90
89
81
54
95
73
93
75
72
79
93
62
82
66
59
91
83
84
73
89
68
94
79
93
89
99
94
60
84
73
95
89
100
79
69
77
83
92
98
60
94
89
81
93
65
66
91
98
95
52
70
71
94
83
89
62
69
87
54
58
60
54
92
70
57
99
91
80
64
55
98
68
96
57
83
98
97
82
69
62
69
68
53
94
90
52
83
54
97
81
63
53
74
57
96
83
59
58
74
73
93
67
70
51
79
81
67
57
55
81
71
58
61
89
74
50
69
54
86
77
76
92
82
93
61
79
76
79
73
83
79
64
94
93
94
72
76
65
91
81
85
91
76
89
62
76
93
100
82
56
98
89
79
87
55
62
74
56
79
97
55
55
70
72
74
100
83
85
74
88
64
72
92
85
60
58
89
60
64
88
84
60
96
68
73
93
59
50
81
88
50
75
92
64
75
92
66
62
76
77
64
100
100
88
95
52
54
77
95
79
88
62
62
94
58
77
73
86
88
52
54
87
90
91
89
70
53
89
100
92
71
74
87
54
59
58
54
95
73
89
68
99
72
54
74
73
59
54
97
51
75
63
93
72
57
91
64
75
84
70
94
89
76
79
55
62
87
93
96
77
79
81
86
53
65
71
61
82
71
81
79
77
89
55
67
57
58
60
87
65
96
90
82
87
86
93
76
100
66
57
55
73
88
62
97
92
74
90
55
72
69
72
67
83
66
50
98
82
64
77
78
96
84
76
75
90
86
68
72
97
51
60
67
69
91
68
100
86
85
70
54
73
61
55
52
83
65
90
82
71
63
72
97
69
94
93
77
89
62
76
78
50
70
54
79
61
72
87
50
78
70
55
71
76
79
61
63
85
57
58
92
60
75
94
99
93
78
84
62
96
79
82
88
92
90
64
89
95
77
82
67
76
99
55
53
72
88
66
91
85
74
71
97
65
64
80
56
72
80
53
53
72
54
77
76
65
81
81
52
55
89
97
80
77
63
68
70
70
71
69
92
78
63
60
100
91
84
61
82
80
82
87
100
76
55
63
98
97
51
93
82
68
50


14	14	26	20	

13	12	21	11	

24	24	22	25	

26	17	20	22	

30	10	13	19	

22	18	23	12	

24	24	24	24	

25	14	29	15	

27	11	30	23	

11	12	17	12	

14	10	23	29	

28	28	12	25	

15	23	15	23	

16	26	19	25	

13	18	28	28	

15	10	29	24	

17	22	26	26	

22	14	15	14	

24	17	18	11	

18	23	13	13	

29	26	17	23	

24	26	28	30	

30	23	16	21	

23	12	23	28	

16	21	22	16	

20	30	11	27	

23	20	28	11	

24	13	10	27	

15	23	10	24	

14	25	18	29	

17	10	21	13	

23	26	29	22	

22	27	24	10	

15	12	25	10	

27	21	26	19	

30	30	24	12	

10	20	12	15	

24	11	19	23	

27	13	11	27	

14	12	25	28	

14	30	16	13	

14	14	11	12	

27	29	23	22	

18	26	30	19	

27	12	20	22	

22	12	30	22	

15	21	18	14	

20	12	10	28	

17	22	16	22	

14	25	25	24	

30	30	22	14	

14	21	21	15	

22	13	23	27	

15	23	25	25	

27	29	28	11	

22	29	30	27	

13	29	27	14	

17	19	30	23	

26	26	16	23	

19	18	15	22	

18	18	12	17	

18	18	26	16	

21	23	11	28	

12	24	22	11	

28	28	16	16	

28	22	18	13	

22	24	28	28	

19	24	17	30	

30	18	29	15	

30	19	26	16	

10	17	23	13	

15	16	13	20	

30	29	13	29	

16	19	22	18	

11	20	27	19	

13	30	30	24	

13	21	26	15	

10	17	28	21	

22	23	18	20	

26	30	24	18	

23	17	14	21	

25	12	16	29	

24	20	27	14	

18	13	26	22	

26	20	19	20	

25	17	10	23	

16	18	12	22	

11	28	11	27	

16	13	24	24	

29	17	19	12	

27	14	10	13	

14	24	21	17	

17	10	15	14	

25	16	20	19	

28	24	28	23	

27	30	18	21	

28	29	12	23	

27	30	24	11	

17	28	28	29	

13	25	30	22	

26	17	20	19	

14	17	23	13	

26	17	11	14	

13	21	14	24	

23	26	29	29	

19	22	18	16	

22	27	27	16	

26	13	20	19	

26	15	24	20	

20	28	13	22	

10	29	21	19	

23	15	10	18	

28	22	18	12	

28	25	25	15	

26	11	30	18	

17	28	21	16	

21	24	26	29	

15	13	27	14	

29	12	12	26	

25	22	13	11	

26	15	29	19	

27	12	25	19	

17	18	10	24	

17	14	20	13	

24	18	11	19	

23	25	11	21	

19	26	18	28	

23	18	13	24	

30	14	20	23	

21	13	12	12	

25	19	26	28	

28	16	20	24	

18	25	21	20	

19	29	18	13	

27	17	14	23	

13	17	12	12	

15	23	30	25	

13	25	13	17	

16	27	16	15	

17	15	22	30	

16	12	22	22	

21	25	30	17	

29	16	15	26	

12	15	21	17	

28	24	14	27	

28	20	25	28	

25	22	17	21	

16	13	25	11	

13	22	16	12	

26	21	14	28	

29	14	30	25	

22	18	19	16	

17	12	30	18	

27	16	22	14	

15	20	16	27	

18	26	30	23	

11	11	30	27	

18	17	12	21	

27	12	21	29	

18	26	30	10	

26	17	26	29	

22	15	28	28	

28	14	22	20	

23	10	29	13	

29	30	29	14	

10	21	27	23	

11	15	12	24	

14	25	17	27	

11	15	24	18	

20	24	24	10	

19	23	23	25	

17	16	25	24	

27	19	29	23	

11	20	11	25	

26	14	30	11	

14	11	18	19	

29	22	16	28	

13	23	18	28	

19	12	22	10	

16	10	17	22	

16	21	23	18	

18	18	12	10	

27	10	13	17	

29	20	19	27	

18	15	13	25	

18	21	13	28	

30	30	10	23	

23	29	28	13	

14	20	12	18	

21	13	20	14	

25	22	20	17	

29	21	27	20	

22	27	25	20	

15	11	27	18	

22	22	13	24	

18	23	21	22	

27	25	16	19	

11	11	16	22	

25	30	27	15	

18	18	25	18	

25	24	20	25	

26	20	10	21	

18	10	24	15	

11	10	13	30	

27	24	11	19	

15	26	21	28	

16	22	16	17	

23	12	20	29	

30	28	12	15	

17	26	27	20	

13	17	20	17	

27	23	24	18	

19	15	29	26	

21	14	19	24	

25	11	20	11	

15	19	28	21	

11	19	23	23	

20	20	22	15	

22	30	17	21	

12	17	14	28	

30	26	26	24	

19	14	28	18	

19	23	14	18	

21	25	25	10	

23	24	12	12	

23	17	16	30	

14	30	16	10	

17	16	19	14	

10	23	29	24	

11	10	12	10	

19	15	15	27	

11	17	14	10	

21	15	12	27	

24	19	22	27	

25	27	23	27	

27	13	16	13	

19	21	25	30	

12	21	21	21	

13	23	30	16	

21	17	16	17	

29	10	29	29	

30	14	25	20	

19	28	17	27	

19	12	14	19	

30	29	23	25	

11	19	26	19	

24	28	20	29	

27	21	20	10	

14	17	14	12	

21	18	22	17	

22	16	20	14	

24	27	26	12	

28	17	11	14	

24	25	11	26	

21	13	30	16	

30	18	25	21	

25	15	21	18	

19	26	15	10	

18	30	12	12	

18	28	27	13	

28	24	20	25	

29	19	17	13	

12	10	16	12	

25	28	19	15	

26	17	27	16	

26	14	21	21	

17	14	14	23	

24	16	11	22	

26	29	16	11	

26	11	10	26	

15	22	10	23	

11	21	17	15	

29	20	15	28	

24	29	23	24	

19	19	19	26	

12	11	14	25	

27	24	24	13	

27	13	16	13	

11	21	28	25	

17	21	18	22	

18	30	14	29	

27	18	12	16	

18	12	16	22	

27	16	25	10	

13	20	26	15	

17	29	16	28	

19	17	30	15	

28	11	30	14	

10	11	27	12	

29	30	17	26	

21	13	19	11	

27	12	17	18	

11	11	24	21	

10	25	16	18	

26	27	14	13	

28	27	25	23	

25	30	25	27	

18	10	16	14	

30	14	11	28	

27	30	29	26	

25	25	12	21	

25	27	25	14	

29	15	28	20	

10	27	29	21	

30	10	30	23	

17	26	25	13	

16	20	11	29	

10	29	21	24	

30	29	17	22	

12	22	29	21	

28	18	19	21	

15	21	22	10	

13	10	28	11	

25	29	28	17	

13	25	27	18	

13	27	24	23	

14	20	26	10	

27	24	21	22	

20	26	27	22	

28	14	27	25	

20	26	26	24	

21	17	19	24	

18	25	12	26	

28	23	11	28	

13	12	19	24	

13	17	13	18	

11	17	14	16	

21	10	28	10	

12	13	12	27	

15	16	28	23	

24	12	13	30	

29	30	14	11	

21	14	11	20	

10	21	14	28	

12	12	18	11	

11	25	25	27	

10	20	26	13	

23	19	10	10	

26	22	26	23	

15	29	25	29	

18	22	19	28	

21	16	26	26	

20	22	17	24	

13	28	22	25	

30	27	15	26	

15	25	20	27	

24	14	15	26	

13	23	26	17	

21	12	28	13	

30	22	27	12	

20	21	25	28	

27	30	26	24	

26	10	12	25	

15	25	12	13	

13	30	11	23	

23	14	20	24	

29	14	17	16	

23	30	21	12	

24	11	18	15	

24	24	10	16	

15	21	12	14	

15	24	29	25	

30	21	19	27	

29	12	16	30	

11	16	28	10	

24	18	26	29	

21	28	24	22	

10	20	22	14	

13	16	27	15	

15	12	20	15	

29	30	30	15	

26	29	14	11	

23	13	18	13	

20	28	30	16	

13	26	26	28	

13	19	12	17	

13	21	10	23	

17	12	22	16	

15	13	13	28	

19	20	30	12	

21	19	11	12	

13	11	12	23	

19	26	16	18	

27	18	14	18	

19	20	20	11	

19	21	20	24	

26	24	28	11	

21	20	28	11	

15	16	25	24	

11	15	27	23	

23	23	18	18	

13	20	14	29	

26	14	19	27	

17	20	12	14	

22	22	16	17	

21	17	28	26	

19	21	11	24	

17	24	11	27	

27	19	24	14	

16	26	26	26	

18	11	26	22	

24	25	20	28	

20	26	25	30	

20	28	26	13	

20	12	23	20	

26	10	10	16	

14	29	16	24	

16	26	14	15	

25	28	18	13	

30	16	22	10	

26	30	18	23	

20	27	25	29	

13	15	23	18	

26	22	14	12	

19	12	16	13	

21	17	24	17	

25	16	25	15	

14	16	10	13	

14	30	25	12	

15	21	26	21	

12	14	27	19	

30	30	20	23	

11	25	16	18	

11	30	29	26	

29	27	25	24	

15	17	28	25	

22	24	25	30	

27	22	10	24	

30	23	24	22	

12	28	11	21	

20	11	17	23	

16	10	18	27	

23	28	15	22	

14	10	15	18	

28	29	17	22	

14	20	11	14	

30	25	22	27	

21	21	26	28	

28	10	29	18	

28	15	23	19	

20	29	16	20	

11	26	27	29	

23	21	23	19	

29	15	18	26	

10	21	16	26	

10	28	25	16	

17	14	16	21	

15	11	20	11	

21	23	10	28	

11	24	23	17	

24	13	30	21	

26	24	17	24	

26	30	19	12	

30	24	21	18	

14	23	24	12	

17	27	11	12	

20	10	13	19	

23	14	12	20	

26	20	14	13	

25	24	24	23	

23	23	23	15	

15	16	14	20	

13	21	28	26	

12	21	30	30	

12	28	15	20	

16	27	16	22	

25	23	25	20	

22	10	27	18	

25	27	27	29	

28	23	27	25	

15	19	11	14	

24	18	18	12	

26	16	14	19	

24	22	15	27	

22	12	29	30	

29	10	27	10	

20	10	26	28	

19	18	10	28	

14	27	13	28	

14	13	28	14	

23	20	27	13	

11	25	23	12	

26	12	24	21	

29	21	14	15	

22	19	13	26	

11	16	25	15	

13	21	18	16	

14	30	26	21	

19	18	26	11	

25	18	14	14	

27	27	11	17	

13	23	20	24	

29	18	29	22	

23	15	20	12	

24	25	28	16	

29	20	23	13	

16	17	25	13	

22	30	27	29	

26	26	25	14	

24	14	16	28	

15	24	29	22	

10	14	22	23	

11	21	29	21	

25	16	17	16	

27	16	10	23	

12	22	26	17	

29	18	17	25	

12	24	26	10	

12	14	14	13	

30	12	18	12	

11	14	21	16	

25	30	19	25	

30	13	19	13	

14	28	11	16	

27	14	11	25	

20	15	29	26	

27	15	24	30	

28	24	25	16	

11	27	12	27	

10	11	23	22	

15	27	29	22	

10	28	27	23	

15	13	10	14	

15	30	27	28	

23	22	17	12	

16	24	19	14	

18	11	25	19	

22	28	16	22	

24	23	11	15	

24	30	10	15	

17	15	20	13	

11	25	23	13	

26	24	27	23	

19	13	12	17	

15	16	27	24	

28	18	18	17	

13	13	28	11	

26	23	20	13	

12	15	29	19	

13	15	13	11	

15	19	17	16	

13	25	24	17	

30	12	22	14	

27	27	15	22	

13	23	19	26	

16	26	29	28	

16	18	13	28	

13	16	24	22	

10	10	28	18	

10	26	28	19	

12	12	12	17	

19	27	22	19	

18	13	19	20	

10	19	25	20	

25	20	29	19	

10	10	26	27	

18	30	19	14	

18	22	24	30	

19	11	14	22	

15	13	24	23	

17	16	19	15	

18	30	22	13	

13	26	21	21	

15	21	16	30	

28	12	28	23	

26	24	16	12	

27	13	20	17	

11	22	16	25	

25	18	26	12	

14	19	27	28	

29	27	20	12	

17	20	18	16	

14	30	21	19	

28	28	26	24	

11	17	30	16	

27	12	21	23	

12	28	27	24	

11	13	19	20	

15	17	21	28	

15	15	14	18	

10	23	30	27	

19	20	24	12	

25	12	17	24	

13	29	21	15	

28	13	19	23	

28	10	30	29	

29	29	17	28	

11	26	25	30	

22	24	16	25	

11	18	18	26	

17	17	24	29	

30	12	16	23	

12	26	27	28	

23	11	19	18	

10	24	24	20	

13	20	25	10	

27	26	27	30	

12	14	13	17	

21	29	12	24	

22	18	29	23	

29	28	10	25	

28	22	27	25	

20	30	12	13	

12	19	17	30	

17	17	19	27	

13	12	18	26	

27	28	19	29	

11	27	23	21	

19	27	15	23	

25	20	18	30	

20	13	16	26	

27	17	15	28	

29	27	19	11	

14	17	28	25	

23	23	30	14	

17	19	13	13	

19	21	25	30	

21	11	28	14	

24	20	30	16	

12	26	19	18	

22	20	11	11	

13	12	28	19	

24	29	13	29	

25	27	23	22	

18	25	11	19	

11	12	27	29	

25	20	20	26	

29	25	15	23	

15	24	11	23	

19	26	30	27	

30	17	16	17	

15	28	13	20	

26	18	16	18	

13	28	23	19	

13	15	18	10	

23	19	14	18	

15	19	11	22	

17	18	27	25	

10	13	28	16	

20	27	10	11	

11	29	21	26	

16	12	10	21	

10	10	16	10	

28	19	13	15	

19	15	21	28	

26	15	28	25	

20	21	24	15	

15	11	27	30	

28	29	28	27	

30	28	11	27	

17	28	29	30	

27	17	16	19	

12	30	20	26	

11	17	26	11	

22	11	10	22	

12	10	21	18	

26	18	21	16	

17	15	25	30	

14	10	20	10	

25	25	21	30	

24	14	27	24	

12	11	20	20	

21	30	25	17	

16	24	27	15	

28	28	10	12	

19	10	29	11	

25	10	23	13	

18	30	16	27	

24	11	20	24	

28	20	11	12	

17	12	21	26	

19	24	21	26	

18	13	25	16	

22	28	11	29	

12	15	26	14	

16	25	23	16	

21	28	16	10	

18	19	18	10	

11	20	12	27	

13	11	12	15	

24	12	20	28	

19	12	16	11	

25	25	20	13	

16	15	25	30	

30	19	29	13	

28	25	11	26	

26	26	19	27	

20	14	11	10	

10	23	13	14	

16	10	29	19	

18	26	17	15	

28	21	29	23	

25	30	27	22	

10	24	10	28	

21	13	13	14	

10	23	10	29	

28	13	27	24	

10	14	12	29	

23	11	16	12	

16	19	18	27	

16	12	19	26	

16	10	11	25	

29	11	13	26	

13	28	13	23	

22	22	14	29	

23	22	20	29	

19	21	29	23	

23	18	26	11	

14	14	20	16	

13	21	14	15	

22	16	25	11	

28	30	28	17	

10	21	25	19	

13	11	11	14	

16	24	11	13	

30	14	22	19	

23	18	21	17	

24	15	21	23	

18	15	22	29	

27	22	16	25	

25	24	14	16	

21	23	23	30	

20	15	26	16	

23	22	30	20	

15	24	19	24	

24	17	17	20	

23	30	18	26	

24	28	19	16	

10	29	20	10	

16	24	13	18	

15	10	17	18	

13	29	19	23	

26	26	15	14	

16	26	23	21	

20	26	12	25	

27	26	10	29	

19	27	16	20	

11	19	20	17	

20	24	30	11	

11	22	16	21	

13	25	11	19	

22	19	25	27	

27	13	20	28	

29	21	11	21	

14	18	20	18	

10	25	14	10	

10	14	17	19	

22	18	14	22	

24	28	18	22	

12	18	27	29	

30	12	14	18	

13	12	15	21	

24	26	20	18	

13	30	23	21	

17	11	10	15	

20	27	19	29	

29	10	19	21	

10	11	24	25	

30	21	22	20	

20	20	28	25	

14	16	22	27	

30	10	24	16	

29	24	25	24	

24	11	14	24	

29	23	29	19	

27	11	14	22	

15	18	18	10	

28	28	23	27	

16	12	10	19	

17	18	19	28	

20	13	23	16	

26	29	22	11	

15	29	11	17	

12	10	21	21	

27	29	26	14	

19	12	20	26	

30	22	15	16	

21	14	12	27	

12	18	17	28	

18	26	30	17	

15	30	20	11	

28	29	28	15	

10	17	28	29	

10	18	30	12	

20	20	19	23	

29	25	14	18	

20	28	26	30	

17	25	15	22	

30	10	21	25	

25	30	21	14	

23	26	22	25	

30	28	12	23	

28	23	29	22	

27	21	30	29	

28	21	15	16	

21	10	16	22	

17	11	12	18	

25	23	29	27	

20	27	26	21	

20	25	23	26	

15	27	22	12	

20	22	13	25	

27	19	23	11	

21	30	15	13	

29	24	30	20	

28	13	21	21	

20	26	12	25	

26	11	14	20	

27	22	14	20	

27	25	26	12	

21	22	17	27	

30	19	17	23	

15	13	12	15	

16	18	30	12	

20	14	10	10	

29	24	18	23	

28	28	14	16	

19	15	13	14	

13	27	28	29	

25	30	18	20	

18	26	14	23	

12	25	21	15	

14	23	27	19	

21	17	29	21	

14	28	11	11	

20	22	30	19	

26	30	17	18	

29	28	19	18	

27	18	26	30	

25	23	11	24	

12	27	17	26	

11	23	15	14	

13	15	27	18	

21	20	26	17	

27	12	10	29	

14	10	26	12	

26	19	13	13	

23	24	29	24	

11	23	23	22	

12	26	12	13	

25	25	25	14	

16	19	28	26	

11	22	14	25	

29	25	30	20	

26	17	29	20	

29	24	18	23	

21	26	27	15	

22	27	10	30	

11	26	19	24	

29	22	24	26	

15	17	20	10	

19	11	26	28	

12	11	18	22	

15	29	26	11	

23	16	28	24	

28	24	21	21	

17	19	26	27	

30	10	19	26	

10	21	23	22	

24	21	28	23	

26	30	21	20	

27	12	25	30	

24	17	25	16	

18	15	28	23	

27	26	15	10	

30	18	20	18	

22	15	20	24	

26	27	21	14	

14	28	11	10	

25	25	15	29	

28	13	23	26	

27	23	12	24	

19	22	25	12	

28	16	29	11	

14	13	12	13	

30	21	22	23	

27	20	24	17	

17	28	11	13	

10	23	23	17	

27	19	11	16	

17	13	11	29	

24	10	30	26	

23	19	14	24	

23	26	24	28	

29	19	26	16	

19	19	26	23	

16	11	19	18	

29	25	27	30	

29	10	11	10	

25	14	30	13	

16	15	27	23	

24	20	13	30	

26	23	28	17	

25	10	21	28	

26	14	30	28	

25	15	13	17	

18	22	16	17	

21	25	18	18	

20	19	25	25	

25	26	14	19	

26	21	18	11	

13	16	23	14	

24	20	22	30	

30	19	17	12	

17	19	28	17	

13	26	11	24	

27	23	21	26	

30	30	11	27	

21	16	20	26	

29	27	13	17	

21	25	18	28	

18	14	20	15	

29	28	10	18	

18	11	24	28	

30	23	21	29	

11	13	12	13	

28	24	22	16	

27	16	14	23	

21	10	20	29	

12	23	26	23	

22	13	24	10	

21	13	20	27	

19	27	22	25	

22	15	16	14	

16	16	14	23	

24	21	12	28	

13	14	12	10	

24	20	18	20	

27	11	25	29	

21	16	27	15	

27	12	16	11	

26	11	24	19	

12	10	11	24	

17	11	16	27	

28	27	28	12	

11	29	25	23	

28	12	16	14	

26	24	29	13	

29	14	29	11	

27	28	26	28	

22	28	12	11	

21	14	21	21	

28	10	20	11	

28	26	26	29	

22	20	25	19	

10	19	13	23	

16	11	20	10	

20	14	19	18	

15	18	15	12	

29	12	18	16	

11	17	23	12	

23	25	16	25	

26	28	19	21	

25	29	15	13	

18	20	18	24	

23	18	23	28	

17	19	20	22	

26	10	25	26	

24	18	10	23	

12	25	18	14	

28	29	30	21	

16	20	12	30	

10	22	12	23	

10	28	18	19	

25	29	26	27	

16	20	23	22	

19	10	17	18	

11	29	27	30	

13	16	27	24	

11	19	19	10	

26	13	13	16	

22	13	10	15	

20	26	28	21	

14	26	17	15	

29	16	14	22	

17	29	23	19	

28	11	21	13	

21	30	25	12	

27	21	11	14	

27	14	18	11	

23	24	19	18	

18	27	10	10	

28	14	24	14	

25	27	25	23	

28	15	13	30	

20	20	25	11	

30	19	18	20	

16	30	25	25	

11	16	15	19	

12	27	17	26	

12	16	19	14	

15	22	10	15	

27	20	10	26	

24	29	13	19	

14	25	10	12	

29	22	18	15	

15	17	30	15	

10	16	30	24	

17	19	20	16	

26	10	23	27	

18	28	27	11	

14	22	28	24	

27	26	29	24	

25	17	28	30	

24	15	17	13	

23	13	24	28	

26	15	30	12	

15	19	21	13	

29	15	24	18	

11	16	26	11	

25	18	20	17	

13	17	24	21	

25	28	10	30	

28	27	16	24	

20	13	28	30	

20	11	24	13	

12	28	25	10	

13	17	19	24	

27	22	10	12	

25	28	15	27	

20	20	10	24	

22	18	15	24	

21	17	17	19	

30	16	16	22	

14	20	17	24	

11	28	29	23	

12	24	13	30	

11	29	29	13	

13	21	24	30	

29	26	14	29	

30	10	19	20	

27	15	15	20	

18	15	16	23	

18	21	29	12	

13	23	30	24	

11	22	25	21	

12	18	10	22	

20	21	16	12	

24	21	21	29	

28	13	14	10	

28	30	10	20	

30	13	24	25	

18	22	30	14	

