1204	8


12089
12228
12034
12027
12268
12068
12054
11966


63
87
73
81
88
97
87
81
97
79
66
78
85
99
70
80
90
55
86
96
62
55
60
60
58
66
65
64
68
65
83
73
99
95
70
63
94
60
90
86
58
74
50
68
50
72
72
99
99
82
81
50
72
72
55
100
67
67
53
82
78
80
50
72
59
88
57
97
65
54
88
91
59
94
81
87
97
60
98
99
56
74
82
61
70
68
68
63
96
97
68
57
76
59
94
65
63
76
89
85
95
72
63
95
78
99
99
57
76
62
93
90
60
61
74
64
78
64
90
67
65
82
74
95
53
68
91
95
88
56
84
58
65
94
71
94
50
69
59
56
88
74
59
75
92
52
90
72
97
65
52
89
90
94
59
84
65
70
65
96
71
50
62
74
89
81
70
93
97
71
57
90
63
59
69
54
80
66
77
54
74
75
89
64
100
89
99
80
72
62
87
74
83
64
78
50
73
98
87
74
77
60
60
88
78
50
59
58
100
82
88
75
79
73
83
58
93
53
76
86
73
93
51
92
88
59
88
84
54
90
62
77
65
73
84
66
82
62
80
78
94
99
81
84
64
58
79
53
82
61
80
59
79
65
77
85
99
61
54
72
60
95
68
82
64
72
93
90
88
71
88
81
50
56
86
71
67
90
53
69
75
78
97
99
62
69
97
78
63
76
91
65
57
93
88
92
96
100
58
81
83
100
94
73
89
85
78
83
76
77
64
57
52
61
71
70
96
94
70
87
57
71
98
80
65
68
53
97
80
75
78
80
62
57
63
99
70
66
83
92
95
59
95
77
91
68
81
58
99
83
53
90
62
85
90
85
70
71
82
86
50
71
73
51
69
75
85
93
75
52
55
69
50
85
92
68
86
64
60
97
66
66
50
74
67
100
57
96
74
86
77
74
87
70
56
98
93
76
86
62
50
58
84
95
57
99
86
80
99
65
50
93
93
96
52
55
98
67
97
88
67
65
89
71
51
73
89
97
86
72
83
76
87
67
50
60
80
100
50
99
70
72
58
88
58
56
69
50
71
55
86
65
68
76
66
99
76
77
94
97
68
99
63
94
76
51
53
85
51
72
87
96
96
55
70
83
52
70
89
99
86
72
100
89
82
83
59
98
50
87
79
61
75
99
72
86
51
59
61
82
81
63
89
62
91
64
53
80
95
73
83
84
94
71
80
86
78
72
85
72
93
57
61
94
87
57
92
50
82
57
100
100
57
91
100
74
80
54
98
83
87
72
74
81
92
77
69
82
65
58
81
75
75
66
95
73
50
66
87
72
97
72
67
62
61
86
96
83
64
54
92
69
98
89
66
69
85
80
57
83
53
97
89
75
100
93
62
66
55
61
72
95
99
52
100
65
77
97
97
58
73
97
55
52
50
54
78
83
88
91
99
95
67
86
79
86
95
83
55
74
92
74
59
88
91
95
98
69
52
61
51
84
71
89
55
90
72
76
72
71
65
94
51
63
83
68
58
56
100
87
83
96
76
63
55
60
51
80
87
55
60
53
79
59
83
98
87
78
71
87
52
72
72
77
76
83
84
72
58
67
72
78
59
54
87
78
88
52
53
72
87
85
73
61
69
76
89
55
65
87
81
50
94
71
61
66
70
79
69
80
56
90
91
94
65
65
50
56
87
79
56
89
55
90
98
72
93
97
96
75
84
84
50
97
93
92
93
66
71
88
60
95
95
96
68
92
76
79
86
57
69
77
85
62
51
97
61
57
91
83
96
50
76
57
73
53
73
57
64
93
60
92
60
85
80
79
91
81
92
80
69
75
78
52
56
81
97
84
86
55
75
77
60
62
75
90
82
54
92
82
75
51
85
83
95
72
58
63
71
63
57
90
65
100
52
51
65
72
74
56
91
97
95
56
89
83
81
93
95
60
84
87
87
87
75
59
60
89
94
69
71
95
85
91
59
83
79
99
86
74
94
97
99
88
94
89
98
77
82
74
67
65
98
73
55
71
97
58
93
93
83
56
50
90
95
58
66
85
68
96
56
59
86
100
57
62
55
81
94
88
77
57
79
74
75
56
58
62
85
64
69
56
72
82
93
88
57
65
85
87
78
54
59
63
64
89
91
62
73
80
81
92
67
65
53
96
68
56
59
58
72
76
97
80
97
68
77
60
64
80
61
54
78
78
92
88
68
66
83
75
63
97
92
76
50
67
71
68
85
57
80
99
94
55
97
60
74
78
68
69
51
88
52
85
67
61
66
54
93
76
52
76
83
73
86
53
60
75
78
83
61
87
97
71
73
55
99
82
74
84
63
86
86
51
52
82
97
52
95
91
93
79
90
94
54
50
80
89
69
53
67
79
56
66
68
78
73
74
92
60
69
98
66
94
51
90
55
50
67
100
62
70
96
74
77
91
84
72
72
52
79
76
79
80
51
98
70
91
90
86
78
89
73
72
66
53
94
62
71
71
85
77
52
55
70
73
70
84
52
57
69
91
97
74
64
51
80
75
78
62
64
89
71
90
75
62
58
51
61
78
84
85
91
72
90
75
84
91
83
99
99
54
95
82
54
58
70
52
53
60
52
93
77
58
79
52
75
99
75
93
69
99
58
76
83
100
100
79
86
68
54
75
69
73
82
50
52
85
66
88
75
65
75
86
82
75
88
76
65
50
96
67
84
64
76
89
61
91
64
75
85
70
66
72
53
100
86
55
51
73
90
94
99
90
77
58
66
71
73
68
68
100
61
77
56
82
87
57
91
74
97
69
50
50


28	20	27	26	20	28	14	23	

22	19	14	28	10	27	10	16	

30	22	15	19	10	14	26	22	

19	12	23	23	20	11	19	18	

30	11	16	13	26	12	30	15	

22	12	17	23	25	16	30	24	

20	24	18	12	17	18	11	20	

21	25	10	26	23	25	25	17	

21	24	13	23	26	11	20	12	

30	16	27	29	20	23	19	29	

10	11	10	13	16	22	10	18	

28	17	29	24	19	30	17	28	

20	27	20	26	19	13	27	27	

21	16	14	12	23	16	11	23	

27	21	14	10	11	13	29	27	

17	12	17	20	29	25	27	19	

19	13	26	13	29	22	26	26	

29	28	14	21	30	13	16	12	

30	30	29	21	16	10	29	14	

17	12	25	11	29	22	21	23	

24	11	18	17	21	29	25	13	

24	21	14	19	11	19	21	30	

21	26	12	30	18	20	30	17	

24	14	30	26	25	27	20	27	

21	15	18	24	19	17	25	29	

11	16	12	29	26	27	16	10	

22	29	17	18	15	13	22	21	

12	26	13	24	11	15	13	18	

20	20	28	22	26	15	25	14	

14	30	16	22	27	24	24	23	

16	21	24	13	26	24	25	23	

16	26	25	30	26	27	30	26	

12	18	29	29	21	11	16	27	

26	29	15	26	30	18	28	28	

13	28	18	16	30	21	25	17	

10	17	16	24	19	30	28	11	

29	23	30	11	15	14	21	25	

21	21	17	12	30	12	29	26	

29	13	27	16	15	17	18	10	

27	29	25	12	19	24	12	18	

19	23	26	22	20	20	29	30	

28	18	11	24	29	21	11	16	

30	17	11	24	13	24	27	24	

21	27	12	13	24	12	22	15	

25	20	22	30	28	14	16	14	

20	10	27	13	27	18	13	22	

16	17	22	16	24	29	22	29	

11	15	10	17	22	13	27	13	

10	23	14	12	17	10	29	12	

20	16	30	11	29	19	19	10	

30	25	22	28	21	22	30	11	

13	28	24	18	28	29	29	21	

22	29	23	27	23	12	27	14	

10	24	12	14	18	12	21	13	

19	15	25	12	29	23	27	29	

16	22	19	21	20	11	16	26	

10	27	14	29	15	16	28	29	

19	15	20	13	11	18	21	14	

24	16	24	15	15	11	18	11	

28	21	11	28	21	24	19	26	

24	22	29	16	25	27	16	15	

30	22	14	11	17	29	29	19	

17	28	11	27	15	10	16	26	

10	23	18	18	17	22	17	26	

16	16	11	26	29	11	15	26	

12	12	29	17	20	18	15	23	

16	17	18	16	24	26	27	20	

25	18	10	16	19	18	13	12	

10	18	21	16	25	10	14	20	

29	29	28	19	10	23	28	16	

22	21	16	10	12	23	15	23	

12	29	22	20	30	14	20	29	

19	19	12	12	28	18	24	19	

21	23	21	19	21	23	17	19	

28	27	21	16	18	10	18	27	

27	27	13	11	15	26	26	29	

15	30	26	13	22	22	20	25	

16	11	11	13	12	30	11	20	

20	27	20	30	17	26	10	25	

24	22	20	20	16	29	25	18	

10	25	19	25	14	18	28	12	

10	12	14	14	10	24	14	25	

13	19	15	17	17	20	26	22	

24	11	30	14	25	19	29	12	

28	28	15	23	25	19	23	12	

22	10	18	30	11	22	12	16	

25	22	22	23	12	20	21	29	

20	11	11	18	10	15	25	26	

13	19	11	22	12	12	20	30	

27	15	23	14	19	14	22	26	

18	29	10	28	19	11	15	17	

17	27	18	11	22	27	10	11	

12	11	11	20	16	29	14	30	

26	15	22	20	16	23	22	11	

30	24	17	22	12	27	15	29	

17	14	25	17	17	25	12	15	

15	27	17	21	24	27	27	11	

15	16	19	28	12	14	28	25	

21	30	29	13	18	11	12	17	

19	22	24	30	18	13	29	21	

15	17	11	16	26	22	18	16	

20	26	21	16	17	19	27	16	

18	19	20	19	13	12	10	29	

14	10	13	18	28	21	23	29	

14	26	14	12	30	13	12	18	

19	28	22	23	27	13	16	23	

13	19	16	30	14	17	21	14	

13	26	29	23	10	13	29	18	

25	13	27	24	27	15	22	12	

15	11	19	10	30	16	10	27	

16	25	15	11	13	15	25	29	

25	22	19	13	10	26	17	25	

13	29	29	18	24	21	20	30	

15	20	15	28	30	30	11	15	

21	27	13	27	17	26	16	10	

12	22	10	23	17	26	22	18	

24	13	13	24	19	25	27	17	

13	14	18	12	19	10	11	29	

17	23	21	14	21	25	20	28	

29	10	23	25	14	12	22	18	

28	10	26	22	24	30	13	30	

13	10	30	22	19	10	30	23	

19	10	29	13	26	16	30	20	

18	13	13	29	21	21	14	11	

29	24	22	28	29	22	22	20	

15	11	13	22	28	20	23	19	

12	29	25	11	27	12	18	15	

29	10	24	22	22	17	17	23	

22	26	19	30	29	30	16	25	

26	30	27	26	21	25	12	13	

11	15	25	18	20	13	10	17	

19	25	21	21	11	23	23	24	

25	28	22	17	18	14	27	14	

28	15	22	20	29	11	28	10	

20	15	11	15	25	15	15	10	

29	10	22	27	25	18	17	18	

27	10	10	18	19	13	30	15	

18	16	17	10	26	19	27	18	

13	24	14	30	26	11	14	18	

12	10	26	29	22	28	30	25	

18	22	11	27	18	29	16	13	

15	10	25	28	26	13	17	25	

19	17	25	22	29	26	11	30	

17	20	28	12	25	30	14	14	

25	11	17	13	11	12	27	28	

13	29	23	16	24	23	26	27	

26	26	29	14	23	10	22	14	

30	20	18	23	20	30	26	21	

13	29	17	21	22	20	10	14	

16	26	15	25	10	27	11	10	

17	13	11	24	14	14	10	16	

24	23	10	29	26	15	12	29	

25	14	15	15	18	20	29	22	

27	10	13	24	14	24	16	24	

18	27	26	25	25	18	29	24	

27	17	25	17	11	25	11	12	

17	22	18	19	29	26	27	14	

18	14	16	26	25	16	15	24	

26	28	23	13	10	27	15	24	

25	14	27	16	18	27	14	21	

17	15	14	21	27	17	24	10	

10	26	25	10	23	29	20	17	

26	25	16	25	30	16	16	29	

12	23	23	25	24	13	22	25	

20	16	13	15	23	26	15	21	

20	29	26	11	23	28	21	29	

29	17	28	17	13	11	29	28	

16	24	14	13	25	22	21	10	

14	12	16	25	19	25	13	21	

28	14	14	18	26	21	27	13	

12	11	29	15	11	16	16	29	

16	29	14	28	30	12	12	19	

22	16	13	11	30	13	12	28	

27	29	12	12	16	22	23	13	

26	19	30	10	30	25	17	17	

12	19	15	25	15	22	24	12	

21	21	18	19	29	27	24	20	

28	25	14	11	23	13	29	29	

12	27	12	28	24	27	15	16	

26	15	16	28	24	30	28	25	

24	17	30	26	21	17	22	29	

18	24	26	23	13	10	23	17	

22	30	30	20	18	17	20	29	

16	26	28	26	24	11	16	12	

14	12	17	16	30	14	20	26	

12	13	26	19	27	17	28	10	

13	30	11	18	14	29	16	30	

19	12	27	26	18	18	15	29	

18	19	30	20	27	22	18	15	

18	17	23	22	22	19	11	26	

27	17	20	18	13	16	30	22	

20	21	15	27	13	19	17	15	

30	25	18	14	26	28	24	11	

16	10	25	27	30	21	18	11	

12	19	27	28	20	29	13	18	

30	11	22	14	19	10	23	26	

23	14	13	20	25	19	16	25	

13	13	22	28	13	30	25	24	

17	28	28	24	15	12	17	14	

18	19	26	17	20	21	22	16	

25	16	26	18	26	16	25	26	

20	13	25	11	26	11	23	20	

29	11	17	11	11	12	27	10	

23	11	10	29	11	20	14	10	

27	30	14	20	17	22	26	24	

23	18	14	29	20	20	27	13	

15	12	12	15	12	28	29	20	

18	19	12	22	29	21	21	10	

11	23	14	23	13	30	21	19	

13	28	28	12	13	27	17	10	

20	12	16	14	28	11	28	21	

20	15	15	26	11	25	11	10	

15	16	15	11	16	13	28	24	

15	28	13	13	16	18	27	19	

30	11	30	15	25	29	29	23	

13	12	29	10	15	24	10	25	

27	30	17	21	15	30	15	25	

25	28	16	11	12	12	13	26	

28	29	30	22	16	30	29	10	

22	11	10	22	22	24	18	15	

10	19	12	15	25	24	14	21	

22	20	11	15	16	29	10	10	

18	18	30	19	15	26	15	11	

28	29	14	11	30	23	29	22	

11	26	30	19	23	19	14	28	

11	25	21	21	24	22	17	18	

20	22	30	12	27	29	14	19	

24	25	28	25	22	14	12	14	

19	18	28	18	27	30	15	10	

24	14	22	16	23	15	11	24	

14	13	26	18	19	26	16	28	

19	16	29	29	24	21	18	24	

20	25	20	26	12	15	20	23	

13	29	20	24	11	13	17	26	

19	22	28	26	15	23	18	30	

27	19	12	14	17	12	15	18	

21	22	24	25	14	29	29	14	

30	11	15	18	21	16	30	16	

10	23	23	22	24	22	26	13	

15	18	24	12	26	21	26	28	

16	22	25	12	24	29	23	16	

23	20	16	25	18	28	15	20	

25	26	10	10	27	19	17	11	

18	17	21	16	13	14	25	20	

20	19	15	24	25	24	21	12	

27	16	24	13	21	18	20	30	

26	14	18	10	13	27	29	26	

26	23	10	22	25	20	13	19	

10	18	10	16	15	24	15	21	

14	28	11	25	27	14	26	12	

29	21	25	25	22	16	12	10	

21	24	24	17	10	16	16	14	

27	14	25	28	21	28	28	22	

28	15	26	30	14	26	11	22	

24	27	30	23	14	18	17	15	

20	26	21	13	17	18	16	18	

13	25	22	30	13	24	13	28	

25	22	10	18	21	30	30	28	

10	24	14	26	26	28	16	29	

18	21	23	15	17	12	18	15	

17	11	23	15	15	20	29	25	

13	12	24	28	20	13	29	16	

16	17	23	23	22	20	13	23	

21	25	20	19	15	17	15	29	

21	14	22	29	21	14	13	21	

11	27	22	15	18	24	19	10	

10	29	15	17	27	26	23	25	

29	15	10	12	30	12	17	21	

12	22	29	22	24	21	25	26	

28	20	22	29	11	27	18	14	

19	27	26	13	24	26	13	11	

13	28	26	10	11	22	17	19	

18	15	25	10	29	10	12	25	

17	11	12	16	20	11	20	15	

14	30	16	25	18	14	25	23	

18	21	20	29	16	28	22	21	

13	15	13	25	27	17	11	26	

15	26	19	30	19	23	21	16	

19	25	16	30	19	24	14	20	

25	19	28	17	18	26	11	27	

20	19	18	25	14	18	19	30	

25	24	26	20	19	17	22	18	

25	16	10	21	20	22	12	13	

26	20	30	28	14	28	12	28	

13	11	30	21	16	20	26	17	

12	20	20	26	23	17	19	29	

22	19	17	22	14	29	11	16	

24	27	16	15	22	22	13	26	

21	23	13	19	22	11	20	11	

19	21	11	28	12	17	26	11	

16	18	16	21	26	11	25	17	

23	29	25	24	21	20	14	29	

13	24	23	25	18	17	10	26	

12	10	26	26	20	28	18	25	

11	20	23	12	18	28	10	18	

24	19	10	12	27	14	26	22	

26	28	21	15	19	26	24	22	

18	29	22	26	30	21	10	12	

21	19	30	21	10	20	17	26	

16	24	18	18	27	19	24	18	

20	15	17	21	14	17	30	21	

16	28	30	19	15	21	16	13	

14	21	22	17	17	11	20	21	

24	12	13	12	10	24	29	13	

29	24	18	27	24	22	18	12	

16	26	28	23	17	14	19	24	

17	25	20	11	23	13	11	30	

17	30	13	25	27	26	29	15	

28	19	29	25	28	13	13	26	

24	28	11	25	26	24	18	24	

17	28	21	10	25	22	13	20	

16	13	11	28	26	11	16	30	

23	14	10	15	16	28	23	12	

20	30	11	18	12	21	26	16	

29	26	20	22	28	27	14	19	

12	28	24	17	17	19	20	24	

10	19	18	22	18	28	19	22	

20	10	16	24	22	21	17	12	

11	22	12	11	21	18	13	18	

16	20	16	11	21	25	16	20	

30	26	25	19	22	25	22	28	

20	26	14	11	25	23	23	10	

24	18	26	17	24	30	29	21	

29	28	20	11	27	13	27	22	

30	24	14	17	23	13	26	16	

19	23	15	26	14	13	26	16	

22	19	24	23	29	29	15	19	

26	27	11	14	18	14	27	19	

17	24	21	14	12	18	28	10	

14	20	10	24	14	15	20	19	

29	18	30	24	17	20	25	13	

18	16	26	25	10	27	10	15	

20	13	11	24	23	19	18	30	

17	18	29	19	30	26	15	24	

22	11	28	27	23	15	30	16	

24	14	22	26	17	30	28	24	

17	13	19	12	17	29	28	17	

12	27	12	17	18	30	30	28	

30	15	19	21	19	15	13	16	

10	26	27	20	14	26	13	27	

13	16	12	25	12	13	21	29	

18	21	12	28	24	16	13	28	

29	27	28	25	11	23	11	11	

28	22	28	14	30	15	14	24	

20	21	25	19	30	14	24	18	

18	24	11	28	16	29	20	19	

11	17	11	20	13	15	11	23	

14	12	22	13	13	20	25	22	

22	10	18	25	23	24	12	22	

18	15	10	23	14	28	15	16	

20	20	30	30	26	29	26	15	

15	13	14	25	26	14	26	20	

15	18	11	25	11	24	23	25	

23	14	19	21	21	23	18	16	

24	15	17	30	28	13	10	28	

26	17	28	12	30	18	12	30	

16	25	20	18	21	27	17	14	

24	10	12	13	26	26	17	16	

28	14	10	16	25	18	14	15	

19	16	23	12	15	27	29	30	

29	12	30	14	24	14	19	23	

26	20	29	26	24	26	22	27	

26	25	11	23	22	21	23	11	

23	12	20	24	25	11	21	23	

17	11	21	18	23	20	19	29	

27	25	22	10	30	26	27	10	

23	18	28	25	19	26	17	29	

27	30	13	12	21	20	18	27	

26	11	19	23	25	15	11	11	

26	20	23	12	16	28	29	22	

26	13	22	16	29	30	12	30	

17	27	24	14	18	22	10	26	

20	29	19	16	21	10	21	29	

12	29	17	10	19	16	20	16	

19	30	30	24	21	21	17	10	

17	16	10	28	17	16	30	29	

17	20	11	16	13	12	28	27	

18	15	22	20	28	15	15	17	

29	16	27	29	17	15	27	26	

27	10	24	18	25	22	16	13	

11	25	11	21	14	25	26	23	

10	24	26	14	23	19	10	30	

21	20	29	14	11	30	23	20	

21	23	11	14	27	12	20	22	

10	13	17	23	27	12	24	18	

11	23	29	24	24	29	27	27	

12	16	16	15	21	15	15	14	

19	21	22	22	16	17	13	29	

27	25	18	11	21	20	17	30	

16	30	28	25	13	14	27	12	

19	26	12	21	23	21	18	24	

28	27	13	10	14	20	26	15	

14	26	22	17	30	15	20	15	

23	27	14	29	14	12	14	21	

28	21	24	10	12	30	19	15	

15	30	30	13	10	10	21	30	

26	12	30	26	20	15	16	30	

18	25	13	29	28	27	24	22	

16	24	28	27	26	24	12	29	

15	17	25	14	17	30	21	18	

19	17	18	30	15	17	22	11	

28	23	22	11	17	27	22	23	

24	18	28	17	13	23	29	27	

22	23	16	27	22	20	17	10	

19	26	27	23	26	27	17	19	

21	11	12	17	23	17	16	13	

26	11	14	18	27	22	21	16	

10	14	19	25	20	29	13	16	

20	26	29	12	30	22	21	15	

17	27	11	19	27	15	22	26	

20	15	30	17	18	18	13	19	

10	15	19	30	13	30	26	15	

27	29	12	16	26	18	29	16	

26	26	12	23	22	21	22	16	

10	10	12	27	26	20	20	20	

21	18	23	30	14	23	21	18	

25	15	11	22	30	28	30	12	

13	25	16	18	16	11	15	11	

19	28	15	11	30	26	12	10	

18	10	20	28	20	27	19	15	

24	12	14	16	17	15	25	29	

11	24	15	11	22	25	21	14	

23	30	27	18	13	21	21	27	

13	23	29	12	11	18	13	20	

27	14	24	17	16	27	25	28	

18	23	15	23	24	22	13	21	

15	12	24	15	29	24	11	23	

14	13	30	27	27	15	18	14	

20	30	14	12	22	30	28	27	

13	11	30	10	16	18	16	24	

20	17	21	20	25	17	25	10	

11	16	19	27	23	20	24	26	

11	25	18	11	29	19	24	27	

27	18	10	22	28	29	19	16	

16	19	23	30	13	23	24	27	

25	29	14	13	12	27	17	23	

12	24	20	23	16	14	26	10	

22	24	25	17	26	12	18	21	

25	22	12	16	14	10	16	19	

16	10	12	18	20	16	17	18	

12	30	18	14	26	30	29	22	

20	19	24	13	30	21	19	18	

18	29	16	25	14	23	30	13	

28	13	23	22	30	18	24	17	

13	11	15	21	20	14	15	15	

14	27	23	28	21	13	21	10	

29	17	24	25	22	14	24	16	

23	23	24	24	24	14	30	26	

28	24	28	25	24	13	21	27	

30	21	29	13	26	29	13	23	

17	17	27	29	15	14	15	28	

29	28	21	29	23	14	11	24	

13	15	26	23	29	26	12	19	

18	23	29	14	23	15	17	28	

17	17	17	29	25	17	22	23	

24	10	23	24	15	10	23	12	

10	13	25	28	27	29	18	24	

30	16	17	23	15	25	11	20	

21	28	28	11	14	29	29	13	

24	20	22	21	15	17	29	21	

16	10	27	23	21	18	29	11	

19	29	29	23	26	18	18	24	

28	16	24	23	29	12	13	30	

14	26	10	24	18	28	20	11	

29	26	26	14	20	22	25	19	

22	17	26	30	17	28	14	25	

20	28	14	25	16	11	24	18	

23	28	29	18	19	15	22	15	

24	19	28	27	28	17	10	25	

21	16	10	10	24	15	11	21	

22	18	14	26	10	28	21	23	

21	19	14	19	12	17	10	24	

21	21	13	10	13	25	13	13	

18	29	25	20	16	19	13	18	

27	18	23	10	13	20	25	13	

13	19	18	11	13	28	16	25	

29	12	28	20	26	14	12	13	

19	17	13	25	20	30	14	25	

14	10	21	13	26	26	22	21	

19	16	28	12	24	14	22	10	

24	11	21	27	29	20	22	20	

13	24	18	11	30	16	28	29	

19	18	14	18	17	15	13	30	

29	21	25	10	12	16	19	20	

16	26	10	16	14	17	21	11	

10	27	29	13	26	25	26	15	

29	12	12	12	15	26	11	26	

15	11	21	21	21	10	28	29	

18	13	29	11	10	20	19	24	

20	20	15	18	24	10	24	13	

13	29	21	20	29	25	30	23	

23	29	17	18	30	12	22	19	

21	25	12	24	27	11	16	28	

21	20	30	29	12	14	23	11	

26	14	15	19	29	23	14	13	

26	13	19	18	28	13	20	24	

30	23	10	12	27	21	26	23	

29	17	13	20	20	19	28	27	

20	30	14	14	30	19	21	27	

26	11	27	30	25	17	15	27	

26	24	15	19	24	28	28	26	

27	19	20	15	18	22	16	20	

25	14	11	23	27	19	28	18	

20	18	20	13	15	28	22	27	

16	26	14	14	27	13	25	25	

17	14	18	17	18	17	26	29	

21	11	20	25	12	26	21	11	

13	27	10	22	22	29	22	28	

18	25	18	21	20	19	17	24	

13	17	22	13	24	17	28	21	

14	29	28	26	19	30	17	17	

16	20	27	27	29	21	11	25	

26	28	28	21	10	11	14	17	

21	24	21	19	28	21	17	22	

25	30	24	23	12	29	21	15	

25	14	15	25	26	16	15	27	

15	20	14	15	29	15	30	29	

17	12	12	21	19	26	23	10	

21	30	27	24	23	28	29	14	

28	19	28	17	17	10	29	27	

20	18	16	10	11	11	26	13	

29	26	18	22	18	13	19	11	

21	25	11	14	25	15	21	26	

21	24	18	15	30	25	30	13	

18	18	25	14	22	21	21	18	

19	24	22	23	26	17	20	11	

23	30	25	15	11	13	16	12	

11	12	24	11	12	27	14	22	

18	30	11	26	17	10	13	24	

12	25	11	14	25	13	18	10	

28	22	19	12	20	17	10	30	

29	13	10	18	25	18	19	24	

12	29	15	19	13	26	21	21	

28	15	13	25	29	13	29	13	

22	15	21	25	26	14	26	17	

16	24	17	16	12	10	16	28	

21	27	11	19	25	18	25	28	

19	14	24	19	10	24	26	11	

25	22	15	20	26	19	24	27	

26	15	19	15	15	12	29	23	

16	14	22	17	15	11	26	17	

29	24	13	10	10	19	12	30	

25	20	24	26	24	11	16	18	

28	16	25	22	18	29	26	30	

14	23	14	24	16	18	28	26	

30	11	28	19	14	19	29	10	

16	11	10	29	13	20	19	29	

12	27	29	25	20	22	15	11	

16	21	16	11	16	20	22	23	

20	24	22	15	26	28	27	12	

20	18	19	12	24	11	30	20	

11	15	26	23	14	26	11	13	

30	23	18	26	21	29	21	16	

15	11	30	24	17	21	16	29	

28	28	15	15	17	23	27	21	

19	30	23	23	27	20	26	19	

29	29	13	20	16	22	13	12	

16	19	30	21	14	28	12	30	

27	27	24	18	30	11	19	14	

25	10	30	20	28	26	10	25	

25	25	15	30	18	19	16	20	

16	24	22	16	17	18	27	29	

25	10	29	28	10	24	21	12	

16	29	10	17	17	10	21	26	

17	16	29	26	26	20	25	14	

26	16	23	15	29	23	14	21	

20	24	29	21	23	21	12	20	

29	16	12	29	20	11	23	10	

17	22	29	19	18	21	22	22	

10	17	13	24	10	20	23	17	

29	29	14	30	26	26	15	17	

14	14	25	14	17	17	14	14	

16	23	18	10	14	27	20	16	

24	21	27	18	18	18	30	24	

23	22	10	23	15	19	13	24	

13	13	26	12	18	19	26	22	

28	27	20	15	11	19	17	25	

20	20	12	27	27	13	23	17	

21	18	15	26	27	10	16	14	

14	12	13	13	28	13	21	13	

25	26	24	16	11	28	12	23	

16	15	18	20	30	26	25	22	

19	14	11	17	26	22	12	12	

10	20	15	13	26	19	26	10	

26	28	21	22	14	24	11	22	

10	22	22	28	13	16	23	18	

20	27	22	18	22	15	23	22	

17	20	24	26	14	16	14	13	

17	18	30	17	25	29	28	19	

26	28	28	25	11	17	16	14	

12	28	18	22	11	28	27	17	

13	27	20	20	29	13	26	28	

29	20	28	19	11	29	22	15	

26	25	27	10	10	16	11	13	

17	23	11	15	28	17	27	19	

15	14	23	12	22	23	22	28	

10	18	11	22	14	18	12	18	

18	13	11	27	21	15	26	26	

27	13	27	18	17	28	22	21	

18	30	21	23	21	10	21	14	

29	12	21	28	23	22	25	26	

23	30	13	30	15	25	21	19	

27	25	13	28	28	28	24	12	

12	21	26	13	28	30	16	27	

12	21	19	17	21	25	27	10	

22	18	25	12	15	26	14	12	

25	11	23	19	13	14	17	27	

22	11	23	24	20	19	21	20	

25	12	18	23	28	25	20	18	

28	30	13	27	15	29	15	19	

30	19	10	15	25	18	11	23	

16	21	25	10	26	16	21	23	

20	11	20	21	19	27	25	12	

11	28	21	10	30	10	23	15	

20	26	10	28	30	18	17	18	

23	24	21	17	15	30	18	20	

30	16	28	12	17	14	15	24	

28	18	21	16	21	17	19	16	

27	29	21	18	24	21	21	25	

19	14	17	13	28	25	22	19	

25	27	28	25	30	16	24	30	

25	28	10	28	11	15	21	29	

28	11	10	19	18	26	22	26	

22	11	23	13	25	17	12	13	

19	11	27	23	21	16	24	15	

26	12	13	15	16	30	12	27	

25	19	16	10	29	10	16	23	

13	19	29	24	18	18	24	17	

25	25	12	19	14	27	24	16	

25	27	19	23	17	14	27	21	

15	12	17	10	13	15	23	26	

20	16	27	23	11	15	14	29	

27	23	24	12	15	28	15	21	

25	25	14	21	27	26	26	30	

20	27	22	13	10	14	29	28	

20	13	15	15	17	28	16	19	

23	19	25	14	28	29	18	12	

16	23	23	18	29	25	23	25	

12	28	17	18	22	27	15	12	

13	17	22	16	25	21	23	24	

19	24	12	17	29	29	28	11	

19	24	17	22	17	24	12	18	

17	27	17	28	22	16	27	29	

25	25	10	26	21	20	12	26	

26	30	12	11	14	30	24	23	

30	30	10	17	13	12	17	30	

24	18	28	12	28	21	29	30	

11	30	29	13	12	15	25	27	

10	21	10	17	26	12	20	12	

28	30	24	16	11	29	19	17	

22	21	18	11	15	15	29	19	

27	23	30	28	20	12	12	20	

23	24	28	28	30	10	24	20	

21	26	27	25	25	15	27	10	

28	15	17	19	26	28	22	18	

27	21	22	21	17	21	15	12	

28	20	11	14	25	15	30	18	

23	24	30	22	23	11	13	22	

25	18	29	30	28	25	20	23	

22	20	16	14	27	19	17	23	

13	23	14	30	22	19	12	21	

30	24	20	10	28	23	22	22	

23	15	10	20	12	21	24	17	

16	20	24	19	16	11	13	16	

20	25	16	26	14	30	12	13	

15	10	14	20	16	18	29	10	

24	20	17	29	26	28	26	11	

10	22	10	22	10	25	19	18	

16	28	20	27	23	28	24	19	

14	21	14	14	30	29	10	10	

19	13	22	26	30	29	12	23	

24	27	23	21	10	14	14	26	

14	29	22	11	21	12	20	27	

19	17	21	10	11	18	15	15	

14	17	23	22	30	14	20	22	

16	18	18	22	17	14	30	27	

15	22	26	20	29	21	25	19	

12	25	28	27	24	12	24	10	

28	26	21	30	24	28	12	16	

11	17	20	22	26	15	21	22	

29	23	24	20	16	21	18	11	

10	14	25	25	22	17	15	10	

19	16	16	26	10	19	24	28	

25	11	24	28	16	25	13	12	

12	20	26	29	29	22	18	26	

14	20	10	17	15	29	10	16	

29	26	26	15	12	26	26	22	

10	11	24	20	29	17	21	11	

13	22	24	17	11	30	11	17	

28	25	14	26	19	17	24	14	

28	12	10	12	26	21	14	18	

11	25	21	14	18	15	19	27	

21	28	29	22	19	26	30	19	

12	23	14	27	13	28	23	11	

12	17	16	16	22	12	29	17	

23	28	12	19	26	20	14	19	

20	22	30	19	29	12	15	26	

22	17	23	25	29	23	26	22	

23	11	16	29	15	21	27	15	

25	12	22	26	28	23	14	22	

28	18	10	24	20	23	12	14	

14	27	15	29	19	29	22	16	

11	27	22	30	22	13	14	24	

14	30	15	12	15	18	16	16	

18	20	19	30	27	20	24	24	

13	27	19	27	13	27	21	13	

27	30	20	11	30	16	12	10	

23	13	18	28	25	27	21	24	

14	19	10	22	26	30	16	25	

23	28	14	17	12	16	25	25	

18	12	11	20	16	12	12	22	

18	14	26	27	12	18	27	27	

17	25	14	15	20	18	24	25	

17	11	28	24	22	22	11	19	

10	24	19	17	26	29	17	28	

17	14	17	17	15	30	20	19	

19	29	20	24	15	23	12	21	

13	14	27	13	26	29	24	28	

13	24	10	20	23	12	12	23	

17	30	27	15	14	25	12	22	

24	26	20	11	27	27	11	14	

27	18	20	28	25	10	30	18	

13	22	18	28	13	11	21	19	

12	23	10	22	22	24	22	19	

10	12	30	30	19	19	25	13	

17	14	17	29	26	13	28	22	

17	27	14	29	24	19	29	25	

22	23	28	20	16	21	24	12	

12	15	19	24	29	24	17	18	

16	25	24	25	26	17	24	30	

16	27	19	20	17	16	24	15	

15	10	18	21	13	22	16	10	

30	13	16	14	22	17	27	24	

19	25	22	27	27	13	28	20	

22	29	14	17	17	28	11	23	

23	17	26	11	30	16	28	11	

26	17	29	18	13	22	23	11	

30	15	20	15	29	14	21	28	

25	23	21	17	11	10	28	24	

27	10	30	26	18	13	20	29	

15	17	23	20	18	20	19	10	

12	28	20	22	16	27	26	26	

12	21	15	19	16	21	27	25	

21	22	23	19	14	12	12	16	

10	11	18	12	11	11	11	11	

23	12	15	13	30	24	13	19	

20	15	29	20	13	19	18	13	

14	13	27	21	20	25	28	13	

15	23	30	24	28	30	12	22	

30	12	10	18	28	24	29	24	

25	28	22	14	30	17	30	25	

25	20	24	18	17	26	19	21	

14	26	16	18	24	19	26	11	

23	24	28	10	15	17	29	29	

20	15	23	17	16	28	22	30	

12	28	10	15	14	12	21	17	

12	30	16	25	16	20	19	21	

28	16	23	12	23	12	10	29	

27	26	11	28	14	12	27	28	

13	28	30	15	16	17	27	14	

13	22	14	23	10	17	27	15	

24	25	11	10	22	28	19	23	

29	20	16	19	21	10	12	26	

16	29	28	20	21	24	12	30	

30	30	27	22	26	10	17	28	

21	19	16	11	19	11	26	27	

23	26	29	15	30	15	21	26	

10	28	26	26	27	24	30	15	

24	12	27	21	13	29	14	27	

22	20	23	18	28	22	25	23	

25	21	28	28	15	26	17	10	

24	20	28	13	10	18	10	10	

15	26	16	26	18	23	30	22	

26	29	29	11	17	28	22	13	

22	18	12	25	17	15	25	27	

26	10	11	19	11	28	17	17	

24	20	18	28	14	11	26	15	

11	23	30	17	30	24	21	20	

20	10	18	18	20	28	22	11	

24	14	17	24	21	19	17	16	

25	19	15	21	15	11	28	30	

29	11	25	29	17	30	26	20	

14	25	23	24	20	14	21	12	

11	29	17	12	25	28	14	29	

21	21	11	28	13	22	15	21	

25	21	19	23	19	18	29	24	

11	29	18	14	12	30	27	26	

11	22	29	18	11	14	19	21	

30	12	19	30	13	15	22	24	

22	11	10	21	10	28	16	24	

27	27	20	29	29	21	10	22	

14	24	26	27	12	10	18	13	

14	21	30	21	25	30	11	12	

26	11	19	18	16	27	29	19	

17	24	22	21	18	28	24	13	

17	12	15	21	17	30	15	20	

29	22	29	21	22	13	10	18	

18	14	17	11	29	25	21	18	

29	22	19	25	23	26	26	24	

25	10	18	20	29	29	21	24	

15	18	28	29	28	19	29	28	

24	13	22	29	30	18	14	22	

13	30	29	14	24	29	22	29	

12	24	25	21	13	13	22	15	

11	27	27	26	26	10	11	16	

20	11	25	19	28	23	11	10	

23	10	15	17	24	30	12	25	

25	16	15	26	14	10	20	29	

16	15	19	30	15	16	29	19	

30	13	14	20	28	29	27	16	

11	24	24	23	29	15	20	10	

26	19	19	26	27	14	23	16	

22	12	19	21	21	25	18	15	

21	11	20	15	20	29	26	12	

15	13	13	25	26	29	22	15	

15	20	17	20	12	17	21	24	

24	26	12	19	23	13	30	11	

25	24	23	26	28	18	26	17	

22	20	21	12	25	22	10	28	

14	17	16	19	20	15	15	21	

21	11	29	30	27	20	26	30	

10	13	14	24	21	19	29	16	

26	15	13	22	24	23	15	10	

30	24	23	18	11	14	11	23	

14	22	12	11	26	19	19	15	

28	24	29	16	27	18	22	17	

21	30	24	27	16	23	12	22	

28	30	12	10	29	29	19	12	

14	28	14	16	12	11	27	29	

12	17	22	15	28	19	24	29	

24	21	20	16	19	19	23	26	

18	28	20	17	11	13	27	11	

28	13	23	23	22	24	25	18	

18	24	16	21	11	24	30	18	

12	19	16	11	27	16	12	14	

14	27	11	13	22	30	14	27	

26	11	28	17	16	11	26	24	

25	23	26	30	24	15	21	11	

22	25	22	10	21	30	26	16	

24	27	23	18	14	22	12	15	

21	21	14	29	17	18	22	10	

27	11	17	16	11	21	10	29	

19	16	15	13	10	10	16	14	

14	23	24	10	21	29	22	25	

19	22	27	10	27	12	26	29	

19	13	17	15	18	25	30	27	

17	13	21	11	28	29	27	22	

15	27	23	22	20	19	22	13	

15	27	11	22	30	16	29	19	

22	26	12	28	30	30	13	16	

25	19	14	29	26	29	18	22	

19	10	22	28	29	10	21	24	

24	25	18	21	13	27	25	18	

19	26	26	12	30	13	16	27	

29	25	10	28	10	27	21	30	

24	10	25	16	15	13	13	10	

26	27	10	26	25	27	17	17	

21	23	28	13	20	24	13	20	

17	27	29	18	18	12	29	26	

23	19	24	22	19	22	15	30	

13	29	29	24	11	26	11	17	

16	16	12	24	14	20	24	15	

15	29	25	15	29	29	16	11	

30	18	17	11	25	16	18	10	

13	22	20	25	23	15	14	21	

14	11	12	30	24	28	24	27	

16	18	28	10	15	18	21	24	

20	21	12	20	21	17	16	30	

23	13	18	23	28	22	28	20	

27	21	29	26	18	23	29	28	

21	30	13	11	24	13	23	22	

29	11	27	26	12	26	26	14	

23	22	26	30	18	11	29	20	

19	18	18	25	26	21	21	30	

27	25	20	21	12	20	24	24	

17	10	10	11	22	22	28	13	

26	12	26	19	11	20	19	12	

15	28	21	26	15	28	13	12	

22	17	11	22	23	20	15	30	

28	18	13	27	15	28	10	23	

12	15	25	27	21	19	26	23	

29	22	22	19	27	14	14	20	

11	17	30	21	17	22	10	25	

28	21	28	28	30	22	25	11	

29	23	19	17	13	11	21	12	

23	14	22	25	25	15	21	29	

13	28	22	19	18	27	28	14	

19	23	30	27	17	26	17	26	

19	23	24	19	27	24	19	28	

28	19	16	20	14	11	11	20	

15	27	14	29	26	14	17	18	

26	23	30	19	26	13	28	30	

21	30	24	10	23	21	29	23	

12	10	15	28	14	28	20	29	

13	10	13	15	20	22	30	15	

18	18	26	14	16	15	12	12	

13	17	12	23	21	30	22	14	

30	13	17	11	29	18	27	28	

29	17	19	26	26	14	25	23	

26	21	24	12	24	15	16	14	

23	27	26	13	23	20	26	28	

16	12	15	16	22	14	30	28	

25	12	26	17	19	16	14	29	

18	30	11	13	15	30	12	22	

20	23	30	10	15	25	25	11	

17	23	28	18	10	30	30	13	

22	16	25	27	28	14	30	22	

13	13	22	18	13	13	21	23	

26	24	20	18	30	18	10	29	

20	30	13	19	18	20	25	10	

23	26	10	27	14	13	22	24	

10	23	19	20	30	27	28	10	

10	17	22	21	25	27	20	30	

10	30	27	28	28	17	10	16	

20	30	30	27	14	24	29	11	

21	17	28	25	15	11	24	22	

12	12	27	15	22	20	17	10	

14	25	17	19	23	10	21	12	

23	11	29	17	25	21	28	24	

29	24	30	27	21	10	25	14	

22	12	27	19	17	24	24	20	

21	27	13	14	24	14	27	28	

20	20	22	12	26	15	17	24	

12	29	23	14	17	27	16	19	

28	25	22	14	22	14	14	11	

10	26	17	24	12	20	23	26	

18	19	18	14	18	15	17	24	

26	30	12	11	26	21	23	10	

29	13	19	19	18	22	23	11	

29	27	22	28	29	30	18	28	

29	19	25	22	12	30	20	14	

29	18	17	30	20	17	13	18	

25	18	30	25	30	10	10	19	

12	15	24	11	18	30	28	10	

12	24	23	16	19	16	29	26	

22	29	20	24	20	14	10	24	

25	30	30	28	16	21	23	28	

10	24	29	13	30	29	26	20	

17	17	22	13	19	10	13	10	

10	28	20	17	22	24	11	21	

20	12	26	17	18	25	13	27	

11	18	20	28	12	25	18	30	

24	18	20	20	23	15	14	21	

12	17	22	24	30	11	12	26	

13	20	20	27	18	18	17	18	

23	25	18	13	20	17	15	11	

24	24	18	17	28	22	29	22	

25	28	12	13	18	21	24	14	

26	28	25	21	21	20	16	19	

11	22	13	15	15	12	27	11	

16	28	21	27	20	18	16	15	

30	27	15	21	17	29	22	20	

19	13	10	19	19	14	13	26	

22	20	15	25	28	21	16	14	

19	25	15	10	19	23	30	10	

25	26	11	23	27	17	26	12	

30	11	28	19	24	18	12	20	

13	22	28	12	17	12	26	18	

21	26	16	22	13	19	12	12	

14	15	22	14	24	27	23	24	

21	11	13	26	10	10	24	26	

18	26	28	24	29	12	10	24	

17	23	12	20	25	15	11	25	

21	17	25	22	23	27	24	19	

10	12	20	10	20	10	26	15	

21	13	22	26	27	24	27	24	

30	27	20	29	22	12	25	11	

30	23	15	30	12	21	27	25	

11	18	30	16	28	28	10	21	

10	28	11	10	24	25	22	18	

28	21	23	12	11	16	19	21	

26	19	17	22	20	11	29	30	

21	28	13	22	29	26	23	12	

17	28	27	20	16	14	12	24	

23	26	19	18	14	22	17	17	

12	11	30	17	26	14	21	27	

12	29	24	23	25	19	29	20	

15	24	10	20	29	20	13	29	

27	19	19	19	16	13	20	17	

27	13	20	29	24	11	15	29	

19	21	17	27	20	25	10	27	

22	18	27	15	13	24	23	26	

24	22	27	13	23	23	28	14	

24	24	23	10	27	22	28	13	

24	18	17	28	19	30	15	11	

24	11	13	10	23	15	12	24	

13	17	30	26	28	19	19	27	

28	28	17	30	17	11	23	26	

24	30	15	14	23	27	21	25	

18	22	14	12	10	25	12	12	

30	24	26	30	15	10	22	16	

23	26	21	26	10	14	20	30	

17	23	14	30	26	14	20	12	

21	24	22	22	26	29	21	22	

10	11	27	12	25	16	21	18	

15	19	30	24	29	30	24	10	

19	19	22	15	11	22	11	19	

13	27	29	30	10	29	21	20	

24	21	17	14	12	12	17	22	

12	24	17	25	10	22	22	16	

10	20	30	29	18	23	21	23	

11	30	17	22	24	22	27	25	

16	28	16	27	22	11	10	24	

23	27	26	25	16	27	27	16	

30	24	22	11	25	24	13	24	

20	21	30	28	19	11	21	27	

29	15	21	22	11	14	10	10	

11	15	12	16	12	28	19	17	

12	24	17	29	19	14	23	17	

15	10	13	27	16	18	22	19	

11	27	27	10	23	27	14	30	

17	14	28	18	15	10	15	14	

21	22	28	29	20	13	15	11	

19	18	28	16	30	14	24	15	

29	26	24	15	15	10	14	28	

28	27	28	19	12	21	25	17	

14	12	20	23	15	27	10	29	

10	10	17	25	30	27	17	11	

17	26	12	22	19	24	17	10	

14	20	19	14	16	15	18	17	

13	30	18	16	20	24	29	23	

28	14	25	15	21	13	28	15	

30	16	29	18	10	17	16	19	

25	26	20	12	17	19	10	20	

17	26	10	30	13	12	23	27	

23	24	17	25	26	23	19	22	

29	27	26	20	24	29	21	18	

24	22	16	20	24	21	23	16	

20	24	29	20	24	29	27	30	

14	18	13	16	21	13	12	19	

25	12	20	25	16	21	13	18	

15	11	27	29	17	29	26	17	

22	26	20	19	19	23	20	22	

16	25	24	10	28	18	20	26	

14	21	18	27	14	21	27	19	

24	19	21	27	15	18	10	19	

11	24	26	21	17	20	12	21	

29	16	23	20	30	25	10	13	

17	24	26	15	29	14	18	11	

23	21	24	27	20	24	10	14	

29	29	14	24	16	16	11	28	

28	18	14	19	24	11	11	17	

10	26	29	22	23	30	18	19	

12	16	15	22	13	23	25	21	

21	12	17	24	26	16	19	15	

30	28	11	28	22	12	22	19	

17	10	26	27	19	14	18	19	

13	26	16	20	28	29	19	28	

19	26	30	15	12	11	10	15	

19	27	25	30	17	11	28	14	

11	24	13	16	20	14	15	18	

10	28	21	28	20	13	13	11	

30	14	22	16	18	28	28	12	

26	11	27	25	16	25	30	27	

21	28	18	21	11	15	26	11	

24	13	22	12	24	24	14	26	

19	30	16	13	12	12	17	20	

10	12	29	11	20	19	10	16	

19	23	12	10	29	30	15	23	

19	26	24	16	23	14	18	22	

13	28	14	22	26	11	18	13	

28	30	10	24	23	25	28	26	

23	23	21	27	17	18	17	26	

29	12	17	23	28	18	20	12	

15	10	15	17	25	30	29	11	

30	22	22	24	19	29	14	25	

19	21	22	30	17	11	23	16	

20	20	23	19	21	13	21	25	

15	14	11	13	29	11	14	10	

16	18	11	23	12	11	20	14	

12	12	19	20	26	19	30	14	

25	30	24	20	13	18	26	17	

17	25	29	27	10	20	15	10	

25	20	20	17	25	30	29	10	

30	22	14	22	18	27	26	17	

22	16	19	28	17	27	15	18	

15	19	12	26	15	20	18	22	

15	16	13	10	15	25	13	23	

21	26	17	26	13	15	11	14	

25	20	20	25	22	15	29	30	

11	19	18	14	15	26	20	17	

27	17	20	14	20	27	30	23	

16	25	20	23	25	27	19	17	

27	26	15	18	18	26	19	27	

17	21	16	24	16	25	23	15	

22	15	26	28	30	16	15	28	

19	12	21	16	19	11	26	24	

14	11	21	15	30	19	15	15	

23	14	30	30	14	26	25	14	

13	27	30	28	17	26	15	22	

18	29	18	25	27	29	23	14	

13	15	11	25	16	14	16	18	

29	26	19	16	29	11	29	30	

13	27	15	17	18	30	26	20	

23	16	18	27	18	21	26	10	

27	24	17	10	27	15	14	25	

25	13	25	22	11	10	10	25	

28	30	29	22	16	17	12	23	

28	18	22	12	19	13	12	22	

14	26	23	22	30	10	18	18	

25	12	24	26	19	17	10	18	

21	21	17	21	14	19	20	13	

21	12	30	30	23	30	24	22	

20	17	22	17	23	27	18	12	

12	24	28	13	16	25	12	29	

11	11	23	24	22	13	24	28	

13	17	27	28	20	25	10	19	

21	17	19	30	26	13	16	16	

12	10	26	12	28	23	18	20	

21	25	18	22	21	20	24	28	

29	26	19	18	22	22	30	19	

30	28	28	28	26	19	28	10	

20	17	20	23	29	16	20	23	

16	12	16	21	18	25	26	21	

22	11	24	15	12	10	13	15	

30	29	27	14	27	13	29	14	

16	24	22	19	16	28	16	10	

30	23	23	30	22	28	21	19	

23	17	29	29	29	19	13	20	

28	25	13	12	18	22	12	27	

26	12	24	17	24	22	13	30	

29	15	21	20	14	30	23	30	

13	10	15	24	11	27	23	24	

24	25	14	29	10	13	14	19	

24	24	30	16	27	10	24	10	

14	18	22	19	15	26	16	26	

25	24	20	11	21	16	13	12	

17	15	19	13	30	25	22	28	

11	15	10	28	12	14	22	18	

15	25	26	12	17	14	14	19	

30	20	27	28	11	18	21	11	

29	14	10	28	24	20	19	21	

16	27	12	23	18	20	18	27	

15	20	15	24	24	22	23	17	

14	12	10	11	13	21	14	14	

23	11	17	16	14	21	26	16	

13	13	11	19	16	25	11	25	

24	17	25	27	27	11	11	11	

15	28	22	16	21	30	21	18	

25	29	12	24	22	14	22	15	

13	19	29	18	17	24	22	23	

19	20	23	14	24	16	22	12	

14	24	12	17	23	17	14	10	

30	22	24	15	24	29	22	11	

16	18	14	22	12	25	18	11	

15	27	30	17	30	18	23	17	

23	18	16	20	28	30	24	18	

24	29	15	18	24	18	16	17	

28	28	23	18	25	21	28	24	

29	29	19	29	24	19	24	18	

13	13	24	12	25	24	30	10	

24	28	26	19	20	30	18	28	

11	10	13	23	18	23	18	10	

10	18	13	23	14	21	17	16	

22	25	11	19	14	22	24	10	

14	29	17	14	22	29	14	10	

21	21	10	27	27	13	12	21	

30	19	28	26	15	23	29	27	

30	15	27	18	29	25	15	11	

17	26	30	30	25	25	27	20	

24	24	13	14	24	10	22	18	

22	27	28	16	18	21	27	17	

16	22	25	30	20	14	16	16	

26	26	26	13	29	17	10	25	

14	11	28	22	10	13	26	20	

24	20	26	11	13	10	11	29	

23	22	11	15	30	10	19	10	

23	17	24	25	23	11	25	11	

26	22	27	12	12	28	13	11	

30	26	14	15	21	30	29	16	

23	13	10	13	11	28	30	20	

20	28	20	18	30	17	29	24	

28	29	14	28	15	23	10	28	

17	10	15	13	30	18	19	24	

15	11	12	19	10	10	28	27	

11	13	23	26	26	13	25	14	

25	15	28	29	21	22	17	26	

26	21	28	11	27	21	20	30	

21	16	20	16	17	17	23	10	

24	17	17	11	13	17	11	29	

23	27	13	26	25	21	30	14	

16	15	11	24	18	22	26	24	

11	27	23	21	20	22	17	14	

23	22	26	28	25	30	19	15	

19	18	27	24	29	29	25	30	

23	18	21	30	13	30	30	25	

29	25	16	18	15	24	24	20	

22	15	15	10	18	19	14	27	

28	27	22	24	20	27	10	28	

12	14	15	23	18	30	14	10	

19	14	17	20	30	23	30	13	

19	12	20	18	15	29	25	14	

17	30	10	13	20	24	20	17	

14	27	30	28	23	15	25	12	

20	14	20	23	18	27	24	30	

12	15	27	18	30	12	15	26	

15	10	15	14	11	26	12	20	

26	22	29	18	25	17	11	17	

27	13	10	29	24	26	11	22	

20	17	15	26	13	14	25	27	

29	11	24	19	21	14	16	26	

24	22	11	11	17	25	26	23	

24	24	24	19	10	18	15	21	

20	24	27	21	26	25	15	22	

