284	2


2890
2759


79
97
53
71
85
84
71
68
62
96
85
99
63
71
54
77
64
78
89
94
72
62
59
70
91
67
64
57
68
57
78
99
75
52
64
98
72
99
61
54
77
77
54
69
91
69
84
62
61
56
77
64
83
79
100
95
87
81
88
95
58
73
55
77
72
86
71
82
99
58
91
73
58
56
54
53
56
92
94
95
61
74
74
79
91
82
55
80
98
59
95
55
73
70
57
53
62
53
91
93
82
85
63
88
76
93
100
99
93
52
87
93
61
91
73
71
75
65
73
81
99
95
79
63
61
72
84
72
85
63
63
73
90
79
93
78
87
86
86
54
73
70
69
73
84
66
95
58
91
91
59
91
73
77
61
79
97
80
54
52
61
63
60
77
95
78
62
86
93
89
56
50
98
86
57
75
88
52
56
92
71
81
94
78
72
51
87
64
57
53
95
100
93
61
90
61
55
92
71
61
55
83
63
51
93
99
92
81
93
55
76
68
62
64
72
52
82
65
94
59
58
56
94
69
72
89
71
60
87
59
91
53
77
66
57
63
82
82
62
80
98
68
62
68
54
92
87
67
82
88
89
90
70
79
76
64
50
58
78
54
99
79
100
84
64
52
51
58
57
84
81
53
76
89
56
67
94
68
88
87
74
77
59
76


30	16	

10	29	

14	27	

13	14	

24	27	

18	23	

18	17	

24	15	

15	23	

30	29	

29	10	

27	14	

16	20	

14	27	

12	21	

25	23	

11	12	

15	26	

10	17	

27	28	

20	14	

15	20	

16	21	

21	26	

30	12	

19	13	

17	28	

17	22	

30	11	

28	21	

11	27	

27	25	

14	26	

25	14	

21	11	

20	26	

19	17	

13	26	

21	16	

28	14	

25	13	

14	28	

12	17	

27	18	

29	25	

21	10	

17	26	

25	29	

15	17	

10	14	

22	30	

24	13	

30	28	

26	16	

14	19	

23	15	

14	14	

28	11	

10	24	

24	24	

12	24	

13	13	

11	16	

17	20	

29	16	

23	11	

22	13	

12	24	

17	19	

12	30	

25	22	

26	24	

14	21	

23	23	

18	21	

18	26	

30	28	

11	15	

10	22	

11	14	

16	28	

22	15	

20	13	

25	20	

26	17	

15	15	

26	23	

28	15	

28	17	

27	20	

17	22	

28	10	

18	15	

14	15	

21	21	

22	19	

16	18	

28	16	

26	28	

19	22	

14	28	

20	13	

18	22	

27	11	

29	30	

19	19	

19	10	

28	26	

30	27	

21	14	

16	23	

11	11	

22	13	

22	10	

29	16	

29	21	

30	18	

21	22	

29	12	

17	23	

14	12	

20	23	

23	16	

21	15	

15	23	

14	19	

24	15	

14	22	

24	24	

16	20	

15	25	

26	30	

17	28	

24	13	

18	27	

21	24	

20	19	

20	16	

10	13	

24	13	

25	11	

14	16	

27	24	

13	22	

26	27	

27	21	

27	21	

30	16	

10	28	

21	21	

18	15	

30	23	

10	21	

10	12	

23	28	

23	27	

26	22	

18	10	

15	10	

14	11	

28	23	

14	16	

11	30	

27	23	

18	14	

13	22	

26	15	

13	17	

27	13	

30	19	

24	20	

17	19	

26	30	

12	23	

13	30	

19	15	

17	26	

28	22	

19	20	

22	13	

27	27	

10	30	

30	10	

24	17	

24	25	

26	12	

10	29	

21	29	

20	19	

22	14	

14	14	

20	11	

15	28	

27	21	

21	27	

22	26	

24	18	

30	13	

27	10	

19	21	

28	25	

20	14	

25	14	

21	29	

12	13	

19	30	

23	18	

22	13	

28	14	

24	14	

14	25	

19	26	

14	19	

12	20	

24	10	

27	17	

15	20	

30	19	

12	26	

28	13	

12	26	

29	15	

11	20	

11	23	

24	12	

21	29	

24	26	

14	12	

19	23	

17	28	

20	19	

11	30	

14	17	

22	30	

16	14	

17	18	

11	12	

22	10	

15	10	

11	26	

19	16	

24	10	

15	20	

21	21	

25	17	

24	24	

20	14	

15	26	

29	14	

12	26	

24	10	

28	12	

10	28	

22	11	

21	27	

20	12	

21	22	

12	15	

27	19	

26	19	

29	29	

19	25	

24	14	

30	28	

19	26	

16	11	

22	12	

15	13	

24	21	

12	19	

17	24	

27	23	

25	16	

27	10	

19	15	

29	21	

25	25	

16	16	

18	15	

26	20	

28	12	

18	14	

27	17	

21	18	

