720	14


7187
7248
7249
7073
7300
7241
7186
7120
7217
7286
7178
7245
7308
7021


61
79
59
64
68
54
58
91
75
71
59
94
86
72
99
87
57
68
80
87
79
99
59
69
88
63
55
75
93
71
69
99
84
87
60
51
84
70
94
98
56
97
70
96
89
73
80
87
87
100
54
84
77
79
69
89
69
90
87
91
84
94
54
76
64
93
76
67
93
76
64
100
55
95
60
55
64
93
99
92
77
89
97
61
79
85
50
63
54
76
98
76
98
70
65
91
92
93
62
80
96
87
61
60
98
59
66
71
99
95
98
91
50
77
78
100
60
97
91
67
82
52
60
60
58
60
51
63
83
54
52
69
99
68
62
60
77
90
63
62
50
93
56
95
93
76
79
89
74
79
54
79
64
71
54
55
72
58
88
79
53
79
52
98
67
86
82
70
74
83
82
95
52
75
83
83
76
78
72
71
50
72
91
87
89
95
69
62
85
86
53
95
92
61
96
94
95
99
71
73
97
71
71
54
93
84
95
96
61
71
96
50
65
89
58
98
60
87
62
53
97
76
63
67
75
97
74
74
77
97
86
59
86
57
81
72
74
87
64
69
70
76
65
94
83
80
59
88
96
51
77
97
86
52
98
95
76
58
86
85
56
61
67
83
88
85
52
68
60
64
91
50
75
96
89
53
56
65
54
83
100
68
85
96
94
59
53
91
92
65
54
66
100
50
82
92
72
65
53
66
51
62
99
54
88
98
54
75
54
67
73
81
77
85
77
69
71
68
93
97
73
52
88
60
53
75
84
86
89
68
88
59
65
100
76
72
75
81
66
76
88
90
94
86
60
99
78
91
72
85
69
88
96
98
75
75
93
70
88
52
95
67
100
64
88
80
88
66
98
56
79
89
64
82
69
77
63
94
93
91
88
52
55
56
93
63
97
100
99
94
95
63
83
77
89
69
74
63
85
97
88
74
51
81
76
81
75
79
71
98
96
59
65
70
71
88
74
79
66
78
90
96
93
99
59
51
55
94
96
84
80
74
91
64
93
85
54
61
75
96
95
77
64
66
62
98
52
63
53
80
85
78
82
97
98
82
72
59
76
51
88
68
85
75
73
79
91
53
53
84
66
56
62
94
79
85
81
61
86
95
77
97
59
100
69
70
84
81
89
88
86
51
95
72
76
71
67
90
85
53
94
93
98
68
80
96
51
70
100
99
66
69
91
59
90
100
82
96
81
95
95
66
91
98
78
86
65
92
68
72
87
99
59
76
55
55
92
69
63
86
89
99
55
59
62
80
76
72
62
83
50
55
71
52
61
72
68
63
81
64
69
93
76
91
61
58
73
92
65
60
98
57
60
63
68
57
90
79
100
83
57
56
72
59
97
71
95
56
73
92
70
89
85
82
70
76
84
82
58
94
60
97
71
63
52
91
79
55
97
98
71
71
53
77
88
65
83
73
51
51
98
82
67
69
80
64
92
80
89
85
69
71
100
90
96
62
61
93
89
56
88
89
96
57
75
92
68
56
100
79
94
64
51
66
89
65
72
70
97
72
56
58
88
90
60
74
54
59
64
90
52
66
79
100
74
70
90
98
68
94
85
95
74
71
63
50
88
81
79
68
58
76
83
74
52
51
84
78
53
63
66
65
95
55
52
79
51
71
68
90
78
90
87
55
80
57
70
76
81
73


20	15	27	13	26	27	15	25	26	25	20	30	26	12	

25	18	25	21	30	29	19	13	13	18	24	17	22	18	

21	30	11	21	12	22	27	28	11	11	14	14	17	23	

19	21	27	24	20	17	21	22	25	18	27	30	21	27	

12	13	14	21	25	14	12	30	10	10	29	19	18	25	

21	28	13	23	18	16	29	27	11	16	17	24	25	28	

14	29	12	25	15	25	29	18	27	13	23	22	26	21	

29	18	21	20	12	10	23	12	29	15	19	15	27	30	

21	30	29	24	30	30	16	20	30	24	12	28	24	11	

30	16	16	28	12	15	23	17	26	30	22	13	29	16	

22	16	27	13	22	16	16	25	28	22	27	25	14	22	

23	12	28	19	12	11	23	17	17	15	21	28	12	16	

30	13	20	15	10	22	15	18	15	22	12	16	16	14	

19	30	10	30	25	25	16	10	30	17	29	15	26	22	

26	27	19	25	11	16	19	23	11	14	13	15	24	25	

30	26	22	27	24	21	17	29	17	17	26	11	19	12	

27	26	21	29	10	28	24	12	29	15	10	11	15	22	

19	17	24	28	14	16	27	15	25	30	15	28	18	19	

27	15	13	17	13	19	22	10	13	30	22	19	14	13	

29	12	11	25	15	24	16	14	28	15	11	22	20	13	

17	24	13	22	12	12	29	15	18	13	11	13	24	30	

27	15	24	17	10	12	15	19	27	11	16	13	12	17	

11	17	24	10	28	29	20	21	12	12	27	25	19	30	

19	11	23	30	27	17	23	15	17	26	11	11	26	24	

19	13	23	22	18	16	17	14	28	21	23	22	26	24	

26	14	20	15	25	18	27	29	13	16	26	23	21	18	

12	11	15	25	29	19	11	28	29	16	26	18	11	20	

28	19	23	20	19	22	30	30	23	22	19	18	18	10	

24	13	11	19	25	14	25	18	26	23	14	11	25	20	

21	29	16	20	23	12	19	25	24	26	29	28	27	27	

11	16	17	25	21	12	25	11	16	23	24	30	21	16	

15	20	26	22	19	26	16	11	18	12	28	21	10	24	

16	17	27	17	26	15	14	28	24	12	30	29	17	27	

23	16	25	14	12	25	10	29	22	20	15	14	17	21	

20	23	29	14	19	11	25	16	28	13	18	17	13	28	

11	17	10	19	24	17	26	29	29	26	27	12	15	25	

16	26	21	15	22	13	12	11	19	10	17	21	14	17	

19	12	26	11	12	30	14	29	14	17	12	15	23	29	

21	28	22	21	30	27	28	24	28	21	27	15	28	12	

22	11	26	17	23	28	16	15	24	10	10	26	24	21	

30	22	20	17	12	13	27	26	27	26	28	15	16	30	

23	17	30	14	12	29	21	20	15	24	25	19	28	14	

28	13	18	10	26	24	25	21	14	23	11	17	21	24	

27	10	22	19	30	27	30	20	14	25	18	23	25	17	

29	22	30	10	15	10	10	17	22	23	21	16	16	28	

20	16	29	24	23	23	20	11	15	20	22	21	13	29	

17	21	15	29	25	29	28	25	16	19	22	20	20	23	

15	29	22	14	22	12	21	14	15	12	21	21	27	21	

24	17	30	14	12	18	20	22	11	30	11	11	30	20	

17	15	12	13	28	16	27	22	29	26	16	10	26	13	

25	19	11	11	29	16	12	12	15	13	15	23	10	27	

23	17	12	29	11	17	17	20	25	20	10	27	25	20	

19	16	14	14	29	26	25	30	15	26	12	18	12	28	

18	29	12	19	19	19	20	25	25	25	11	23	12	27	

10	21	24	15	28	11	28	12	14	27	21	23	17	10	

14	11	17	27	26	27	25	12	18	24	16	11	21	24	

15	25	13	10	20	10	25	11	17	30	12	28	15	11	

26	17	28	17	27	17	23	14	10	11	12	14	27	20	

29	14	12	17	12	16	10	17	22	15	10	28	18	30	

13	18	28	18	17	29	10	24	19	19	13	19	19	30	

14	14	10	20	12	25	23	19	26	30	29	26	23	14	

10	25	14	22	30	29	29	14	18	29	15	24	17	27	

23	23	10	25	22	15	28	25	15	23	18	28	16	10	

13	12	26	19	18	24	11	25	30	22	24	19	30	17	

22	30	14	12	16	10	13	30	11	25	11	14	23	14	

12	17	17	27	29	17	29	22	23	27	20	11	21	30	

28	14	30	25	28	12	21	19	20	15	15	18	23	12	

25	22	23	20	13	30	23	12	28	13	16	13	18	18	

17	16	19	12	12	21	24	24	22	20	15	10	16	26	

20	22	26	18	28	22	22	20	10	26	28	22	30	16	

15	11	12	29	22	10	23	28	22	19	15	26	12	11	

29	17	21	27	18	23	15	16	26	29	13	17	21	10	

15	27	14	14	27	11	25	29	18	14	25	19	10	29	

21	10	16	17	24	28	12	18	13	21	23	20	30	12	

25	27	28	24	29	29	16	26	16	26	15	28	19	17	

15	20	19	17	27	13	14	15	18	26	18	15	16	28	

15	30	19	13	25	10	15	10	27	23	22	28	27	30	

26	15	12	12	21	22	26	21	13	28	19	29	14	17	

13	14	29	12	13	29	14	23	12	21	30	16	18	21	

21	30	18	10	16	29	23	27	28	20	23	19	17	12	

24	20	12	11	30	18	25	23	10	11	12	29	26	23	

25	28	15	25	11	12	29	23	18	27	23	11	28	21	

18	30	14	13	14	17	28	27	15	29	22	29	24	17	

18	19	15	28	13	26	27	29	28	15	16	26	17	17	

22	14	22	15	18	19	15	13	18	24	30	20	15	15	

20	14	28	12	19	19	18	17	26	14	24	25	16	10	

11	12	12	20	16	22	12	26	27	13	29	30	17	10	

19	20	13	29	14	14	26	25	15	22	14	12	22	29	

30	13	11	24	17	19	11	28	10	29	23	26	17	11	

25	26	19	11	21	27	21	19	24	21	25	21	10	22	

10	13	17	15	21	29	23	13	14	26	28	15	17	30	

30	17	25	17	18	22	13	29	20	27	17	21	15	17	

23	18	25	26	30	14	24	17	28	19	20	17	17	28	

25	22	10	13	16	23	19	27	29	30	25	13	17	18	

11	21	26	10	12	19	14	15	13	19	11	19	26	24	

16	13	25	18	18	29	19	23	11	27	16	23	18	15	

10	25	19	14	25	17	29	26	16	30	14	26	17	30	

18	12	18	21	24	18	23	10	19	18	24	19	20	24	

29	16	25	17	29	14	18	23	10	23	13	29	20	21	

29	17	24	17	11	23	17	13	10	30	17	12	29	12	

28	17	24	23	18	17	28	28	14	15	26	29	17	22	

22	15	24	21	18	22	13	19	22	21	30	27	19	25	

22	15	28	12	15	30	27	12	29	20	29	24	22	24	

23	28	10	27	23	28	27	25	26	19	14	24	16	13	

11	26	22	16	30	16	30	15	12	20	24	30	18	24	

19	14	20	28	22	30	10	12	21	23	25	22	21	24	

26	11	25	28	24	13	25	22	20	15	10	22	23	24	

19	10	14	22	12	21	21	28	24	13	29	20	11	18	

13	18	18	20	14	18	10	17	20	21	25	23	13	16	

18	23	30	19	20	18	12	24	19	22	25	14	10	23	

22	21	27	23	14	19	26	10	17	24	12	23	18	26	

21	10	13	16	30	20	20	29	14	12	25	11	21	10	

25	15	23	29	12	11	17	10	12	28	14	20	16	12	

29	22	10	18	16	13	16	22	29	23	23	20	30	23	

24	27	19	14	20	23	20	15	18	17	12	22	27	16	

29	30	14	22	30	16	11	29	25	30	25	18	29	27	

14	29	14	11	29	16	24	29	16	10	10	24	29	22	

13	16	20	19	24	16	13	14	18	16	27	25	15	22	

28	13	16	17	19	18	21	26	25	24	23	12	17	16	

15	12	30	11	12	18	18	17	12	12	20	25	24	26	

15	10	16	27	10	21	22	19	19	18	25	19	26	17	

14	28	24	22	21	22	20	25	27	15	20	13	26	28	

12	22	20	27	11	25	15	23	10	20	16	28	15	12	

29	27	16	19	14	15	27	19	26	12	20	29	15	13	

17	11	24	17	20	18	21	24	30	17	24	25	17	13	

11	14	30	25	22	16	25	24	26	18	19	24	17	14	

15	29	30	23	15	21	14	26	28	14	22	21	13	22	

18	14	12	24	23	30	24	30	24	28	11	27	29	24	

23	10	27	11	15	12	17	22	23	15	21	25	28	13	

27	16	21	26	30	22	26	27	20	29	25	12	29	30	

17	28	13	19	18	19	14	16	13	11	21	21	28	11	

17	14	18	24	17	23	15	19	25	12	20	20	11	20	

25	22	16	11	25	15	13	29	16	29	23	30	16	24	

26	30	11	30	15	27	11	22	20	23	13	12	14	11	

17	21	16	13	20	22	23	30	21	19	16	27	25	18	

21	20	11	13	21	18	21	25	28	10	10	24	29	25	

11	25	18	19	22	18	11	10	26	27	19	12	24	24	

25	24	14	19	16	13	22	22	22	22	26	20	11	10	

20	27	12	24	14	14	18	19	13	22	29	17	17	20	

20	25	21	15	30	15	21	23	19	18	23	23	19	22	

22	22	15	12	27	19	15	21	24	18	30	19	27	25	

23	14	26	27	13	15	21	19	18	13	17	30	17	30	

14	22	25	27	21	15	17	23	12	19	11	14	27	18	

11	13	10	26	15	20	10	21	14	13	29	29	27	18	

12	28	19	17	29	17	15	17	10	27	11	14	26	19	

21	10	21	12	22	12	20	26	17	12	29	21	12	15	

18	16	29	12	24	20	27	19	21	29	30	21	20	10	

20	10	27	17	13	23	21	26	18	20	16	23	11	24	

13	24	12	24	12	16	29	24	28	16	22	29	19	16	

15	20	18	22	14	22	19	26	24	10	28	22	30	17	

27	29	11	19	26	19	26	23	18	13	24	13	17	25	

24	18	12	12	20	20	12	15	12	11	10	25	26	12	

18	21	23	14	17	24	11	27	12	30	16	18	10	14	

12	29	30	14	17	19	30	12	15	26	24	24	21	25	

14	28	22	14	12	12	24	11	12	24	25	12	27	27	

18	12	17	14	18	10	29	25	25	14	21	14	11	10	

23	21	30	19	29	16	28	25	21	13	30	13	18	28	

21	23	28	19	29	18	23	26	18	15	25	28	22	27	

26	22	14	26	28	19	26	13	23	21	24	19	21	14	

22	24	24	13	24	17	21	13	19	20	11	23	20	22	

23	17	29	12	20	27	17	10	11	25	22	16	16	14	

28	15	30	14	19	15	21	12	11	15	28	18	20	22	

29	23	20	22	24	19	23	12	18	28	29	17	19	17	

30	30	25	28	29	16	15	24	23	23	22	10	30	10	

30	22	19	13	26	12	23	27	23	30	11	11	28	13	

21	22	14	14	24	28	27	29	10	29	30	14	21	21	

15	26	12	19	16	12	27	18	23	10	16	21	28	10	

21	15	24	19	27	20	28	18	26	13	15	30	15	18	

12	18	13	26	20	25	27	24	12	29	12	19	17	16	

15	20	27	12	22	18	14	24	21	10	13	16	22	16	

11	14	10	30	22	12	15	22	10	18	23	28	17	12	

13	10	29	18	23	28	24	20	26	11	27	29	13	12	

13	28	14	10	22	28	23	23	17	17	14	17	26	21	

23	15	21	13	22	10	27	14	13	20	11	13	23	12	

10	22	25	22	14	13	20	30	30	21	16	25	10	21	

23	17	26	10	18	28	17	14	19	10	22	14	14	11	

20	30	25	16	26	17	11	23	21	20	27	29	17	20	

19	24	17	11	20	10	19	27	30	25	12	23	20	14	

17	22	25	21	30	11	17	27	25	21	11	15	10	22	

16	27	13	21	22	17	12	28	10	28	29	23	26	27	

25	22	18	19	28	21	18	14	27	13	22	23	12	23	

18	30	12	21	27	22	28	10	16	11	15	23	21	18	

18	27	18	25	27	25	18	18	19	27	15	28	14	30	

13	27	20	25	25	21	11	17	25	21	14	20	13	25	

17	17	18	27	17	26	14	24	19	23	30	21	21	11	

10	30	14	24	27	26	13	25	26	13	18	23	25	18	

13	18	27	27	19	26	18	24	14	30	12	21	18	12	

15	26	13	21	26	13	23	25	19	27	11	15	27	21	

15	18	16	20	30	29	23	16	27	29	19	10	11	28	

28	27	26	20	16	25	22	27	25	19	26	25	17	20	

15	28	17	23	30	30	27	12	10	21	23	25	19	24	

12	23	24	20	23	27	15	25	29	14	20	26	24	17	

23	14	21	25	14	26	28	17	28	25	19	28	21	28	

30	22	13	16	26	12	26	30	29	11	21	29	14	22	

19	20	30	16	11	19	28	15	12	19	11	22	11	28	

29	14	10	13	19	18	27	26	11	30	17	18	19	26	

30	26	13	24	17	27	20	15	28	26	30	13	16	14	

28	18	15	13	18	23	22	14	11	17	17	24	10	11	

24	14	18	23	15	16	14	24	16	11	30	12	16	12	

19	23	30	23	11	16	21	26	23	17	17	24	23	25	

27	20	22	19	30	30	10	20	25	14	10	28	13	21	

19	10	15	16	22	30	30	14	28	22	21	11	22	25	

29	11	30	20	28	15	20	16	14	30	26	28	27	28	

25	18	26	21	12	25	21	28	25	23	30	22	28	27	

13	18	14	29	24	13	20	20	14	14	11	19	29	13	

11	10	15	26	19	17	17	12	16	16	23	26	24	17	

23	21	14	12	29	19	27	16	11	16	12	23	10	17	

21	22	25	25	18	23	26	29	26	30	29	22	24	28	

17	14	24	19	24	28	22	21	16	27	20	21	11	13	

19	20	19	19	27	15	20	19	22	22	17	24	17	20	

30	14	13	23	20	14	12	11	25	24	13	11	24	24	

29	13	21	20	14	12	28	24	10	27	16	19	16	28	

24	29	26	19	16	14	30	26	28	23	12	19	22	25	

12	30	16	12	17	29	19	25	20	11	11	13	10	25	

11	16	16	24	29	29	21	22	15	24	15	19	30	23	

30	20	15	10	22	26	30	16	17	28	29	16	12	20	

16	27	24	18	26	27	17	17	30	28	14	17	22	12	

20	11	16	18	20	25	20	13	24	27	12	17	13	20	

26	22	17	18	23	23	28	22	17	12	13	21	28	18	

25	12	27	29	13	18	22	12	28	20	29	20	16	23	

10	18	27	26	27	19	18	28	15	26	11	29	17	13	

30	14	14	28	23	16	12	25	21	22	21	17	27	25	

15	12	24	18	20	26	29	18	19	23	30	29	19	26	

26	11	23	17	13	18	13	17	29	19	26	18	10	21	

12	24	26	23	21	23	18	17	10	18	22	22	21	29	

28	25	19	10	12	24	25	21	29	11	13	11	16	26	

14	21	26	23	16	20	23	27	24	30	24	25	14	20	

27	22	28	10	25	30	15	18	21	25	17	25	15	10	

29	16	30	26	30	26	24	18	14	18	29	18	16	12	

25	16	29	14	28	24	17	27	14	30	30	21	11	22	

23	13	11	26	16	24	27	12	12	28	25	11	17	26	

16	16	17	10	27	13	11	12	10	15	15	12	22	15	

10	21	13	30	15	18	16	18	24	17	18	10	13	12	

27	28	22	11	14	16	11	30	21	19	22	15	29	12	

13	12	18	16	22	22	14	14	12	20	29	13	29	25	

30	21	26	13	13	23	25	20	26	13	26	30	17	14	

12	24	20	30	18	28	22	19	24	15	17	26	30	21	

15	16	26	23	27	10	16	29	29	18	17	18	18	14	

15	11	12	30	10	15	26	19	20	11	15	15	25	14	

21	16	24	30	12	23	23	28	25	19	15	24	28	21	

27	16	19	25	30	25	26	17	22	30	25	24	20	13	

15	30	16	12	21	24	18	26	21	24	27	28	30	20	

13	30	13	18	29	11	16	30	24	26	10	19	22	12	

14	26	17	22	26	24	22	16	18	18	21	12	23	22	

25	24	25	22	26	21	23	21	23	22	20	30	21	18	

20	23	28	10	12	24	30	27	20	14	18	19	11	27	

16	25	23	19	18	24	25	18	25	25	27	20	20	22	

15	25	11	21	29	19	17	30	15	30	20	10	22	10	

24	24	24	29	24	25	12	13	10	14	26	24	26	15	

13	16	24	13	16	13	12	25	22	17	11	29	16	26	

23	19	10	16	12	12	17	12	30	20	29	21	22	19	

30	23	15	28	22	21	26	20	26	14	12	12	15	15	

25	16	26	13	23	24	22	24	25	25	12	28	30	19	

17	27	19	28	25	26	18	13	10	21	16	11	12	23	

26	15	15	10	16	30	30	30	11	22	10	23	13	17	

13	22	12	26	28	14	26	18	21	18	16	13	27	13	

10	15	20	10	29	10	27	16	13	23	17	20	12	14	

27	14	29	11	17	21	27	16	10	22	28	17	12	26	

28	29	27	24	25	26	24	30	25	21	17	24	25	19	

19	19	19	17	27	26	18	30	26	17	12	30	24	24	

23	16	26	18	30	19	24	10	13	18	28	18	24	16	

22	23	18	15	20	11	24	15	17	16	16	25	10	28	

22	21	30	12	23	30	13	24	21	11	21	21	16	24	

24	21	19	19	23	27	12	14	20	21	28	28	30	23	

28	14	24	17	19	24	22	13	20	10	14	18	24	17	

10	29	21	21	14	16	24	20	26	19	20	19	13	21	

12	23	24	20	18	13	22	22	24	19	12	29	14	21	

18	26	16	21	11	19	10	12	13	14	27	23	27	15	

18	21	16	16	15	11	15	21	21	23	12	22	27	10	

18	19	17	25	25	30	13	19	15	15	28	21	25	12	

18	22	21	19	10	20	18	23	28	16	29	19	28	25	

10	16	22	10	28	17	27	22	24	14	16	25	30	11	

28	25	11	27	17	13	16	16	21	30	28	14	14	21	

15	21	30	14	14	11	10	15	29	30	17	22	19	28	

24	30	25	23	19	13	19	16	19	20	12	30	13	18	

21	19	10	22	10	17	15	21	15	20	28	12	29	11	

16	14	18	12	28	10	10	28	15	26	29	15	28	26	

22	17	28	14	27	12	20	27	18	14	13	21	16	10	

11	17	16	27	30	11	16	15	23	28	20	25	21	26	

25	28	29	25	16	25	20	29	24	25	29	25	18	30	

24	18	29	16	30	16	30	14	28	29	21	26	25	15	

13	26	13	29	16	27	11	10	28	25	30	28	20	26	

15	21	28	25	15	20	21	30	17	18	22	27	24	25	

21	13	24	18	10	12	20	12	16	23	11	22	25	26	

17	29	22	27	16	28	28	10	25	21	11	30	23	23	

19	20	24	11	16	10	28	10	23	29	28	27	10	27	

23	14	25	11	24	19	14	11	10	28	28	26	17	12	

18	13	22	18	27	17	11	30	22	23	11	11	16	13	

12	20	28	21	29	11	30	14	29	20	21	26	14	13	

13	27	20	17	13	14	16	10	18	19	19	28	30	14	

30	21	19	15	30	24	14	27	11	19	19	11	25	18	

29	27	20	11	29	15	11	10	28	19	21	27	22	11	

24	17	26	20	27	28	21	22	20	15	29	24	25	24	

24	22	16	21	16	29	16	29	14	23	18	16	13	13	

11	28	24	23	20	15	17	12	18	26	25	25	12	21	

26	17	19	26	22	11	17	17	12	16	29	27	13	10	

30	12	16	25	11	20	13	17	15	11	10	20	15	21	

13	15	21	28	22	27	26	20	24	24	29	19	19	18	

28	25	21	24	11	23	10	26	17	29	18	20	18	17	

11	23	15	19	24	24	29	17	28	18	17	10	17	12	

26	29	16	13	11	14	17	21	28	23	20	22	23	17	

29	18	20	10	23	27	12	17	25	21	25	16	27	15	

26	15	17	19	22	30	26	24	24	29	23	20	10	23	

22	15	28	12	21	27	19	27	29	24	17	16	19	22	

24	10	19	10	15	16	18	23	19	26	23	13	12	27	

13	23	21	13	13	30	12	10	24	25	30	16	25	16	

18	29	17	23	24	30	22	27	19	25	24	21	23	29	

13	26	14	14	25	17	13	26	28	17	15	18	17	20	

11	20	14	29	20	30	29	19	26	21	29	19	28	18	

12	30	25	13	30	22	23	21	30	21	28	10	29	14	

29	13	29	21	24	20	19	26	10	21	23	14	28	30	

21	10	26	22	24	15	14	30	28	19	29	24	14	22	

19	24	29	22	18	22	28	21	18	15	24	30	30	12	

27	16	21	16	28	16	20	15	26	29	26	26	22	24	

25	14	15	24	20	26	24	28	12	12	29	14	19	23	

18	26	28	15	11	10	24	13	22	26	27	27	22	22	

21	28	13	16	29	10	30	22	18	26	12	22	23	30	

10	15	11	30	11	28	28	21	14	10	19	11	19	28	

27	22	29	10	12	26	20	11	24	20	21	19	21	24	

23	19	10	16	27	13	19	15	13	18	13	13	30	17	

30	24	24	22	10	30	12	10	17	18	21	20	22	17	

15	13	25	14	13	26	18	22	24	29	23	17	25	22	

21	18	10	21	19	29	10	24	26	18	30	24	13	17	

22	18	14	26	14	29	14	14	28	30	13	28	22	19	

13	15	25	26	16	19	12	15	17	11	30	10	12	23	

23	17	20	10	11	18	11	23	17	10	19	14	26	19	

27	29	19	23	29	22	11	20	21	27	26	27	30	27	

29	18	12	20	16	13	12	24	25	25	26	23	26	27	

24	17	27	13	18	15	25	16	27	17	15	22	18	15	

17	13	20	10	14	29	12	13	28	15	13	16	13	28	

22	13	10	14	21	25	14	24	30	30	24	17	24	25	

20	28	12	21	16	15	14	18	17	30	26	29	29	12	

30	23	23	25	12	17	14	29	30	13	16	10	27	18	

16	23	16	28	22	24	12	25	25	13	14	30	10	11	

13	22	16	16	26	30	16	16	14	14	16	15	13	28	

17	18	21	18	10	11	27	12	26	15	18	15	24	23	

11	18	24	30	29	25	19	22	20	19	29	22	27	27	

24	28	19	30	30	15	22	18	22	23	13	16	20	27	

18	18	21	23	18	12	20	25	22	19	14	29	22	15	

16	14	12	20	24	23	28	27	10	10	11	19	25	27	

21	22	21	22	11	16	10	11	10	30	30	12	14	10	

24	14	28	13	30	22	20	26	27	25	13	30	14	28	

30	30	26	24	26	10	30	28	15	27	22	11	15	28	

28	15	27	18	21	20	17	25	28	17	13	18	16	24	

28	21	27	24	28	14	14	23	18	24	14	28	28	26	

13	13	22	28	12	17	26	24	25	28	16	26	18	10	

24	19	30	14	17	25	24	28	14	25	22	28	21	15	

14	27	21	11	28	21	21	17	20	14	20	21	30	14	

28	28	26	17	23	24	29	17	11	27	28	17	30	16	

13	27	28	15	27	29	14	16	20	11	27	24	12	13	

20	20	22	28	10	22	27	16	27	25	25	14	28	24	

13	29	15	21	27	24	23	16	21	17	27	21	20	13	

22	30	15	15	22	26	18	19	25	17	10	26	25	23	

14	29	20	22	27	30	18	29	29	23	30	26	20	27	

16	24	17	26	13	20	12	26	14	25	14	18	28	19	

11	24	26	17	27	26	22	12	21	18	15	26	27	19	

10	15	14	27	22	20	18	13	12	30	12	11	10	11	

29	11	17	18	28	18	21	20	17	15	29	16	20	20	

10	18	25	30	11	26	13	20	29	14	26	26	20	22	

12	10	27	29	14	24	20	24	27	27	17	23	12	15	

26	23	10	18	22	23	20	12	16	25	23	12	20	29	

12	22	14	21	14	29	10	17	19	10	20	24	21	26	

28	25	24	20	24	13	20	13	24	26	15	22	17	10	

16	11	16	12	26	25	11	11	23	24	13	16	21	10	

23	20	13	12	30	24	14	28	28	18	21	19	30	13	

10	21	10	19	21	20	25	14	16	29	16	16	28	29	

30	24	24	14	10	26	30	11	23	14	20	12	20	19	

15	18	23	24	19	12	14	25	18	26	16	11	19	13	

21	17	17	27	27	25	25	29	22	20	22	11	30	15	

27	25	17	26	29	15	24	18	20	18	11	25	23	21	

11	11	18	14	12	10	18	13	10	24	27	14	30	15	

11	20	29	20	13	14	17	12	12	24	15	12	14	26	

23	19	29	26	30	19	18	14	26	26	17	10	24	27	

28	19	27	29	11	25	23	15	14	11	13	13	21	17	

18	16	19	30	23	29	26	23	14	27	17	23	28	25	

19	15	22	25	21	19	21	18	10	17	19	15	26	22	

22	30	12	11	20	13	10	11	24	18	19	26	14	30	

10	18	18	29	17	26	25	25	29	18	23	26	20	16	

24	21	14	28	23	19	19	12	22	28	16	11	28	25	

14	22	26	10	15	26	18	14	25	28	12	24	12	10	

26	29	27	11	26	12	15	22	18	24	29	22	14	13	

12	30	23	26	21	25	26	17	18	28	27	22	21	23	

20	21	21	27	13	11	26	16	17	28	21	26	28	26	

30	29	16	20	21	15	28	13	18	28	26	24	27	22	

11	19	27	18	24	19	20	30	17	30	13	15	13	30	

15	22	26	17	24	25	19	13	13	19	16	21	21	17	

13	28	30	29	29	15	12	12	25	18	13	11	14	28	

29	25	22	27	16	23	24	16	30	24	21	22	21	16	

15	17	15	13	14	29	11	22	18	10	26	16	18	12	

23	22	27	20	10	29	30	27	28	21	28	27	13	14	

17	18	24	13	26	29	30	22	29	11	25	24	27	21	

27	25	27	22	27	28	16	18	29	23	22	17	11	17	

25	15	26	17	21	22	22	10	12	23	27	23	23	24	

21	23	22	12	30	19	12	12	26	21	20	24	19	11	

18	12	10	30	21	27	28	16	13	14	27	27	12	25	

19	22	18	20	15	22	21	14	18	13	29	19	21	25	

13	11	23	18	28	12	12	18	20	13	24	26	24	16	

17	20	11	16	14	13	24	18	10	21	27	14	27	24	

18	25	24	29	15	22	13	22	29	26	11	19	15	17	

20	29	25	12	23	20	26	19	30	26	29	11	10	18	

21	22	10	23	18	16	11	30	16	16	18	24	10	27	

10	23	14	19	13	20	26	12	25	16	20	20	24	28	

19	17	24	15	11	14	25	25	23	10	17	26	10	17	

24	25	26	11	12	28	24	11	23	11	14	12	21	30	

30	13	17	25	24	22	19	14	10	18	26	29	17	22	

30	24	25	27	12	14	11	11	16	16	21	18	26	23	

18	13	30	27	11	13	14	22	11	12	17	28	19	20	

22	25	17	11	10	28	25	29	23	22	22	17	26	24	

20	20	22	22	26	26	24	10	16	23	16	18	10	26	

19	26	26	19	29	10	28	19	18	26	29	21	29	14	

28	28	10	24	17	11	18	30	15	16	12	21	11	28	

13	23	29	13	21	20	25	17	20	23	30	10	23	20	

25	16	26	16	30	30	14	27	25	17	16	14	29	25	

18	12	25	27	30	22	27	11	18	12	10	26	14	27	

22	21	17	19	24	19	21	24	29	14	16	23	24	28	

13	24	30	13	10	15	26	26	15	11	17	30	17	12	

21	27	16	24	29	28	22	14	17	26	17	29	13	10	

21	11	21	17	27	18	14	24	18	29	18	13	21	10	

20	21	26	24	17	30	15	10	10	23	28	13	16	27	

24	17	21	16	20	13	21	12	29	13	27	18	29	16	

24	28	14	10	22	26	12	21	30	22	14	29	23	20	

28	24	28	20	30	30	19	29	19	29	11	27	19	10	

25	13	29	10	27	27	13	19	15	10	13	16	20	30	

26	11	13	17	30	21	17	21	28	17	21	18	15	28	

26	21	16	21	12	22	23	19	25	15	30	26	21	24	

16	28	13	22	14	23	19	23	18	23	30	22	30	20	

17	17	21	25	28	27	26	18	10	28	25	15	10	25	

17	15	15	18	17	23	16	19	20	15	15	11	18	10	

25	20	13	10	20	30	13	25	26	21	20	12	12	10	

30	11	23	16	11	18	26	25	21	11	18	22	26	30	

27	12	13	12	30	13	21	19	25	26	28	13	12	14	

29	10	28	30	17	17	30	18	26	20	10	13	14	26	

24	28	11	23	27	21	12	16	30	25	26	13	28	21	

24	13	19	19	16	16	12	15	19	28	14	29	26	16	

24	13	21	20	26	21	16	18	26	10	15	19	17	21	

12	25	13	26	22	22	29	19	26	16	28	19	26	13	

15	26	18	13	13	20	23	24	25	18	20	15	29	12	

21	24	15	24	17	21	23	14	12	15	25	20	18	23	

18	15	27	27	23	16	11	25	13	13	13	18	19	11	

26	14	26	14	30	30	13	14	29	26	25	25	29	19	

10	17	21	24	15	26	16	15	20	11	19	24	28	23	

10	29	17	11	14	11	22	28	24	28	25	29	10	26	

29	14	26	19	19	14	14	16	28	10	30	13	30	15	

17	24	25	22	14	17	21	19	13	16	30	16	11	22	

19	21	23	25	25	14	17	12	19	23	18	21	14	25	

19	29	11	27	26	23	29	20	13	10	19	24	26	19	

23	22	10	20	23	25	11	19	13	15	10	13	15	19	

13	30	25	18	10	29	25	29	28	16	12	29	14	15	

15	25	30	24	13	23	26	12	29	26	30	17	14	19	

25	27	13	27	22	22	24	29	17	27	19	24	21	23	

16	12	10	21	25	28	29	14	10	10	27	12	25	25	

17	20	29	17	10	10	11	20	25	14	24	26	18	30	

10	18	21	26	15	20	19	12	30	29	30	16	17	16	

18	12	23	25	19	19	28	18	27	15	26	11	28	23	

24	12	18	15	28	15	29	14	11	30	12	27	10	10	

27	16	19	12	20	30	21	18	16	16	26	20	10	26	

17	18	18	15	27	24	10	29	11	25	26	17	23	20	

26	10	18	30	12	11	11	14	11	11	28	30	29	26	

12	28	30	26	29	20	11	28	15	23	25	21	27	14	

10	16	22	14	11	27	18	12	21	17	10	30	22	25	

15	26	19	30	22	22	26	12	18	18	18	17	24	28	

18	26	22	16	13	12	22	26	21	23	28	19	21	20	

22	16	19	13	30	18	23	14	11	10	17	11	17	14	

22	23	25	16	29	22	26	10	12	28	25	30	16	17	

30	17	26	11	11	25	13	13	24	19	21	15	23	19	

22	18	10	22	12	22	15	12	12	23	29	19	15	13	

21	25	24	27	27	30	28	10	29	16	23	29	27	14	

30	15	18	28	19	14	17	16	30	25	24	18	24	22	

24	21	29	14	23	23	16	24	13	28	12	21	27	26	

14	22	11	16	18	30	23	29	19	28	26	30	11	13	

29	12	12	17	27	27	16	16	15	30	16	28	25	30	

27	10	26	21	11	17	17	20	22	19	19	17	10	17	

26	30	16	13	23	21	15	15	22	25	15	21	27	22	

12	26	30	26	30	11	26	12	28	14	24	28	26	15	

17	26	14	16	19	28	14	26	19	17	27	16	22	24	

26	26	14	13	30	16	13	15	14	27	22	24	28	12	

19	26	19	13	10	30	23	28	19	12	18	26	11	13	

10	24	22	26	26	15	21	19	18	15	26	28	11	13	

22	12	27	12	28	20	19	23	30	12	18	10	27	19	

19	11	27	28	27	18	28	14	22	27	11	27	21	24	

13	25	25	18	18	25	11	24	29	23	21	20	14	10	

20	30	26	24	12	26	21	20	10	29	30	13	21	28	

22	11	24	30	10	16	25	22	12	15	27	12	19	15	

12	28	14	13	23	12	14	29	27	23	28	15	26	17	

23	30	30	15	23	27	19	24	26	13	26	30	11	28	

16	29	14	26	10	27	28	20	14	21	21	18	21	17	

12	29	30	26	11	27	25	18	29	15	18	13	22	23	

12	14	17	19	13	12	27	25	26	29	28	25	27	10	

10	18	10	12	13	17	17	24	14	27	13	23	22	13	

10	16	11	30	29	28	27	17	18	17	12	23	10	17	

22	12	18	18	20	25	24	11	26	29	25	15	19	17	

25	25	16	27	11	21	11	25	27	17	26	17	20	12	

27	14	14	26	10	21	14	20	23	21	16	11	24	13	

27	24	11	11	23	14	13	18	10	24	22	15	23	12	

29	24	29	26	22	29	23	17	24	26	22	19	11	28	

23	17	29	28	19	18	14	27	22	13	26	28	19	27	

26	15	12	13	11	13	18	27	23	24	24	27	28	25	

12	17	21	20	30	15	21	15	20	17	10	30	15	25	

26	22	12	21	27	12	27	20	17	24	21	16	10	13	

14	21	18	28	11	13	30	16	17	20	25	23	21	10	

13	15	14	14	10	30	15	12	11	24	22	16	24	29	

12	21	18	28	10	25	15	22	28	12	14	22	20	10	

18	18	21	27	29	24	24	16	12	30	20	13	27	20	

25	28	11	26	13	19	24	19	14	10	21	10	14	15	

21	26	18	16	11	17	12	10	24	12	17	27	22	12	

27	30	20	21	20	10	16	28	30	12	25	22	18	12	

22	13	14	28	30	27	16	25	17	10	14	30	24	12	

10	13	27	24	29	15	19	29	30	12	11	14	27	11	

21	21	26	23	16	24	17	18	25	25	16	28	18	24	

25	18	30	22	21	13	11	10	11	10	24	23	13	24	

24	27	28	23	21	14	20	13	13	15	21	19	28	15	

23	17	10	23	17	30	19	12	26	21	14	15	18	18	

29	12	17	29	12	18	11	15	27	18	20	10	28	11	

15	28	30	27	27	11	30	30	23	18	26	19	22	17	

10	22	28	24	29	27	15	19	25	11	17	23	10	26	

30	22	27	17	22	18	14	21	29	26	21	12	20	10	

19	12	11	18	19	25	19	25	19	15	10	13	24	17	

13	10	12	25	13	10	19	20	16	11	13	11	22	16	

19	14	17	14	11	12	26	26	23	30	27	28	17	11	

17	26	13	12	16	14	12	28	12	30	24	11	13	23	

18	12	18	23	16	26	26	18	22	27	12	22	24	18	

10	20	25	27	16	12	26	15	16	22	11	22	17	21	

17	21	20	13	23	27	11	29	25	12	24	27	27	22	

12	25	15	27	26	15	19	25	28	17	26	18	15	10	

10	16	14	20	20	18	16	27	13	12	21	20	10	28	

24	19	20	15	12	30	27	26	23	19	25	24	18	22	

24	10	27	18	17	17	24	13	16	11	25	20	29	15	

22	23	19	10	16	11	15	15	21	12	14	20	27	25	

11	29	18	12	20	10	13	14	25	26	15	23	28	21	

23	18	26	20	19	27	15	15	30	24	10	25	18	21	

26	20	22	26	21	25	27	18	12	10	22	20	26	10	

21	29	15	19	13	26	15	23	25	19	25	15	28	13	

22	16	17	26	17	15	23	10	11	19	13	19	11	16	

10	24	30	23	19	18	25	16	12	29	17	29	10	26	

25	20	24	27	15	12	25	17	20	27	19	16	15	29	

22	13	30	15	26	16	25	14	21	24	24	18	27	22	

16	24	19	27	27	22	23	27	22	23	19	24	19	17	

27	29	15	28	30	10	20	16	13	20	12	23	30	12	

14	23	27	21	26	21	25	11	13	11	14	11	24	17	

14	27	21	13	10	10	17	29	30	26	11	28	23	18	

16	12	19	30	29	17	17	13	16	15	27	16	27	21	

20	30	29	11	18	28	29	13	14	28	17	17	11	20	

20	27	24	21	19	25	14	16	27	14	14	25	17	30	

12	28	18	21	27	16	20	30	19	13	11	27	18	11	

14	30	22	14	28	23	21	22	11	14	11	14	23	15	

14	29	24	29	18	13	24	19	15	22	15	22	24	19	

25	15	17	17	21	24	15	21	25	10	11	28	27	29	

28	15	25	14	19	15	21	25	29	13	18	16	20	20	

23	14	19	26	27	10	22	27	10	22	13	12	12	28	

10	23	27	14	29	28	18	29	17	29	12	17	15	25	

14	23	21	13	28	26	16	30	19	16	11	19	25	17	

18	16	24	20	20	17	26	28	18	22	26	18	10	14	

14	11	15	18	17	20	10	23	23	23	15	13	21	15	

28	19	15	30	13	26	22	17	20	16	13	30	22	27	

16	13	19	16	15	18	12	11	18	19	21	12	19	10	

27	30	22	26	10	14	18	11	28	30	11	24	30	28	

24	22	20	12	18	28	13	15	11	20	10	20	17	11	

28	13	18	15	26	22	15	14	29	20	10	25	29	13	

12	28	11	23	17	16	24	24	10	16	22	18	20	16	

26	30	28	11	26	27	15	19	15	23	13	26	29	21	

26	12	16	11	12	23	15	30	27	24	26	12	10	12	

22	27	12	21	22	28	14	30	23	13	18	29	15	27	

26	30	14	10	20	15	28	25	21	12	26	13	19	10	

17	14	26	16	26	19	26	20	29	19	12	27	27	14	

17	20	29	11	27	23	10	10	23	22	12	28	10	14	

30	18	28	21	10	24	28	18	17	20	25	16	19	11	

13	27	29	17	18	13	17	24	23	25	23	10	27	11	

28	22	23	13	11	29	25	17	23	17	25	27	29	27	

30	10	21	24	30	17	23	10	15	16	25	27	20	11	

21	27	22	13	15	29	10	10	18	16	18	22	20	24	

25	30	12	27	10	28	26	17	27	22	16	15	22	27	

16	26	28	29	27	13	24	23	20	22	21	25	28	12	

15	17	19	14	18	19	21	23	15	28	15	20	28	13	

29	25	11	25	21	10	29	18	14	22	23	13	13	17	

30	13	18	27	10	26	12	28	28	25	13	17	25	24	

15	14	19	28	23	21	19	10	15	18	19	12	15	25	

16	19	21	13	23	13	26	14	10	21	12	27	23	22	

28	23	21	25	17	30	19	15	16	26	19	26	19	10	

11	19	25	16	27	27	28	16	15	10	26	23	14	18	

12	14	20	22	26	25	17	12	16	11	21	11	16	22	

28	26	19	24	30	18	28	11	28	25	29	24	24	24	

17	30	10	29	26	19	13	24	30	21	18	17	19	25	

20	26	24	14	15	30	19	29	23	16	20	14	13	21	

21	25	30	25	16	11	11	22	10	15	23	24	15	28	

29	14	13	14	18	26	22	29	14	18	23	28	26	21	

10	24	21	18	27	21	14	28	25	27	11	20	26	10	

14	11	21	11	22	20	10	30	29	16	18	28	18	14	

25	25	18	18	21	11	21	11	24	13	24	29	23	22	

17	12	10	28	23	19	25	18	18	30	29	16	21	10	

30	21	27	16	29	13	19	27	20	25	18	17	25	23	

12	28	20	25	22	13	29	21	29	20	12	15	14	15	

16	29	28	18	27	10	19	23	23	20	28	15	30	16	

24	11	15	12	29	29	15	23	24	18	23	23	26	29	

22	12	19	10	27	25	13	18	23	26	26	30	23	10	

13	19	10	21	13	26	14	30	15	29	29	18	24	19	

19	21	14	20	29	29	11	27	16	23	16	16	23	27	

19	17	26	17	30	23	27	20	25	26	22	27	21	22	

10	17	12	23	27	12	12	15	12	29	10	22	27	28	

30	16	29	23	15	10	26	12	30	17	28	29	14	13	

23	22	16	29	18	22	23	14	15	25	18	10	30	22	

11	28	15	26	29	21	26	11	14	23	17	27	21	28	

25	14	19	16	14	27	25	10	20	17	18	18	28	11	

15	30	18	17	27	29	21	11	21	13	25	15	22	12	

26	20	23	12	16	11	28	10	18	27	20	12	24	20	

29	10	14	16	19	20	22	13	15	28	28	24	21	28	

24	14	16	18	30	18	24	10	14	28	21	13	27	19	

13	23	17	19	27	27	15	11	23	12	16	13	17	20	

20	12	29	23	24	12	11	23	14	28	10	30	25	18	

11	10	11	17	17	16	23	28	19	13	12	11	15	28	

12	21	13	16	25	19	10	13	13	23	11	13	26	13	

26	15	12	29	10	12	23	18	12	26	10	18	29	13	

24	15	10	13	26	17	13	15	21	29	19	13	17	13	

10	22	18	21	30	26	19	21	23	11	16	24	25	24	

27	15	26	29	18	15	25	18	19	29	11	18	25	21	

15	16	23	14	11	22	23	14	22	11	12	13	26	24	

19	24	16	26	18	13	29	15	14	26	26	23	11	24	

26	29	26	12	22	21	11	30	17	30	27	26	29	22	

25	10	20	29	27	29	17	17	30	12	25	14	25	30	

16	27	23	23	21	20	16	26	10	27	13	21	27	19	

29	26	20	15	11	19	17	25	22	27	24	29	22	25	

19	29	16	23	19	19	25	29	30	27	20	19	30	21	

22	17	23	23	30	17	23	29	16	17	15	15	22	13	

11	26	14	22	18	18	27	19	14	17	10	24	19	15	

14	30	25	14	24	26	23	29	26	22	20	15	13	23	

26	12	12	11	28	29	12	14	21	25	21	19	27	24	

13	28	24	23	12	11	22	11	25	14	23	21	30	12	

14	15	15	16	27	18	12	17	25	17	24	21	28	13	

11	19	15	28	17	16	18	14	11	24	30	22	18	16	

20	21	12	23	22	19	19	26	16	16	26	23	29	24	

13	22	11	21	23	29	25	18	13	14	18	14	23	13	

13	27	13	20	10	26	17	21	20	14	12	23	20	15	

29	22	17	11	16	21	20	10	24	23	23	29	30	22	

11	20	27	21	19	15	15	28	12	21	14	11	14	21	

10	21	25	25	20	30	14	26	19	24	25	25	13	14	

30	15	20	26	15	24	20	28	17	27	21	11	17	22	

15	24	13	11	12	17	10	23	11	25	11	15	13	12	

13	29	29	19	28	11	22	27	28	29	10	19	19	24	

23	18	24	26	20	12	24	27	16	20	17	21	11	26	

12	12	25	28	20	24	19	29	12	25	17	27	25	19	

24	15	12	22	26	24	19	10	12	16	15	20	12	21	

30	29	18	21	22	27	17	18	27	24	28	14	21	10	

20	12	20	15	27	15	26	21	16	15	18	24	16	29	

15	27	24	25	20	16	30	19	28	21	26	10	13	15	

24	21	19	27	23	21	25	18	28	11	30	17	23	21	

26	16	12	14	15	22	30	30	25	28	28	18	18	19	

19	26	28	21	13	28	25	23	19	21	21	11	23	26	

12	14	11	19	12	22	16	24	15	14	25	14	25	24	

12	14	15	21	30	11	11	20	17	13	28	25	22	30	

21	12	11	21	16	24	13	14	10	26	26	22	13	11	

29	13	19	25	12	28	21	12	17	15	15	19	12	14	

25	24	20	10	15	11	19	10	19	13	19	10	22	29	

15	12	29	16	13	28	25	15	22	20	20	22	24	12	

14	16	20	15	10	11	28	21	24	17	27	30	15	22	

24	27	14	26	20	29	18	14	19	16	22	27	25	29	

26	13	17	20	20	28	14	18	23	28	27	18	20	20	

26	20	30	21	16	30	14	25	10	21	17	14	22	19	

24	14	16	19	13	26	28	17	21	12	20	13	18	21	

28	19	26	27	15	10	20	27	20	22	10	17	23	11	

19	27	20	24	14	17	16	30	13	21	18	15	16	22	

23	19	30	22	12	12	26	28	22	30	12	20	18	13	

18	15	27	25	29	10	11	14	28	19	12	16	19	17	

14	22	30	11	19	27	17	18	29	24	21	10	20	29	

30	26	26	30	29	21	23	22	27	26	27	16	17	28	

10	16	18	16	27	28	23	14	10	16	12	20	16	23	

18	10	25	11	14	13	24	28	21	19	30	12	28	27	

17	11	20	12	16	19	30	23	17	24	13	18	18	10	

14	13	20	16	20	19	28	22	30	14	28	25	24	22	

10	18	27	30	16	28	13	17	30	14	15	24	10	11	

17	13	20	18	23	11	22	11	11	24	24	22	13	10	

29	24	16	22	11	28	30	10	11	13	20	19	17	26	

23	20	21	13	20	20	15	10	24	21	16	28	21	15	

24	22	13	14	24	28	26	22	23	26	28	16	23	13	

10	28	11	26	28	23	15	19	15	15	24	21	26	13	

20	27	30	12	17	10	21	13	26	24	28	30	25	25	

23	24	19	24	19	19	28	18	20	24	18	21	21	25	

25	21	16	12	14	30	25	10	21	12	13	15	13	12	

20	21	19	20	18	18	26	16	12	21	12	17	26	18	

21	28	19	10	11	21	28	29	22	16	13	27	30	14	

11	19	26	30	26	23	21	23	12	30	19	25	22	13	

18	28	29	21	19	18	22	21	22	15	15	15	20	21	

11	29	19	27	15	13	22	11	25	15	30	25	30	20	

13	13	12	12	13	22	27	23	16	26	23	13	14	10	

23	19	18	22	26	13	25	12	11	18	18	12	19	21	

26	25	14	24	23	19	27	13	11	29	18	19	18	24	

27	26	19	19	21	16	20	21	16	29	25	15	30	21	

15	20	21	20	16	30	25	25	27	13	16	21	12	23	

25	16	18	23	30	20	22	19	18	27	11	26	19	10	

11	29	20	10	30	16	19	24	10	22	16	25	20	20	

27	20	11	19	21	25	21	19	13	26	17	23	21	28	

16	12	26	25	11	27	26	14	14	10	25	27	13	16	

29	20	25	25	21	18	30	25	15	14	11	26	21	10	

30	23	21	27	25	26	11	30	26	30	17	16	10	21	

25	29	19	30	16	18	17	10	20	26	16	12	15	24	

24	25	23	20	15	27	23	29	18	15	27	15	23	27	

22	12	20	15	13	13	14	22	15	25	24	13	26	19	

21	29	26	22	12	22	27	17	10	14	18	12	30	17	

21	18	30	16	25	18	13	13	25	11	21	20	13	10	

19	15	22	30	27	22	18	21	27	20	27	11	21	27	

10	21	17	27	24	17	24	15	17	30	22	27	20	16	

29	21	29	10	13	10	13	26	19	20	17	12	28	11	

13	24	28	26	13	20	16	14	24	21	28	26	28	13	

30	21	30	10	19	18	17	13	23	10	23	25	10	17	

19	13	15	28	19	22	15	17	12	27	27	11	12	30	

19	26	25	10	19	10	12	28	25	29	16	25	28	18	

12	21	21	18	10	19	21	16	10	13	28	28	28	20	

21	21	12	18	26	20	10	17	17	23	15	21	17	20	

26	28	18	10	21	30	23	26	10	25	27	23	26	14	

27	21	18	23	23	14	14	25	27	15	12	17	11	11	

12	15	17	26	17	18	14	15	30	10	16	29	22	25	

28	29	21	11	18	22	25	12	24	21	12	10	28	10	

15	30	14	19	18	15	22	26	30	19	15	28	26	10	

14	18	27	11	15	14	13	19	25	14	29	19	15	30	

29	15	30	14	25	11	13	15	28	25	12	25	13	12	

14	16	25	21	27	13	25	25	22	27	11	11	15	17	

27	16	18	30	20	21	25	13	18	25	24	10	26	30	

13	28	17	12	24	26	29	19	28	25	25	26	14	15	

11	22	18	14	30	21	24	17	24	10	13	20	21	22	

15	13	29	10	28	25	17	30	15	16	10	26	27	21	

11	30	14	11	28	18	29	26	28	17	22	24	12	16	

23	30	21	18	30	12	11	23	18	28	29	22	25	10	

