248	2


2434
2436


95
85
55
50
85
55
90
99
95
84
95
93
63
72
79
54
60
98
76
63
93
96
88
96
74
57
57
85
54
70
86
93
79
88
95
90
72
93
84
95
60
64
86
95
71
57
61
77
58
100
80
76
99
63
79
67
79
85
97
95
99
76
81
94
89
57
50
54
53
93
73
77
60
51
77
88
81
82
72
86
96
66
64
56
59
88
91
84
71
73
61
76
81
77
91
68
56
99
80
93
82
85
98
86
74
70
51
58
88
84
62
53
97
59
66
53
73
61
100
95
66
90
95
64
61
95
60
83
98
67
60
100
81
59
76
69
63
58
58
61
78
66
67
75
52
73
58
85
66
60
57
62
52
66
82
67
90
98
60
94
69
93
67
75
89
99
89
65
76
93
62
50
88
64
72
97
88
84
53
90
52
72
85
62
93
50
95
50
78
97
83
87
94
72
88
60
84
94
55
80
85
87
86
80
60
75
78
77
51
53
82
50
85
80
81
56
82
52
71
58
72
69
54
90
91
73
98
91
60
63
74
92
100
87
56
95
51
55
59
66
59
70
81
93
99
50
54
66


14	18	

14	15	

30	21	

13	26	

22	16	

12	19	

22	12	

20	29	

18	20	

17	22	

10	26	

25	19	

29	16	

23	29	

17	26	

22	30	

12	18	

21	19	

28	11	

25	23	

25	28	

28	27	

14	16	

14	14	

23	14	

16	24	

15	22	

13	17	

23	14	

18	14	

19	11	

25	27	

14	23	

22	25	

11	27	

12	13	

28	20	

14	26	

24	29	

12	21	

11	28	

12	23	

25	11	

29	11	

20	26	

27	10	

20	21	

15	25	

22	26	

26	26	

15	12	

14	10	

21	19	

29	10	

29	19	

29	23	

17	12	

21	24	

15	24	

23	24	

24	19	

16	29	

28	13	

11	12	

14	21	

12	25	

22	23	

21	10	

18	16	

14	22	

14	13	

30	20	

10	21	

22	29	

18	29	

12	19	

28	29	

21	12	

24	24	

16	22	

28	21	

27	20	

28	10	

18	23	

13	25	

19	25	

17	29	

11	10	

26	16	

28	26	

12	16	

22	26	

23	20	

10	27	

22	18	

12	17	

18	24	

16	23	

12	21	

11	26	

28	21	

25	19	

19	13	

13	12	

24	10	

19	20	

30	10	

11	10	

30	29	

13	20	

25	14	

11	26	

21	18	

26	27	

30	10	

20	16	

11	12	

14	24	

18	26	

27	22	

17	22	

30	26	

11	21	

15	15	

30	12	

26	30	

20	14	

23	18	

29	16	

16	18	

20	24	

23	30	

23	29	

19	14	

13	28	

29	17	

15	26	

20	15	

19	16	

29	14	

16	23	

19	21	

24	18	

20	12	

16	30	

12	17	

27	25	

16	10	

26	17	

15	16	

29	13	

30	14	

22	18	

20	14	

25	13	

29	27	

10	30	

18	21	

15	29	

22	16	

10	14	

12	15	

28	10	

11	14	

20	20	

12	11	

25	12	

21	14	

17	14	

10	16	

26	28	

28	12	

13	28	

13	28	

17	25	

12	12	

26	20	

19	15	

25	16	

26	21	

21	21	

29	11	

24	19	

28	30	

14	10	

21	24	

17	19	

30	11	

10	21	

16	23	

11	13	

13	25	

18	20	

13	25	

11	17	

10	29	

14	27	

16	14	

15	27	

12	15	

15	29	

26	14	

21	29	

10	25	

14	22	

27	16	

27	20	

12	22	

30	17	

21	15	

19	14	

12	27	

27	11	

27	10	

28	25	

21	15	

30	16	

11	13	

10	11	

15	24	

13	21	

18	13	

26	30	

24	15	

21	12	

18	29	

29	29	

22	10	

26	26	

28	30	

15	12	

11	21	

30	15	

29	20	

15	11	

19	26	

11	29	

29	28	

13	22	

24	26	

11	19	

27	23	

10	13	

27	17	

18	13	

14	13	

13	27	

26	12	

