1091	14


10875
10836
10914
10931
10974
10772
11002
10958
10881
11078
11019
10728
11049
11081


74
58
75
100
80
72
64
97
50
53
80
83
71
93
77
62
74
94
64
86
94
94
72
62
51
85
99
57
59
65
71
96
57
66
56
88
68
51
80
65
86
60
65
58
92
100
78
62
96
60
62
81
99
52
73
91
80
81
91
92
53
70
62
66
58
70
96
83
80
76
86
66
68
71
88
78
84
66
100
88
56
97
54
65
57
54
87
68
59
63
79
90
67
81
81
98
69
53
60
88
97
93
68
56
82
84
80
72
89
76
86
85
85
87
83
66
81
99
56
64
93
59
61
62
76
60
78
64
83
60
95
79
66
70
69
96
70
61
64
79
96
96
70
90
71
69
75
92
66
75
60
65
58
100
80
77
78
90
85
68
52
59
58
69
79
99
58
53
85
95
71
54
61
71
95
54
82
88
94
59
95
53
92
80
50
95
60
94
59
56
65
69
83
99
59
65
75
50
73
51
74
59
99
90
88
99
73
89
60
60
68
78
63
93
95
92
59
75
86
63
53
78
67
78
61
95
84
52
87
66
72
96
75
91
59
78
91
93
92
58
70
90
57
74
55
86
87
99
99
55
66
60
82
63
80
86
82
51
53
58
60
76
80
78
92
55
78
78
90
92
81
63
95
73
79
98
97
81
51
61
86
60
71
88
76
65
95
98
81
79
91
96
66
95
71
90
96
58
59
92
50
80
97
52
53
57
93
93
53
62
82
93
100
56
85
60
70
71
67
56
83
56
95
90
63
65
67
81
96
62
84
60
88
66
96
99
86
65
60
78
68
100
67
78
70
69
83
89
90
58
77
68
80
60
50
92
79
80
91
87
82
75
70
55
56
62
71
95
50
81
64
52
63
76
93
87
83
87
86
53
67
63
98
99
92
71
94
64
59
64
63
88
78
55
54
98
85
51
62
52
70
86
79
85
66
66
85
56
53
89
90
67
81
74
65
53
80
70
58
52
84
85
73
62
86
54
97
68
98
58
78
62
85
80
79
98
72
95
73
95
68
65
69
85
73
97
79
74
73
94
54
89
58
89
77
53
89
83
64
74
77
75
87
68
83
50
59
97
57
54
62
50
74
60
68
84
78
67
59
66
52
79
69
94
63
80
73
90
73
76
61
81
71
53
56
84
77
78
95
76
62
50
89
97
74
67
91
77
50
70
55
92
70
70
92
82
74
82
77
63
90
78
60
84
100
57
83
69
72
75
94
65
58
86
71
51
59
98
86
64
61
76
81
80
73
59
62
73
82
93
76
83
73
87
91
50
61
80
75
75
85
62
53
93
73
74
97
81
66
97
63
59
65
99
96
85
77
62
70
99
99
78
83
87
63
96
88
95
57
94
71
51
83
91
57
61
87
73
55
80
84
96
55
67
84
91
52
99
92
57
59
86
79
89
64
56
65
89
83
61
61
99
64
66
61
67
63
68
98
73
97
56
96
93
82
76
98
95
75
81
86
100
55
62
71
65
98
96
60
62
72
73
74
70
58
87
68
96
74
60
97
80
91
60
84
96
89
75
51
72
86
56
88
84
57
86
93
74
68
56
94
60
51
85
100
80
94
58
71
96
63
54
70
62
60
75
65
89
78
78
75
51
54
89
84
92
53
58
67
100
100
71
95
56
80
78
94
67
76
86
83
71
91
87
77
98
83
82
90
58
99
66
50
57
81
77
75
63
95
77
91
58
50
53
67
100
74
89
56
93
76
78
72
79
59
72
99
73
73
52
63
74
98
75
73
98
87
91
74
79
66
95
90
92
69
54
58
52
53
77
87
51
79
98
90
73
93
87
91
73
63
66
99
64
53
75
92
85
96
83
57
74
61
78
73
64
97
52
64
59
68
71
99
70
96
96
82
96
75
80
85
56
91
92
83
90
84
98
61
84
97
75
94
67
81
67
87
92
57
62
97
62
57
84
96
87
81
83
97
77
52
62
62
89
64
68
64
65
86
68
84
97
71
82
81
71
92
68
77
59
64
100
63
65
97
64
72
73
72
100
69
83
79
99
90
84
76
63
73
51
58
83
62
86
87
92
80
56
62
73
78
73
83
87
75
82
98
94
66
92
97
92
91
88
80
94
93
91
65
90
77
83
89
95
68
81
70
78
67
93
53
78
68
62
59
94
96
59
63
53
90
69
54
69
70
93
98
59
81
62
72
50
51
72
98
70
72
67
66
64
55
65
63
83
65
59
92
85
75
87
59
76
86
85
75
98
67
82
80
60
80
66
64
73
54
89
81
97
56
99
65
87
51
65
79
93
71
98
100
70
92
94
90
100
86
96
92
76
56
75
66
98
69
100
52
67
68
74
60
58
88
97
61
89
84
71
90
80
65
57
64
79
55
77
94
96
82
89
75
77
56
68
66
91
72
53
76
66
97
72
85
76
65
57
83
80
52
51
97
78
58
75
61
51
64
66
64
60
60
61
58
97
90
66
78
91
91
98
69
60
83
55
82
81
72
69
65
94
82
85
56


19	11	21	13	23	30	30	20	24	22	21	22	14	10	

26	19	12	14	26	14	28	14	18	20	26	14	19	29	

21	16	25	20	14	27	19	24	13	29	28	13	24	30	

15	12	29	10	27	19	17	25	19	15	17	30	11	14	

30	10	15	21	19	10	28	22	25	16	29	22	25	26	

19	13	25	11	19	11	15	13	20	30	12	24	16	23	

13	29	30	26	10	15	16	17	11	19	20	29	19	26	

22	15	29	16	30	28	23	19	24	27	13	11	24	28	

10	28	19	17	16	16	19	29	20	15	29	24	12	24	

27	13	17	13	22	15	26	24	25	18	23	28	29	20	

17	27	11	20	25	22	20	14	13	24	20	17	20	30	

20	29	10	17	13	12	14	21	16	25	24	28	18	23	

26	21	30	18	25	29	30	22	10	13	22	17	23	12	

30	29	29	28	25	26	23	21	27	24	19	24	14	13	

26	11	26	22	30	13	24	16	13	23	17	29	30	28	

11	22	14	22	11	10	27	19	26	11	13	29	30	13	

12	27	24	26	17	15	13	22	14	16	12	21	24	21	

30	13	22	18	21	25	24	18	20	23	22	24	28	25	

27	12	17	11	21	30	22	25	21	10	16	18	27	24	

10	10	19	17	27	17	14	20	16	24	29	23	12	26	

26	28	12	24	12	18	12	16	29	18	20	14	18	22	

13	27	22	21	22	26	29	10	30	27	21	18	26	30	

10	30	11	12	15	10	17	28	15	19	18	27	11	13	

10	21	12	16	20	17	16	25	12	15	18	27	10	14	

24	18	11	24	28	23	12	10	12	23	30	28	26	30	

10	25	26	20	10	15	11	30	22	15	23	30	23	19	

13	27	27	29	19	10	13	30	30	12	22	30	11	17	

29	23	14	21	21	16	25	11	11	29	18	26	15	27	

12	12	18	20	27	21	30	24	14	16	23	16	13	20	

14	16	28	28	28	23	21	14	27	10	25	27	18	18	

29	15	30	30	26	19	23	11	25	16	11	28	14	28	

13	18	22	11	24	19	18	13	21	21	14	27	26	24	

21	30	21	28	14	25	28	10	15	17	18	16	28	12	

24	20	18	26	12	23	25	13	21	23	24	18	27	23	

13	25	28	12	23	10	12	29	19	13	16	12	10	30	

14	26	24	17	21	22	17	20	21	26	25	16	15	27	

14	18	21	16	19	30	29	19	30	24	26	19	19	24	

13	28	13	25	23	29	20	15	11	21	13	21	21	20	

28	10	27	18	10	11	19	21	28	10	29	14	30	14	

21	10	20	30	26	19	27	19	29	12	20	11	10	15	

16	21	16	22	13	20	30	20	22	28	16	29	22	25	

22	30	10	15	25	12	11	11	24	29	29	23	24	27	

24	28	26	22	29	27	26	22	21	17	26	10	21	19	

25	23	29	19	18	20	13	15	13	18	21	13	10	28	

26	16	11	26	29	17	22	25	22	29	10	28	12	27	

13	14	14	10	12	23	15	15	24	13	15	13	18	26	

28	29	24	22	11	30	19	15	25	11	14	13	23	26	

17	14	14	17	14	14	19	16	19	29	30	22	26	19	

14	19	14	27	11	23	25	16	13	27	24	13	26	15	

12	22	11	20	26	25	12	17	20	10	14	19	11	13	

12	10	24	21	18	13	18	10	13	14	17	15	21	19	

18	23	27	26	20	30	26	28	25	10	30	15	29	18	

26	17	21	25	22	12	11	28	12	27	12	12	18	12	

26	16	18	14	10	15	11	28	23	28	10	20	28	26	

25	26	25	24	19	12	14	29	28	25	12	16	18	15	

11	11	10	12	13	20	25	10	23	18	12	21	30	15	

22	19	16	25	26	17	24	22	28	23	17	29	30	27	

29	15	19	18	13	24	27	20	18	17	19	13	15	16	

20	11	25	17	28	17	18	20	13	25	18	10	20	19	

20	30	19	13	29	26	30	13	30	23	12	27	24	12	

20	13	20	12	28	19	16	16	28	12	24	18	29	13	

30	26	19	17	29	10	12	22	22	11	13	25	13	24	

30	24	28	21	11	13	25	10	28	25	19	18	14	13	

21	22	13	22	12	13	12	17	20	22	20	16	15	24	

23	17	11	23	27	11	24	19	27	19	26	25	26	26	

18	14	20	14	10	10	10	30	16	23	20	10	16	27	

25	17	12	19	22	29	16	14	17	13	28	21	10	26	

25	11	10	10	20	29	17	16	11	13	15	20	27	23	

11	13	21	30	12	14	22	15	11	25	29	21	11	13	

23	29	14	21	30	24	12	20	10	20	21	29	27	29	

29	22	11	18	28	25	28	23	14	20	19	14	20	29	

21	24	27	20	15	25	26	15	21	30	15	14	21	11	

18	27	13	29	24	21	19	23	13	22	20	16	29	24	

25	17	22	29	24	29	27	17	13	30	22	27	26	27	

15	19	20	11	13	25	18	11	24	22	25	20	28	22	

22	20	18	15	25	21	15	23	10	11	25	20	30	26	

29	10	13	26	21	17	22	14	10	23	11	12	26	18	

12	27	13	16	24	28	18	20	20	23	19	12	24	21	

25	30	30	11	17	22	27	11	27	21	27	11	13	21	

11	15	15	25	30	16	16	21	13	21	15	11	21	30	

13	22	20	20	25	25	23	27	30	13	22	30	17	20	

17	14	30	23	29	11	25	21	15	30	24	24	22	18	

26	27	18	14	15	15	26	27	10	30	16	25	26	14	

27	17	25	24	24	25	17	21	24	14	16	10	11	11	

25	29	23	17	21	17	17	19	25	16	11	13	17	17	

25	24	27	16	24	19	10	27	11	20	21	23	25	15	

16	16	11	12	15	27	25	18	25	29	24	29	25	13	

17	28	19	18	30	27	24	26	15	21	30	25	26	14	

26	21	11	30	22	12	18	22	28	13	14	24	21	16	

15	23	17	16	17	15	14	14	15	28	24	30	12	17	

29	24	25	19	23	30	19	22	18	13	18	13	25	21	

30	14	17	16	26	25	24	17	23	13	25	15	20	15	

10	13	20	11	27	14	25	25	22	27	29	13	27	14	

12	18	22	22	15	10	19	24	19	22	15	13	18	16	

28	14	27	14	17	11	30	24	12	22	21	26	13	26	

20	15	29	16	25	10	21	26	21	30	13	17	17	21	

20	30	26	29	26	30	20	14	29	11	16	27	24	27	

26	12	12	12	16	28	14	22	11	21	10	14	15	23	

25	28	20	30	19	20	14	24	15	15	28	14	27	18	

23	25	20	23	11	25	24	19	22	30	12	26	24	26	

16	10	13	30	15	17	27	29	23	29	23	10	28	19	

22	18	16	18	22	30	28	18	28	26	27	29	21	15	

27	25	18	30	16	14	10	12	18	25	18	13	17	16	

10	11	14	17	30	20	25	30	10	15	30	28	10	15	

25	20	11	21	28	18	17	26	25	16	12	29	23	30	

25	18	26	21	13	26	19	19	11	27	17	16	30	27	

11	21	19	11	18	21	25	30	14	18	21	13	25	26	

19	29	21	21	25	10	10	30	30	27	14	12	26	16	

30	24	23	10	30	20	17	20	30	30	12	11	28	10	

11	10	16	21	14	17	30	29	24	20	26	15	24	21	

21	18	16	30	30	19	30	19	10	18	18	24	12	17	

20	10	11	20	20	15	24	22	11	28	11	27	18	10	

24	19	22	20	30	12	13	30	12	12	16	12	26	23	

18	10	18	17	16	16	29	16	13	14	11	27	26	27	

11	27	14	23	18	18	17	26	14	27	22	14	23	11	

25	22	16	14	27	10	19	24	27	12	26	25	17	10	

28	10	24	25	29	20	10	29	29	18	28	20	10	16	

11	13	10	28	11	29	18	27	20	12	30	11	30	30	

13	13	18	29	20	30	30	25	23	30	24	21	15	18	

25	24	20	20	10	11	22	16	19	28	14	19	10	11	

14	16	10	29	19	12	12	10	14	12	28	19	24	19	

12	24	29	20	11	19	30	12	27	26	27	24	16	29	

10	28	11	10	22	25	26	21	16	30	28	17	24	16	

13	22	23	29	22	29	25	25	23	29	16	15	17	30	

19	30	15	12	23	24	24	27	29	13	24	17	19	23	

11	26	26	12	19	16	16	21	10	27	16	12	11	16	

12	10	10	10	11	14	16	12	23	13	12	15	19	19	

26	24	11	16	30	25	17	18	10	19	25	26	11	21	

16	19	18	11	17	23	22	21	12	17	10	18	19	20	

24	24	13	26	11	27	20	24	23	16	30	26	21	12	

20	23	19	22	21	24	30	21	10	22	25	17	27	27	

11	21	25	23	30	20	14	11	14	11	23	28	23	12	

27	17	25	19	24	16	25	30	16	20	20	21	12	13	

20	29	16	11	21	17	10	16	25	13	14	22	19	14	

22	22	14	23	13	25	29	27	26	24	14	14	29	10	

11	13	17	24	26	30	15	10	13	26	26	26	11	10	

10	29	30	20	20	28	24	17	15	13	10	29	25	27	

21	16	13	28	10	12	14	30	18	10	21	17	20	27	

15	22	27	17	13	12	25	25	19	23	27	17	25	15	

24	25	28	30	19	28	21	13	24	27	15	24	17	12	

15	12	28	14	17	22	24	23	23	28	22	11	21	29	

16	18	20	16	22	13	21	25	13	13	23	21	13	16	

13	19	19	23	17	29	15	26	25	19	25	20	21	13	

28	28	16	12	22	26	25	29	22	12	23	12	24	21	

20	15	13	13	15	16	16	30	12	14	27	28	22	24	

25	12	12	24	10	28	18	11	14	28	13	11	20	12	

10	13	25	27	30	19	29	23	24	21	19	21	13	28	

29	10	13	25	16	21	23	19	19	25	23	30	25	13	

24	27	19	25	21	23	19	18	13	14	14	30	23	14	

21	20	10	14	23	15	28	28	13	30	22	22	15	28	

29	17	17	14	14	11	22	18	28	14	29	25	25	13	

25	11	19	21	30	25	25	21	13	29	23	23	27	26	

22	21	22	20	13	15	28	15	29	28	13	17	25	12	

21	11	15	25	19	12	11	16	23	17	24	29	10	10	

29	18	20	16	29	22	23	18	25	27	10	11	12	21	

12	20	20	10	20	30	10	13	15	25	21	30	17	24	

17	29	13	28	10	16	19	21	20	10	26	12	12	13	

17	16	19	14	13	13	14	19	14	12	18	17	29	19	

18	14	24	17	13	27	16	29	13	30	21	19	14	23	

19	12	10	16	18	12	12	17	17	20	20	10	23	22	

13	18	13	19	11	11	30	26	19	23	24	14	17	28	

11	12	30	14	22	22	24	18	25	26	27	30	23	19	

12	13	27	29	28	16	24	25	29	19	16	23	11	28	

24	26	11	23	10	21	21	18	28	24	28	23	11	13	

28	22	17	25	16	19	26	23	30	15	11	23	24	16	

27	12	23	17	26	11	19	26	23	19	28	28	28	28	

26	10	27	21	10	24	16	10	30	23	10	12	26	14	

18	23	20	18	15	13	12	24	18	10	15	22	29	29	

23	23	18	21	16	23	14	10	21	24	26	25	11	27	

24	12	29	12	29	24	21	22	11	14	18	22	27	25	

25	19	19	19	19	28	22	16	18	11	16	18	24	13	

16	23	17	15	23	20	21	17	14	21	18	24	13	18	

28	28	24	14	30	29	10	21	22	30	28	21	21	11	

11	13	10	24	29	22	13	30	27	12	26	16	19	26	

17	16	10	27	13	19	24	27	26	19	25	13	11	23	

13	13	20	24	28	18	27	18	23	17	21	19	26	30	

14	22	11	10	26	21	19	21	11	19	17	13	21	21	

12	18	12	16	16	20	22	15	27	26	26	19	21	14	

23	13	30	15	13	27	21	22	16	14	14	11	17	29	

21	10	12	15	12	27	13	10	30	24	17	16	11	30	

26	16	28	15	17	16	22	25	19	25	30	11	22	15	

18	19	22	30	13	16	24	18	28	23	13	15	20	23	

20	19	19	21	20	29	18	11	21	14	10	16	12	29	

12	17	12	10	29	23	11	29	23	22	11	11	25	13	

12	10	21	18	12	16	29	20	17	10	23	28	27	26	

24	24	29	19	13	24	26	11	11	17	25	19	14	23	

26	11	16	19	29	30	11	20	13	25	11	22	26	19	

26	25	21	26	12	17	18	11	12	18	16	28	29	13	

15	25	23	11	29	21	25	18	13	17	17	14	10	26	

16	27	12	22	11	26	30	27	14	21	13	21	13	22	

14	28	24	26	18	17	23	26	10	28	22	17	18	17	

16	10	16	14	27	21	14	30	25	25	28	20	24	24	

24	16	27	27	18	11	12	19	14	21	16	16	20	14	

13	21	29	23	23	21	10	20	12	27	28	25	17	20	

28	13	29	27	14	19	29	17	15	16	18	16	17	20	

25	19	27	12	28	30	15	18	20	11	15	29	24	16	

12	23	28	19	18	11	22	27	28	28	25	22	29	28	

11	16	28	30	29	14	29	19	26	29	22	22	26	26	

15	28	16	26	18	25	29	17	17	18	10	25	10	12	

27	24	29	23	20	22	23	23	22	15	14	11	21	10	

23	12	22	18	10	16	19	26	28	26	27	11	11	16	

10	14	26	11	18	30	14	25	25	26	24	17	27	22	

11	24	27	18	18	17	19	26	10	26	22	20	26	24	

22	16	27	26	12	12	19	23	24	22	12	11	30	22	

22	14	18	25	27	14	14	25	18	12	25	11	24	26	

18	19	13	21	16	20	10	17	29	27	18	12	22	20	

21	11	23	23	28	26	26	10	14	14	20	20	14	30	

15	21	13	11	29	29	17	22	22	22	20	19	23	30	

22	18	19	24	23	30	24	20	26	29	26	10	30	24	

19	27	26	29	27	26	28	29	26	20	12	16	17	30	

17	21	10	27	14	13	28	14	12	11	22	15	24	11	

20	16	10	21	20	17	24	29	25	18	29	18	24	30	

15	28	20	17	23	11	24	19	11	30	15	13	25	30	

21	24	27	23	26	13	17	13	29	26	11	25	20	16	

27	23	28	18	25	19	29	26	28	10	25	19	13	11	

17	25	27	10	22	11	16	25	24	19	12	28	15	25	

22	24	29	16	20	13	26	19	13	23	19	20	25	19	

23	25	20	19	24	21	29	24	12	21	16	23	10	20	

18	24	16	16	30	25	17	17	21	13	27	25	28	29	

30	24	25	21	28	11	20	13	29	28	13	13	19	19	

11	18	22	28	13	24	19	22	22	23	12	25	19	26	

17	19	20	20	19	30	13	30	13	28	22	12	25	16	

26	30	16	28	26	30	10	18	19	14	28	10	25	24	

15	10	12	25	10	10	19	11	24	20	25	21	10	24	

22	10	29	15	30	21	20	29	21	23	25	23	18	26	

27	22	17	20	29	30	28	25	22	15	18	16	20	26	

25	19	12	10	14	25	20	23	28	29	13	30	15	23	

13	17	14	25	26	26	14	19	30	17	26	28	30	15	

13	21	16	18	30	25	25	26	10	29	13	16	15	24	

16	28	16	19	16	13	27	12	26	10	30	19	26	14	

25	26	12	23	10	25	21	10	25	16	30	28	17	26	

20	15	19	26	29	16	25	19	30	10	12	20	14	14	

22	19	10	12	14	25	14	27	12	10	12	25	28	22	

28	14	29	21	10	15	27	22	29	17	16	29	29	22	

18	23	19	27	17	19	10	25	30	26	27	21	14	27	

11	28	30	30	24	29	12	21	29	13	28	20	13	24	

19	21	23	16	22	25	16	20	12	10	21	21	13	15	

13	19	19	11	26	20	18	14	26	19	20	16	22	28	

25	15	13	23	14	14	30	18	10	24	19	29	28	11	

19	24	30	14	10	10	11	11	29	29	26	20	11	18	

30	30	18	13	20	12	25	25	21	18	25	17	11	12	

12	15	30	23	23	25	12	10	12	13	19	28	22	17	

15	23	18	26	16	30	19	27	30	28	27	15	12	23	

19	21	10	23	10	10	19	26	13	19	29	11	20	18	

16	29	21	27	26	24	13	23	18	18	24	23	14	23	

11	26	21	18	10	13	30	12	14	26	15	18	19	12	

21	18	12	28	17	14	18	30	25	15	26	26	23	10	

30	23	15	26	15	28	21	30	14	13	12	28	17	19	

29	10	14	29	12	14	11	18	16	22	29	24	25	26	

17	17	28	26	18	30	29	29	14	26	26	30	30	26	

21	22	11	25	18	18	15	26	17	23	19	13	22	11	

25	23	17	30	27	14	12	21	25	23	25	26	15	14	

29	12	13	10	20	21	28	14	12	10	24	21	17	12	

26	16	19	10	11	26	16	23	24	22	13	24	18	11	

24	21	25	25	27	21	30	13	25	26	13	13	21	12	

16	12	24	19	11	16	13	20	15	28	27	25	13	16	

24	25	29	29	19	15	11	28	18	14	15	28	29	25	

16	12	16	23	30	17	13	23	14	28	11	10	20	20	

18	12	27	25	11	23	19	16	26	22	10	16	20	17	

24	22	19	26	17	12	17	23	21	22	28	21	29	17	

21	14	17	22	14	10	26	18	14	19	10	27	18	29	

14	29	13	19	16	17	29	17	17	12	29	13	15	27	

30	24	19	19	26	29	28	26	28	14	29	30	18	25	

13	17	25	13	16	13	14	12	13	12	12	17	23	29	

30	14	30	21	11	16	11	12	25	10	17	27	17	22	

17	13	17	17	27	16	29	18	13	19	19	22	12	29	

12	18	16	10	30	25	24	10	12	11	30	10	13	23	

22	27	12	22	11	16	21	20	24	20	27	12	30	28	

27	28	26	14	15	22	17	17	19	10	24	19	12	23	

15	12	19	21	22	25	29	27	18	15	11	22	29	22	

25	29	19	16	13	25	10	18	26	18	20	29	19	26	

28	23	24	27	17	14	21	27	24	19	29	21	13	26	

17	30	26	10	21	16	26	29	10	30	13	26	22	25	

14	12	16	19	22	19	25	18	19	15	17	16	15	30	

25	28	30	10	11	30	30	20	19	24	17	30	26	23	

16	22	13	18	24	26	10	18	17	30	29	11	16	30	

25	29	17	21	25	10	25	17	17	28	25	16	30	25	

16	25	30	21	28	21	15	11	13	22	14	18	27	11	

17	11	28	29	16	18	20	26	25	16	18	30	22	23	

17	26	26	16	27	24	21	12	30	30	15	26	14	21	

29	25	15	21	24	24	21	17	21	12	14	18	25	24	

10	20	21	25	16	19	21	20	14	23	27	23	20	17	

20	10	27	20	20	16	11	19	13	29	17	26	24	25	

16	11	25	17	23	14	26	10	13	30	14	17	10	29	

30	12	30	19	25	29	24	13	16	12	18	29	29	16	

30	24	23	28	23	11	30	30	26	13	18	22	12	14	

17	30	15	29	18	21	22	26	12	24	27	11	23	25	

10	13	21	18	18	13	13	29	21	29	25	29	26	24	

23	18	18	11	16	12	25	29	12	22	16	19	19	25	

21	16	19	12	12	21	14	26	21	27	17	24	23	22	

30	27	27	24	13	16	13	28	12	11	21	15	16	18	

11	23	28	15	29	11	27	20	17	14	25	12	28	14	

29	30	30	30	27	15	13	24	13	27	15	23	18	11	

30	20	11	17	23	30	18	28	27	15	30	22	23	25	

13	29	12	14	13	23	21	23	29	11	16	11	29	11	

11	24	17	29	11	18	24	18	21	20	21	19	29	16	

28	29	14	22	13	13	16	30	12	10	16	20	23	20	

25	14	18	10	15	24	28	25	27	24	30	11	24	25	

10	11	23	20	26	27	21	16	29	18	12	14	28	24	

28	13	19	20	29	28	11	11	21	10	17	21	13	27	

24	19	16	22	26	18	18	14	14	15	20	19	24	23	

26	23	30	29	22	17	10	13	17	19	28	30	17	29	

24	26	19	21	25	25	18	17	24	25	27	18	27	20	

27	26	30	23	29	28	11	25	12	14	11	15	27	27	

25	24	25	14	22	18	12	16	24	13	16	21	24	14	

21	19	17	24	30	14	23	19	25	28	24	22	18	28	

28	26	18	16	19	14	11	19	23	20	16	16	27	19	

13	19	11	27	26	22	11	25	11	19	27	10	13	29	

25	16	26	15	12	19	10	21	15	21	22	10	23	25	

27	14	25	23	17	16	19	28	12	16	24	16	10	29	

13	15	26	20	10	13	21	28	17	29	10	21	11	11	

20	18	25	12	16	29	16	30	30	22	21	29	14	14	

17	19	23	21	15	10	26	14	27	22	18	19	29	15	

10	16	26	12	14	19	27	27	25	24	11	19	24	24	

14	18	15	12	28	15	17	26	14	15	19	13	11	19	

27	25	15	30	11	13	24	21	18	14	29	19	17	16	

22	19	30	26	17	28	15	27	23	13	11	28	19	21	

28	20	25	20	24	13	14	10	13	16	19	20	25	30	

27	12	28	24	17	24	26	17	25	16	20	12	22	14	

16	26	19	30	21	21	27	29	22	10	16	23	17	25	

25	12	22	27	25	15	25	25	19	10	28	20	26	24	

13	26	28	11	26	23	30	25	24	30	26	10	11	18	

25	30	21	11	27	20	14	20	28	28	26	24	16	15	

26	24	27	12	28	13	25	25	27	29	20	23	10	28	

19	14	25	26	14	21	17	30	20	25	27	11	11	26	

22	30	11	14	15	24	16	10	29	27	12	19	26	15	

21	29	14	10	25	29	22	21	24	28	28	16	28	28	

16	24	21	28	13	25	21	11	12	30	13	11	14	14	

16	17	19	21	20	15	18	14	22	16	20	23	23	28	

21	16	10	24	17	20	18	26	27	22	25	21	30	18	

28	11	13	30	22	27	30	17	30	23	27	15	21	18	

12	17	30	25	30	29	19	27	30	18	30	17	22	18	

16	19	21	19	23	25	24	22	20	30	21	16	25	15	

18	27	16	18	21	12	17	21	28	10	19	16	19	15	

27	18	11	29	12	25	26	21	23	28	24	30	21	12	

13	12	26	28	23	16	25	23	30	10	15	13	21	21	

15	10	23	15	16	17	28	26	21	22	23	25	17	19	

16	14	27	16	12	16	22	21	11	14	17	27	10	16	

25	21	16	11	24	26	15	18	23	29	24	17	13	10	

17	22	11	12	29	29	10	21	21	30	23	15	26	14	

26	29	26	14	17	27	26	20	15	16	19	11	18	23	

11	22	27	20	28	18	13	30	26	18	19	30	29	13	

27	21	17	12	19	25	18	17	14	23	23	14	23	19	

26	11	24	16	15	21	20	21	19	16	22	17	16	24	

19	11	17	18	19	26	22	28	14	30	25	23	17	10	

14	16	12	21	11	10	14	25	30	24	19	29	21	19	

29	29	26	27	29	14	30	24	12	25	23	23	24	20	

27	25	26	16	21	10	13	18	21	10	15	25	27	11	

25	19	26	14	23	22	25	24	21	24	17	17	12	27	

16	11	13	13	11	27	15	17	26	21	19	12	18	30	

18	16	26	17	18	13	13	24	15	18	23	10	10	12	

30	23	19	28	16	16	16	27	15	19	18	19	29	24	

13	27	17	25	25	17	14	22	21	19	13	21	19	28	

21	13	13	19	26	30	13	17	21	26	16	24	17	15	

15	13	16	16	30	18	11	19	12	26	25	17	14	24	

30	24	19	21	11	22	21	11	14	25	24	30	16	28	

14	22	10	19	28	25	27	19	16	19	12	15	16	29	

10	10	28	17	25	12	16	20	25	27	29	16	20	25	

13	26	26	15	24	30	23	22	20	16	15	30	24	15	

25	19	29	10	11	28	23	16	12	30	13	11	15	27	

30	28	12	25	16	20	19	14	18	13	10	22	21	24	

13	24	20	27	17	14	21	24	14	26	30	25	20	30	

29	28	15	19	25	17	12	30	25	29	22	27	15	19	

13	18	24	30	20	28	13	16	16	16	24	29	20	17	

13	15	28	21	22	13	25	16	25	12	16	13	24	17	

14	22	18	30	10	15	10	23	26	26	30	12	13	29	

14	21	12	26	15	27	29	11	14	15	21	10	25	19	

20	10	10	11	13	27	15	28	11	24	17	28	26	16	

20	16	16	12	10	14	20	10	23	15	12	10	23	12	

26	28	16	18	26	11	23	21	10	14	27	19	30	21	

21	27	13	21	16	12	13	13	28	20	13	18	12	28	

12	24	19	18	17	29	28	30	20	12	21	14	28	15	

10	12	13	21	29	14	27	24	28	13	17	22	11	23	

14	20	16	18	22	11	20	12	26	25	10	24	28	19	

11	14	13	28	24	13	14	17	27	14	26	18	28	26	

25	18	24	24	13	21	14	20	17	17	26	26	17	26	

30	25	19	22	18	29	12	19	21	21	12	18	16	29	

19	19	23	11	12	19	20	17	25	29	14	14	15	13	

14	15	30	24	27	19	23	27	27	24	11	11	13	15	

10	13	24	14	20	14	27	27	23	21	10	27	20	13	

13	16	27	13	15	29	29	16	26	18	11	24	24	16	

25	26	26	13	27	16	26	24	18	18	26	23	19	21	

23	21	25	29	12	24	27	15	26	20	17	16	25	15	

23	18	27	16	24	21	23	25	29	21	18	17	28	30	

19	19	18	23	25	14	20	20	26	27	19	15	15	26	

21	15	24	11	14	26	24	23	29	12	30	16	13	16	

20	29	26	28	11	23	21	21	26	20	17	22	25	30	

19	29	30	26	23	27	14	19	16	16	13	26	19	24	

22	16	29	10	22	18	16	16	13	27	22	17	26	24	

18	26	23	24	16	16	19	18	26	28	22	25	28	25	

19	27	22	18	15	16	26	30	18	19	27	16	28	16	

17	14	10	23	11	24	11	19	30	21	24	11	13	23	

21	22	10	20	10	14	23	26	28	26	21	25	12	27	

20	16	28	22	19	24	17	23	19	25	26	30	12	24	

11	15	15	22	13	15	25	23	19	29	29	16	26	16	

20	17	20	26	22	22	19	17	11	19	10	14	17	26	

22	19	30	19	24	22	22	25	25	27	29	16	11	24	

23	12	30	21	28	18	13	27	25	11	14	26	28	28	

29	29	21	24	10	21	22	20	30	21	11	25	13	26	

11	18	14	20	26	13	23	24	28	19	21	16	11	30	

19	12	21	10	11	22	26	29	21	22	29	20	30	12	

25	20	15	22	27	19	28	25	20	19	14	27	15	22	

18	18	24	10	19	27	28	14	19	10	28	25	28	11	

29	20	27	30	14	15	23	26	25	29	23	23	14	22	

19	20	15	11	20	11	29	16	23	23	15	23	11	16	

27	26	16	21	23	15	16	28	10	18	15	12	14	28	

21	30	12	16	30	20	18	13	24	16	25	26	23	13	

21	25	27	27	22	17	19	24	15	30	26	18	16	12	

12	18	30	15	15	30	21	11	14	21	12	10	23	28	

17	19	16	12	27	20	29	10	27	15	23	10	16	10	

23	29	14	27	14	21	22	21	16	24	30	14	18	25	

24	24	13	18	21	16	21	10	14	13	29	22	18	13	

27	17	22	25	18	28	28	17	12	26	23	14	30	28	

11	29	19	27	20	20	20	17	17	21	29	16	22	11	

19	24	14	17	25	29	17	23	13	18	16	26	20	21	

11	10	25	12	10	23	21	24	20	18	20	19	21	23	

11	26	20	26	17	27	24	16	11	26	17	15	27	30	

25	11	19	20	20	24	21	13	27	28	30	13	11	18	

24	13	28	15	16	15	22	10	20	25	20	24	20	16	

17	18	25	20	28	17	10	24	27	13	12	29	11	18	

26	23	30	20	29	16	22	19	29	12	15	23	30	14	

30	15	16	17	10	14	12	18	21	23	24	19	23	15	

10	12	27	30	23	12	10	21	10	22	12	24	14	17	

11	20	25	25	17	21	18	24	15	24	11	27	21	25	

18	22	13	28	13	29	19	14	24	29	12	12	15	17	

13	14	21	15	24	16	30	20	23	26	17	16	12	24	

13	28	27	10	11	30	18	26	11	27	10	22	16	20	

21	14	28	14	10	20	20	11	10	26	26	17	29	20	

23	30	28	13	29	21	28	20	17	30	21	14	21	20	

30	30	26	17	28	12	10	25	24	14	10	14	19	27	

10	17	16	22	20	12	20	14	25	26	21	19	23	20	

29	11	21	21	30	23	13	22	27	25	25	23	19	29	

14	13	25	24	19	18	13	17	10	12	11	16	26	22	

17	21	11	21	25	16	17	14	21	15	17	11	30	21	

20	28	27	22	15	24	24	11	26	25	30	14	21	11	

21	18	27	19	21	16	13	25	29	26	27	10	13	30	

14	13	15	23	29	25	11	28	15	24	26	29	23	27	

11	10	28	23	13	25	25	15	15	21	30	23	10	14	

13	28	17	24	25	27	10	25	12	13	13	26	11	16	

25	20	20	14	17	19	23	22	28	16	30	22	17	22	

24	20	24	25	23	19	10	24	10	17	14	26	13	10	

15	10	12	18	19	16	21	30	25	13	28	16	14	25	

17	24	15	16	23	11	21	23	16	26	30	12	25	10	

22	29	13	28	16	10	14	12	16	30	19	15	23	19	

12	11	20	21	16	19	11	20	14	26	21	22	12	21	

18	12	30	21	16	17	20	26	30	16	16	12	21	18	

16	18	12	15	22	14	24	28	27	20	23	14	16	29	

10	25	16	28	11	13	27	20	24	15	13	14	24	14	

26	20	26	21	26	25	15	16	26	29	22	20	29	19	

26	18	14	12	10	17	16	17	16	18	14	18	20	26	

13	10	24	29	16	14	16	30	29	10	13	25	16	17	

26	30	25	18	13	20	28	27	11	16	26	20	23	13	

27	18	15	27	17	18	13	29	22	25	24	23	20	23	

25	10	22	27	15	14	30	20	13	24	26	23	19	30	

18	25	26	27	19	24	25	30	23	30	16	22	16	20	

22	29	12	14	13	18	21	29	20	11	16	28	16	16	

23	13	21	29	26	16	24	28	11	23	14	15	26	10	

30	27	27	19	15	10	30	18	27	19	23	22	14	30	

22	15	13	14	22	16	13	27	10	27	22	18	28	24	

18	17	16	17	14	28	29	10	22	12	21	14	19	12	

12	29	10	14	20	12	10	18	16	30	13	21	26	12	

25	28	29	17	26	20	29	20	21	27	13	15	15	24	

28	19	24	20	15	17	24	30	26	19	24	14	12	26	

22	10	15	20	21	16	14	19	28	19	12	22	28	14	

26	27	18	13	24	10	16	27	28	23	30	19	22	20	

22	10	10	10	28	20	24	26	22	29	14	29	23	11	

14	20	17	19	24	17	17	24	30	17	26	18	15	26	

11	26	12	28	21	18	13	25	21	19	27	22	15	28	

21	11	21	21	29	29	11	24	27	25	10	16	27	14	

27	18	28	23	25	19	28	18	17	18	20	24	30	10	

18	27	25	18	30	30	16	25	21	20	29	13	23	19	

16	30	26	22	11	15	17	21	17	18	22	19	16	17	

29	25	14	29	19	14	28	10	30	16	13	21	20	17	

14	15	22	27	25	23	15	20	10	22	12	22	26	23	

30	28	10	21	10	18	18	24	29	23	23	11	24	23	

30	17	10	12	18	14	28	11	14	29	17	18	27	15	

27	28	10	26	24	19	22	18	25	18	11	13	10	10	

10	18	14	22	22	10	27	27	16	22	21	19	25	25	

28	18	27	30	23	23	26	16	18	15	17	15	25	17	

18	18	20	25	11	30	21	15	13	24	29	15	23	21	

25	22	24	24	20	12	22	24	12	10	23	28	25	23	

24	14	18	10	22	11	17	22	27	30	15	20	17	20	

11	12	18	26	28	27	12	25	13	22	30	23	11	12	

12	26	19	29	20	28	19	16	19	30	11	10	18	21	

19	12	18	24	26	25	24	16	22	29	11	28	20	26	

11	26	16	29	27	27	30	18	24	21	13	28	23	14	

14	26	30	26	28	17	30	24	22	10	14	21	19	13	

29	25	27	20	22	12	19	19	21	10	22	10	18	22	

24	20	23	15	23	17	14	16	19	17	13	30	25	20	

26	29	17	25	12	20	27	12	12	20	20	10	28	26	

12	14	19	22	26	19	28	29	19	24	30	25	15	16	

20	24	19	16	17	10	22	21	11	30	28	24	14	10	

27	11	28	24	13	29	30	23	27	12	21	21	22	30	

14	21	25	22	10	15	26	26	15	26	18	24	20	28	

12	22	19	15	29	11	16	10	21	14	15	19	29	29	

17	29	10	21	10	24	10	12	18	15	30	27	26	10	

30	25	20	24	15	23	28	14	27	19	22	29	21	11	

21	21	23	20	30	22	23	14	30	19	22	23	27	12	

28	19	23	13	11	25	22	27	26	27	11	25	30	28	

26	13	14	18	22	12	15	20	13	23	17	13	24	24	

15	18	30	11	29	27	25	14	10	24	28	15	29	28	

29	12	10	16	26	16	14	25	20	18	21	10	23	10	

18	16	29	16	27	20	17	16	24	16	16	26	25	29	

30	30	26	22	16	25	29	22	21	15	10	18	27	16	

28	20	19	21	17	24	24	18	20	29	27	12	17	24	

12	22	21	10	28	27	30	18	15	21	24	17	11	29	

14	14	18	11	21	23	24	16	16	28	18	24	13	18	

25	25	25	29	27	20	23	27	30	25	24	25	26	22	

22	21	25	24	26	20	28	21	15	20	20	23	13	27	

24	12	21	14	24	22	15	25	15	26	25	16	11	21	

30	25	14	17	27	19	16	13	19	22	10	22	29	28	

13	19	24	22	18	12	28	10	23	10	25	12	21	26	

26	28	22	21	27	26	12	16	27	19	14	26	28	15	

10	21	12	22	22	12	25	17	20	30	28	12	18	19	

28	16	23	11	28	29	21	13	12	11	13	24	23	30	

29	23	21	18	13	14	22	17	26	23	10	16	17	22	

10	24	18	16	23	20	17	13	17	26	14	22	17	20	

22	10	30	12	26	21	18	30	13	16	16	17	17	12	

29	19	26	21	12	14	19	23	24	26	23	28	30	12	

21	14	27	24	12	18	26	15	25	29	27	13	18	13	

26	28	28	12	16	29	30	18	18	26	10	16	24	25	

28	17	22	30	17	16	11	24	28	30	10	22	10	30	

14	18	19	16	30	30	18	18	19	23	13	24	21	13	

21	22	23	20	14	13	30	14	14	19	14	25	23	17	

15	20	20	20	17	24	21	14	22	24	23	13	23	30	

20	18	23	18	29	22	11	12	17	28	22	24	25	26	

29	17	23	18	25	17	30	11	16	20	24	10	19	12	

29	28	17	29	10	12	20	13	14	30	12	25	17	29	

24	11	23	26	15	23	10	26	18	18	24	14	27	30	

30	16	23	25	24	30	15	20	11	25	12	10	29	23	

22	11	22	22	17	10	11	14	21	12	13	12	11	20	

13	10	12	17	17	21	16	19	13	19	25	11	29	12	

15	18	15	26	15	18	28	18	18	22	29	28	25	19	

30	20	17	25	16	21	13	16	23	20	26	14	24	15	

11	13	23	14	20	12	15	23	11	22	22	12	16	13	

15	25	30	23	18	24	24	27	20	19	11	12	25	18	

27	26	23	15	11	18	10	11	26	14	18	13	10	26	

10	30	13	13	29	26	14	21	12	24	16	19	20	29	

18	27	26	16	14	15	17	12	30	25	16	24	30	28	

17	27	10	14	10	27	30	19	28	19	30	15	22	28	

21	26	26	26	29	17	23	12	16	25	23	30	23	20	

25	15	23	23	15	11	29	26	28	28	18	25	22	30	

27	18	21	29	29	11	24	28	16	15	30	12	27	28	

16	12	24	28	23	17	25	10	10	25	21	12	16	12	

27	19	17	30	25	25	13	21	15	27	29	21	15	28	

20	17	11	11	12	15	27	12	10	19	20	18	25	15	

10	12	16	26	25	14	12	21	28	20	15	27	16	21	

19	28	17	17	17	12	27	26	27	20	11	18	24	28	

11	22	16	24	17	30	10	10	17	29	12	25	17	28	

13	22	23	14	24	17	27	24	14	22	12	16	13	18	

30	20	24	28	20	17	27	11	22	14	28	12	15	12	

23	29	12	22	27	23	10	13	30	10	14	10	23	28	

21	29	11	18	17	30	30	15	23	24	13	10	11	11	

20	24	17	24	29	22	29	29	17	25	20	21	20	26	

27	30	17	16	25	15	22	16	14	20	18	28	16	22	

27	12	27	14	15	25	26	23	27	16	26	29	26	12	

12	14	21	20	11	30	13	20	19	12	24	16	23	15	

18	20	22	26	24	16	18	24	12	30	28	24	28	26	

18	16	16	12	22	20	18	19	11	15	23	22	27	18	

10	30	30	23	16	19	25	15	15	26	12	15	21	17	

23	14	16	29	28	16	30	10	21	28	22	26	14	15	

18	28	24	30	15	20	30	14	19	27	20	17	25	18	

15	19	21	29	10	10	25	21	20	18	23	25	21	27	

10	25	18	17	29	17	15	21	11	11	29	28	17	10	

22	12	19	12	29	15	13	29	13	18	13	11	28	28	

27	21	21	27	14	17	14	26	16	12	20	17	12	22	

10	12	24	30	21	10	25	15	30	25	20	27	12	15	

18	29	24	15	22	12	20	23	12	23	19	23	21	29	

28	20	10	16	16	22	11	13	22	24	21	11	17	18	

23	23	24	17	25	17	21	30	10	18	17	23	19	10	

29	14	21	27	28	29	25	12	22	15	28	16	12	19	

13	23	23	14	30	12	11	27	12	13	24	27	25	13	

18	15	27	11	27	18	29	19	19	13	16	27	27	15	

18	22	22	24	27	24	18	26	25	24	17	17	24	18	

18	16	13	30	27	18	13	19	22	10	23	20	20	14	

22	16	17	29	23	22	27	22	18	30	20	15	20	19	

20	26	27	16	10	13	29	20	25	25	11	22	11	21	

29	10	10	16	24	19	28	11	21	29	29	30	21	25	

28	18	18	15	16	18	29	12	10	25	20	27	11	14	

11	23	10	22	22	29	20	30	30	12	10	22	27	22	

19	27	26	27	24	15	18	11	22	19	17	13	19	18	

27	23	27	27	17	29	11	16	10	26	22	29	11	15	

15	29	27	12	13	26	18	29	21	23	29	22	12	30	

25	15	27	24	27	11	13	17	27	11	27	23	27	28	

19	16	20	20	23	30	20	26	28	22	29	11	26	18	

13	28	21	25	20	23	20	17	19	28	29	14	14	26	

23	23	17	11	12	26	14	14	10	22	22	21	23	15	

18	20	17	23	20	10	30	13	23	18	15	13	15	25	

28	28	23	11	20	23	28	18	10	18	27	13	11	30	

28	13	21	24	12	19	28	12	27	13	15	24	28	22	

14	27	19	26	16	19	16	11	28	27	15	29	27	24	

28	16	30	27	12	28	25	26	30	20	29	20	22	22	

21	17	20	18	25	26	12	30	13	18	17	12	26	23	

20	23	14	13	16	15	21	18	22	18	20	30	24	23	

26	16	27	15	30	18	13	11	25	23	18	14	20	27	

20	23	22	21	30	17	30	19	20	29	21	28	11	26	

27	29	25	13	16	21	29	29	30	26	15	20	14	16	

23	18	15	27	14	26	19	24	22	15	28	10	15	10	

30	17	22	25	28	29	18	29	16	15	15	14	30	14	

27	23	16	21	11	10	20	30	29	16	21	29	17	30	

19	28	18	12	19	23	24	15	19	14	25	23	20	30	

28	30	14	25	28	29	24	12	16	24	19	24	19	16	

11	13	24	28	26	20	30	13	14	29	29	24	24	30	

15	19	21	17	24	14	24	25	12	20	18	21	27	18	

28	16	15	21	23	14	14	24	18	15	24	17	25	26	

25	27	15	26	24	19	17	15	17	22	18	19	24	26	

24	15	20	15	12	13	30	24	15	28	25	18	30	14	

23	13	28	14	11	19	26	17	16	10	15	29	26	28	

23	18	30	23	11	12	23	23	21	23	23	30	15	29	

30	30	21	15	15	28	13	25	29	29	19	25	28	14	

22	23	18	28	21	17	10	24	12	14	28	17	24	14	

26	17	30	19	28	21	23	20	20	19	27	12	29	21	

21	21	25	23	19	25	29	17	19	25	17	18	23	26	

18	22	18	28	16	25	30	23	12	22	14	19	13	22	

30	29	17	13	10	29	20	19	14	16	18	14	14	16	

18	19	27	26	27	29	25	23	20	12	12	17	14	27	

18	23	20	20	16	23	19	14	12	27	22	29	21	25	

11	14	18	19	25	13	24	11	15	17	30	12	14	15	

13	18	25	10	10	17	12	15	21	16	16	11	25	23	

22	26	29	11	30	11	23	13	29	18	22	30	17	15	

15	10	26	14	23	27	13	17	29	29	14	21	22	15	

24	17	25	14	23	26	11	12	10	15	19	14	27	30	

14	25	12	10	20	29	23	11	30	26	14	12	15	26	

18	22	20	15	20	12	27	20	23	29	11	21	21	21	

14	15	15	23	20	27	27	14	26	29	13	26	11	15	

21	20	23	29	14	17	13	19	11	25	17	29	18	28	

17	18	12	26	21	28	25	11	14	12	15	23	26	27	

27	13	20	21	27	17	26	24	18	20	20	27	30	30	

19	11	13	19	10	28	24	18	25	16	20	30	24	14	

25	12	20	17	29	25	30	27	19	26	24	30	17	19	

21	30	25	21	28	28	16	25	17	21	30	23	15	25	

18	20	21	20	13	26	13	20	14	28	23	17	23	22	

23	18	25	20	15	21	27	27	19	19	17	10	22	18	

27	14	14	24	26	13	21	20	27	11	29	25	27	23	

27	20	28	21	21	12	14	25	25	28	17	14	27	21	

21	13	22	20	26	18	14	26	24	17	29	10	20	25	

11	10	23	12	30	15	14	18	29	28	12	19	28	16	

16	11	30	30	20	13	15	24	29	26	21	12	17	13	

22	13	21	25	14	11	29	10	15	18	20	18	24	15	

18	21	20	23	15	13	23	26	12	28	24	13	22	21	

17	14	24	17	22	29	30	13	12	11	18	24	17	10	

27	20	15	23	12	22	15	24	25	11	12	10	21	15	

29	11	27	16	17	26	24	19	16	13	21	19	22	17	

21	27	13	17	25	12	26	21	14	19	11	20	22	14	

19	20	18	27	27	26	27	16	24	29	27	13	12	13	

26	19	19	12	27	11	24	11	16	13	14	17	16	11	

23	20	29	13	28	24	30	24	28	21	13	14	30	29	

30	12	16	15	29	17	17	20	27	19	16	30	25	16	

18	29	29	23	13	10	30	20	13	29	26	26	25	14	

29	23	28	29	20	12	21	30	24	11	17	10	25	20	

21	18	23	14	18	25	26	16	12	16	27	21	29	30	

24	30	27	18	12	21	11	10	24	15	16	20	12	28	

20	13	22	29	23	29	24	23	28	22	11	11	25	16	

16	13	13	15	30	22	21	21	22	11	14	11	12	10	

11	12	29	26	19	10	25	10	13	20	23	25	18	21	

24	16	17	10	17	14	30	21	10	20	14	30	28	25	

21	26	12	20	24	12	16	29	30	16	18	20	22	27	

22	23	30	15	27	11	16	24	15	22	17	26	13	30	

19	14	21	11	21	25	27	17	15	28	29	14	20	22	

16	30	17	20	10	23	16	21	11	25	20	18	29	16	

19	10	17	10	29	15	22	25	23	27	26	14	28	15	

17	25	22	18	18	25	21	29	19	26	22	15	14	22	

15	14	16	19	16	10	19	29	21	28	18	28	10	29	

20	16	22	16	12	24	21	23	10	19	24	14	22	22	

20	21	11	15	15	21	11	30	13	18	22	23	16	15	

24	23	25	16	29	21	12	21	10	25	21	13	20	10	

14	11	30	12	11	21	22	19	16	19	30	15	30	14	

10	20	22	10	15	12	12	19	11	27	26	15	15	22	

18	27	29	10	29	13	23	28	13	10	15	23	26	20	

13	21	15	24	10	15	12	16	28	14	23	29	27	19	

11	22	18	10	24	15	11	29	12	22	27	22	22	27	

21	16	27	16	26	12	17	10	25	29	13	19	27	13	

22	30	13	18	21	11	28	30	14	16	14	16	17	28	

10	20	24	13	18	25	20	30	29	27	16	18	19	12	

24	20	19	28	12	17	26	10	22	27	26	23	15	21	

13	24	29	14	27	18	11	24	17	19	12	19	13	25	

20	10	16	12	17	18	25	12	10	21	17	20	11	24	

17	19	22	26	12	23	23	23	28	18	17	29	12	10	

14	17	23	24	16	24	16	11	11	11	22	13	30	14	

21	30	25	14	25	19	19	12	24	20	24	14	21	10	

10	21	15	25	25	12	22	13	14	11	14	24	17	22	

11	17	21	13	22	10	20	20	30	22	27	13	22	11	

14	18	22	20	19	14	14	15	29	14	28	28	16	27	

12	15	18	22	17	19	30	11	28	20	15	12	19	24	

24	17	23	10	17	21	23	22	29	10	21	28	15	12	

24	25	11	20	25	23	18	24	23	28	22	18	12	13	

29	11	19	13	23	28	29	19	25	18	12	11	11	28	

15	23	16	17	22	30	15	16	10	17	25	21	24	13	

27	29	30	23	23	15	26	25	23	13	25	21	21	27	

16	25	10	26	15	13	26	20	18	14	17	10	28	13	

20	21	20	22	23	18	27	30	29	24	21	19	16	10	

26	10	12	26	10	20	14	11	16	18	18	29	12	29	

29	21	24	24	14	12	15	14	26	28	30	20	12	25	

30	30	21	25	14	23	23	18	27	21	26	13	13	10	

14	16	15	16	25	29	23	12	30	18	21	18	30	11	

15	10	13	10	25	30	24	14	27	24	19	29	27	27	

16	25	30	27	10	27	29	22	12	25	17	14	25	13	

24	18	21	17	16	19	15	15	10	24	19	18	28	23	

22	28	19	11	27	10	10	18	16	21	28	12	20	18	

23	18	21	24	16	18	29	26	12	24	10	21	16	23	

12	22	20	15	19	11	17	27	20	11	29	20	23	18	

27	30	13	27	14	13	10	27	24	26	17	15	30	17	

15	11	14	26	24	14	30	22	18	22	20	30	14	23	

19	29	12	27	18	25	28	11	22	18	15	23	16	19	

15	28	12	15	10	22	30	10	23	27	27	30	17	21	

23	17	18	25	22	13	26	26	18	18	10	19	24	11	

11	29	20	13	29	13	13	26	19	10	23	26	12	24	

14	10	24	15	22	13	26	18	28	29	27	17	11	23	

15	13	14	19	13	20	12	23	20	25	22	25	21	21	

20	23	24	20	24	22	18	20	15	26	28	22	23	22	

29	25	26	11	20	26	24	16	15	12	14	18	20	22	

29	23	21	17	11	26	14	24	26	22	16	11	24	21	

18	20	29	10	26	18	23	12	23	23	25	13	10	28	

25	26	29	28	24	19	27	29	11	10	11	27	11	21	

22	10	13	13	28	30	27	20	30	26	19	19	13	30	

27	18	11	20	24	14	13	13	12	15	13	29	23	14	

15	21	29	26	16	15	12	25	14	17	26	15	12	22	

20	28	26	18	13	24	11	22	18	14	17	28	17	12	

21	25	21	26	22	23	26	20	18	15	11	22	24	19	

25	22	22	25	25	23	22	25	23	12	23	17	21	15	

21	18	18	12	25	11	26	23	13	23	30	19	26	25	

18	28	10	24	28	21	26	28	10	30	27	10	29	25	

21	11	13	16	20	26	22	16	20	18	19	23	13	25	

11	27	10	28	15	11	27	20	25	21	14	20	17	16	

23	21	15	24	27	11	12	17	23	18	21	26	12	17	

15	28	20	18	27	27	23	26	29	22	22	13	30	29	

18	12	23	24	29	21	24	15	27	27	27	17	25	12	

11	21	11	29	16	13	10	13	19	16	27	10	10	24	

11	20	21	23	15	17	20	26	24	20	21	28	30	20	

24	22	13	16	10	26	15	11	26	16	25	10	10	12	

20	14	30	21	27	15	21	30	13	11	26	18	24	14	

28	11	11	11	11	20	23	16	26	20	14	23	22	20	

22	25	16	10	11	13	28	19	24	16	26	13	26	21	

15	11	29	11	26	11	29	28	15	17	24	25	28	18	

24	12	10	30	14	30	29	23	23	18	24	19	17	16	

19	14	20	11	29	15	18	11	18	11	28	18	24	10	

17	21	25	27	14	15	13	14	11	12	22	14	23	13	

15	26	12	27	17	29	19	15	14	26	16	25	21	22	

13	23	10	22	26	23	20	27	25	10	27	26	11	14	

10	17	10	10	24	19	23	22	23	25	12	16	29	23	

27	26	14	15	26	15	17	24	16	15	15	12	15	20	

19	13	25	26	11	17	20	27	17	28	17	29	25	12	

13	20	23	15	16	23	15	13	24	13	18	12	24	28	

24	15	22	13	15	10	14	10	13	29	14	23	26	21	

30	23	12	13	12	13	29	29	27	12	10	29	28	22	

12	14	30	17	18	21	21	21	12	16	14	26	30	30	

25	16	13	17	14	29	17	26	13	29	16	17	21	19	

30	15	12	28	19	19	11	10	27	17	26	19	24	13	

21	17	26	14	11	14	20	23	15	23	29	10	18	12	

17	25	12	28	15	29	17	24	25	10	23	22	13	14	

24	16	22	21	27	20	17	30	30	12	28	23	22	29	

30	12	13	14	22	10	10	12	20	20	20	13	29	13	

15	25	15	15	22	17	20	15	22	26	25	30	28	28	

24	28	10	24	27	24	23	27	25	10	28	14	17	26	

11	16	15	16	15	17	23	30	19	20	27	12	26	19	

24	17	23	13	24	29	29	13	13	21	10	14	14	12	

19	11	23	17	13	17	28	28	18	22	22	21	18	17	

14	19	26	13	29	27	26	28	20	24	19	10	25	30	

29	17	27	16	19	24	18	17	13	19	30	18	11	26	

13	30	23	29	21	22	21	24	29	10	12	23	22	27	

23	19	19	10	16	17	27	30	27	30	27	21	30	22	

16	21	28	19	14	14	30	30	18	12	17	28	11	15	

27	29	13	26	29	24	16	30	14	25	28	12	29	15	

13	11	19	14	27	30	14	20	30	25	11	18	16	30	

16	21	25	26	10	12	17	23	24	16	20	17	12	28	

29	12	15	25	26	20	10	22	17	30	30	28	30	25	

19	17	23	17	30	11	27	30	13	27	28	28	23	16	

12	12	14	27	11	22	17	17	16	28	21	25	14	29	

10	26	21	13	18	18	22	22	18	14	17	25	25	16	

11	25	23	21	27	28	12	12	25	15	20	23	23	25	

22	18	26	16	28	14	14	12	16	23	30	16	20	19	

16	30	11	25	22	21	11	19	30	15	25	10	19	10	

12	13	18	19	21	24	17	24	21	12	17	21	17	25	

20	14	19	14	20	27	24	16	24	11	28	25	12	30	

24	28	10	29	15	21	12	30	10	23	27	30	16	13	

15	26	19	14	18	25	25	21	24	11	24	11	24	28	

21	29	12	20	18	19	21	18	24	27	18	16	22	17	

21	20	10	29	19	20	15	15	19	27	20	10	15	24	

10	14	30	19	12	14	25	22	20	21	28	13	27	29	

18	16	15	11	21	21	27	26	10	17	26	19	27	24	

13	18	23	23	14	17	19	10	25	11	12	11	15	28	

29	13	22	23	20	30	11	30	23	15	30	19	27	22	

29	29	16	29	24	20	17	25	22	10	18	10	11	21	

18	18	26	18	25	25	18	14	19	21	11	26	28	11	

11	17	10	18	25	25	13	13	23	29	19	17	13	28	

19	28	12	20	22	21	11	28	29	23	19	11	20	24	

30	13	18	25	13	20	26	20	20	10	22	14	11	17	

21	23	30	14	20	13	15	22	15	22	29	22	14	20	

28	15	23	27	27	22	29	12	17	15	30	17	21	15	

10	13	18	15	10	29	29	21	25	20	12	14	23	21	

25	10	11	30	20	22	26	15	30	18	12	30	20	14	

26	20	20	19	13	22	23	27	26	11	24	25	15	12	

15	12	23	24	10	30	25	17	20	16	26	29	21	14	

30	22	10	30	18	28	10	21	25	30	30	22	15	18	

19	16	20	20	22	10	18	29	20	27	10	26	16	22	

10	26	28	27	14	22	28	23	13	28	12	18	13	28	

28	10	15	24	14	29	19	17	22	14	24	30	13	29	

28	24	22	15	12	27	22	23	13	16	27	12	24	14	

29	11	17	12	19	15	15	23	27	22	27	22	22	17	

10	24	19	26	13	22	16	12	28	14	15	29	29	11	

21	16	15	23	28	22	30	21	15	10	19	13	20	10	

17	24	21	10	10	19	22	30	22	25	21	29	12	22	

10	24	18	13	13	12	20	24	25	26	26	24	21	14	

10	10	15	14	10	18	11	11	23	29	16	14	19	25	

23	26	18	25	30	25	30	12	21	30	10	19	16	14	

11	20	30	21	26	30	22	12	30	30	27	18	20	28	

22	26	29	17	17	23	30	16	22	18	27	18	23	10	

28	18	29	24	22	10	25	27	21	15	22	24	13	18	

21	13	10	29	26	10	10	30	27	24	10	20	20	22	

13	18	20	28	14	27	11	12	28	18	30	10	12	14	

25	29	12	18	22	21	23	18	23	28	10	20	23	29	

10	16	27	29	30	23	17	19	12	12	19	28	14	10	

10	24	10	13	27	26	25	25	18	29	19	10	22	14	

28	15	20	24	17	10	10	22	30	30	26	22	29	22	

17	18	12	21	13	14	14	25	29	25	21	27	17	22	

22	12	29	28	24	21	29	28	17	20	17	23	21	17	

24	21	21	11	20	23	20	22	20	28	27	26	12	12	

10	18	15	20	13	24	30	29	28	26	21	29	25	23	

20	17	26	24	15	26	22	30	30	15	25	19	21	26	

24	17	25	11	16	23	15	21	23	19	26	26	18	13	

22	13	26	21	22	10	20	21	11	27	10	24	14	12	

13	22	17	23	21	27	12	22	20	15	28	26	16	14	

26	19	22	16	29	27	12	24	19	16	18	29	14	28	

24	10	13	12	13	27	10	18	14	13	21	15	13	11	

24	19	17	10	16	29	10	22	27	10	27	20	18	14	

21	19	13	16	30	26	23	19	19	26	19	13	30	11	

11	22	28	22	13	20	18	21	13	24	23	20	26	12	

16	20	22	12	17	30	24	15	14	18	28	26	24	27	

19	17	11	27	15	19	16	14	25	13	29	19	25	13	

13	25	19	14	17	11	23	13	16	26	27	29	25	26	

28	18	18	13	28	22	14	30	29	22	15	24	14	25	

11	11	10	18	20	30	16	10	16	10	16	30	11	22	

22	12	28	19	30	13	12	23	19	16	24	19	13	16	

16	14	11	27	17	24	17	17	20	30	30	28	10	14	

20	23	28	12	27	14	18	18	26	20	11	11	12	16	

12	28	22	28	22	20	21	15	12	30	29	18	28	20	

23	26	20	20	27	24	28	24	12	18	15	20	18	24	

30	19	27	17	21	12	10	25	17	19	24	17	22	20	

14	28	23	25	14	22	12	14	14	14	27	20	30	28	

24	16	18	23	18	10	10	10	11	15	10	25	24	14	

15	12	16	10	10	14	17	13	15	29	30	28	18	19	

22	19	17	28	27	25	18	17	12	20	22	26	15	26	

26	29	12	23	18	25	10	16	22	16	18	13	27	14	

29	16	29	22	30	15	25	21	24	24	26	15	18	10	

18	22	11	29	25	11	27	13	23	19	29	20	13	28	

26	29	19	10	27	30	15	30	17	16	19	10	25	25	

30	14	27	22	29	26	15	29	12	16	22	11	18	25	

10	30	27	30	30	17	24	16	16	27	16	21	19	25	

12	12	16	28	19	13	26	28	10	16	20	13	23	27	

24	18	11	15	30	11	18	21	30	10	25	12	28	30	

26	14	20	22	14	25	12	26	20	21	12	27	22	24	

10	23	27	18	23	15	30	30	23	28	25	17	28	25	

15	28	18	27	25	15	11	23	15	26	30	14	27	28	

25	24	16	30	15	25	29	23	10	21	26	27	12	22	

17	28	18	15	23	29	15	28	21	10	23	21	13	19	

16	27	21	19	12	11	25	24	13	24	22	30	18	20	

10	25	25	14	27	10	10	30	25	28	19	20	18	14	

16	23	25	13	17	13	14	11	29	21	29	22	12	19	

17	30	16	12	25	15	21	13	24	20	30	29	29	26	

16	11	29	16	14	15	19	14	17	16	16	14	14	14	

19	28	17	23	20	20	10	24	16	26	26	13	28	10	

14	24	18	26	26	24	22	10	15	22	12	27	28	16	

19	23	27	24	24	23	16	21	24	15	13	27	10	25	

19	18	26	12	25	10	12	25	17	20	10	18	12	13	

21	17	11	23	27	27	29	18	29	23	11	16	24	26	

23	11	13	29	11	30	18	12	25	25	20	12	21	28	

14	12	10	24	17	27	23	22	24	28	27	26	12	22	

29	27	10	10	14	22	24	23	22	30	14	13	12	10	

17	17	22	13	26	11	11	23	22	28	15	21	12	29	

29	17	17	12	10	22	29	15	25	15	21	16	27	16	

19	29	14	26	29	30	17	10	13	24	18	26	20	26	

17	12	10	25	21	14	11	21	21	13	21	13	22	21	

14	12	20	14	18	16	28	13	30	20	29	24	16	22	

11	21	19	28	18	21	25	22	26	23	22	18	25	26	

26	12	18	20	17	18	16	10	17	21	19	29	27	11	

10	16	17	18	27	12	22	28	14	25	16	27	13	19	

14	21	11	20	13	11	26	25	16	15	12	16	27	16	

17	28	17	20	19	15	25	29	15	16	11	10	14	28	

15	15	14	25	12	22	27	24	20	14	19	25	14	18	

23	23	13	14	12	28	23	26	26	26	16	13	19	25	

20	22	28	17	18	20	10	27	28	10	22	29	10	17	

25	26	17	26	17	13	20	24	30	12	12	13	15	18	

23	30	24	16	30	14	10	20	18	29	13	23	16	30	

10	10	25	20	14	25	13	23	28	11	14	12	25	14	

24	10	20	26	30	25	12	16	10	27	14	22	29	28	

17	18	15	27	21	12	10	30	28	21	20	19	27	26	

27	25	12	20	21	26	23	15	12	21	30	16	20	10	

19	10	14	20	28	25	12	30	16	21	24	29	15	26	

27	10	28	16	22	16	19	25	15	21	21	19	25	15	

17	25	26	26	15	29	15	14	29	21	26	18	19	18	

13	29	30	25	21	14	18	21	21	28	22	24	10	29	

13	18	20	24	15	21	16	17	28	28	10	17	19	24	

26	11	23	23	30	17	20	14	26	16	10	26	24	23	

14	16	28	15	14	29	27	12	11	19	25	27	16	26	

29	10	16	16	23	11	12	12	15	21	29	27	13	23	

22	30	19	15	17	21	25	29	28	12	24	17	23	21	

13	18	24	25	22	13	29	25	25	26	10	26	20	16	

23	22	28	20	24	22	18	15	25	16	20	19	24	25	

21	16	16	25	16	18	30	20	17	25	10	22	22	24	

13	14	28	16	17	29	20	18	14	27	28	13	14	23	

19	20	15	30	23	23	12	22	23	18	14	26	17	22	

19	12	20	27	22	21	24	19	20	28	15	11	10	10	

25	25	25	24	30	16	28	19	22	11	16	18	24	21	

10	10	16	25	23	16	25	28	21	28	21	26	30	14	

12	26	10	25	28	20	23	15	14	19	27	18	15	16	

28	22	29	19	17	14	15	18	24	23	11	18	25	23	

21	26	23	13	15	25	17	22	22	11	14	20	25	25	

13	26	10	10	30	12	30	14	10	24	29	30	10	26	

11	14	12	12	14	25	24	26	20	10	22	19	29	22	

15	25	21	27	20	28	23	27	13	11	22	29	26	23	

11	27	11	12	11	27	25	10	16	27	18	12	20	19	

13	19	13	26	23	30	10	22	18	29	20	18	24	30	

17	26	26	18	22	20	18	14	23	25	27	22	27	21	

27	16	30	11	19	27	21	25	15	23	22	11	24	25	

14	11	10	18	16	21	10	15	19	19	20	16	18	27	

16	23	30	22	21	16	20	17	21	23	26	26	17	21	

21	21	19	14	27	20	28	23	20	12	19	13	17	15	

16	17	27	13	15	14	12	10	17	12	29	28	30	27	

25	19	29	22	16	28	14	29	16	29	27	11	16	15	

22	16	27	30	14	13	18	17	26	12	25	22	23	19	

21	19	18	15	18	29	17	19	28	22	12	14	26	23	

27	29	28	15	14	18	12	18	14	20	14	23	11	25	

10	19	16	28	17	14	17	24	18	29	12	28	21	11	

26	23	11	28	24	10	14	18	24	12	30	13	13	20	

15	20	18	17	30	17	11	16	29	20	13	20	20	22	

21	11	22	11	23	15	27	13	28	10	28	13	27	19	

14	13	14	12	29	20	13	14	17	24	28	18	28	19	

29	25	10	24	18	25	16	19	12	30	11	20	26	21	

16	29	30	18	27	19	28	26	30	29	20	15	21	28	

17	24	23	19	24	28	13	11	27	23	30	13	29	13	

16	15	21	24	21	19	23	19	18	10	22	12	11	25	

10	16	28	22	20	30	14	16	21	17	17	21	23	25	

18	18	21	14	28	18	21	21	21	21	13	27	27	29	

14	27	28	24	10	24	18	13	25	19	26	14	12	26	

28	10	16	21	19	15	12	28	15	13	19	14	26	10	

12	11	13	26	30	27	29	11	27	12	21	22	25	23	

21	27	13	26	13	18	26	20	17	30	27	19	22	23	

24	19	13	29	19	19	17	24	11	25	12	23	29	24	

10	29	20	29	30	12	22	26	18	13	17	18	13	27	

23	23	28	12	10	21	16	13	30	28	21	15	30	12	

27	26	29	24	26	29	27	16	17	18	28	26	16	22	

22	28	13	27	20	28	19	24	18	13	12	13	10	12	

22	12	20	29	10	23	24	29	30	28	10	21	20	29	

14	26	27	26	25	19	28	17	14	26	18	12	18	14	

14	10	30	15	22	20	18	27	29	25	16	28	28	14	

22	18	23	23	25	13	29	11	21	11	15	18	12	16	

10	16	26	21	21	25	29	24	14	29	11	25	29	13	

27	16	25	15	13	23	30	22	25	24	13	18	11	29	

21	23	28	10	15	30	25	27	17	29	13	23	30	17	

18	15	14	25	17	15	16	24	22	11	11	13	11	30	

26	13	26	16	14	20	10	13	27	23	12	10	14	12	

29	26	12	12	12	27	23	12	11	13	29	27	29	25	

23	11	21	11	13	21	20	17	12	17	11	17	11	11	

27	13	12	22	29	12	30	21	14	23	12	13	28	12	

20	13	26	22	17	19	13	14	13	18	28	18	18	15	

11	24	14	14	27	22	13	22	19	14	21	15	25	26	

24	23	25	25	25	21	16	16	16	16	13	29	16	17	

26	20	17	13	28	12	20	16	13	20	18	20	18	24	

10	29	22	14	22	23	19	16	12	15	14	18	13	27	

13	17	29	12	11	10	24	15	27	16	13	22	12	21	

30	29	20	17	30	16	22	24	25	13	11	22	10	12	

29	10	25	15	14	13	19	10	16	18	24	22	22	19	

20	27	18	23	22	12	20	26	11	28	28	14	23	17	

15	29	20	29	22	26	10	25	10	27	23	27	20	18	

10	21	28	14	14	29	23	10	26	30	25	28	25	18	

16	14	16	16	29	16	29	11	28	30	19	15	15	20	

12	24	18	23	26	14	25	28	13	21	19	14	26	11	

29	13	24	28	13	29	17	10	18	11	25	26	17	17	

15	16	10	20	23	19	22	16	27	12	19	26	14	25	

10	26	30	16	18	18	25	28	14	14	15	29	28	16	

25	21	30	20	19	11	30	25	24	16	24	30	22	23	

11	25	22	21	24	21	30	23	11	17	29	21	21	18	

14	18	30	15	21	28	21	12	17	17	25	23	13	30	

14	16	12	24	29	15	11	15	29	16	29	27	12	15	

22	17	23	28	30	23	23	28	20	29	26	25	23	11	

13	29	10	18	15	17	19	27	12	19	30	12	19	25	

16	25	20	11	26	19	19	11	28	23	29	22	29	21	

27	13	29	20	30	22	19	30	20	30	23	22	12	24	

25	22	16	17	26	26	28	21	25	18	27	21	18	27	

22	27	23	13	24	25	23	10	14	20	30	12	30	11	

14	15	26	26	27	15	21	26	30	11	23	12	16	11	

27	25	17	16	27	10	27	10	15	25	25	11	19	14	

13	19	30	18	11	23	20	12	12	18	28	16	15	14	

30	28	16	30	12	15	10	29	24	30	20	15	27	26	

15	12	12	13	16	18	22	29	12	25	13	25	11	29	

29	17	26	15	19	18	30	18	13	19	26	30	16	14	

17	26	11	27	28	22	18	28	14	28	27	20	25	14	

23	18	18	18	19	23	20	24	18	28	28	19	22	18	

26	21	18	24	19	13	24	16	15	17	18	16	16	29	

25	19	22	28	25	12	28	12	28	24	13	14	28	12	

22	29	16	29	27	14	13	22	24	29	18	15	19	17	

14	18	29	27	29	15	11	16	10	23	12	25	28	17	

13	21	24	29	29	16	23	29	23	23	22	29	22	28	

28	24	15	24	25	29	11	11	17	11	22	23	10	16	

10	22	21	29	19	12	25	14	21	29	18	13	24	26	

29	26	17	28	10	29	10	15	12	28	19	29	26	11	

16	19	18	23	12	13	21	21	10	26	27	18	27	14	

16	30	24	30	11	15	12	13	10	22	25	28	20	30	

19	26	13	23	28	24	20	25	25	11	24	14	28	13	

20	17	25	13	22	18	24	22	29	29	27	30	10	12	

10	16	15	14	12	24	28	27	28	25	18	15	21	20	

27	24	18	19	15	10	19	20	26	29	16	28	20	14	

27	12	27	24	23	28	29	26	23	19	23	18	28	26	

29	17	22	14	14	22	19	22	26	26	21	19	21	19	

16	29	11	20	16	14	25	30	11	22	17	19	29	26	

17	18	23	18	13	26	18	16	19	29	17	14	27	12	

17	23	12	16	13	16	29	23	22	13	17	10	26	17	

22	13	24	21	30	27	23	11	19	11	15	21	12	14	

20	30	13	14	14	12	17	10	17	12	15	21	15	19	

15	19	29	18	22	12	12	15	22	26	26	10	17	18	

28	17	26	24	15	22	10	22	22	27	12	15	10	28	

20	15	23	25	24	20	26	11	28	21	11	13	17	15	

10	11	20	29	18	12	30	14	11	14	20	24	16	23	

15	21	17	16	15	30	19	21	12	11	23	12	26	15	

29	21	29	23	30	15	19	13	19	29	10	12	25	24	

11	18	19	20	10	14	21	18	29	24	19	18	25	19	

22	21	15	27	12	15	15	29	16	12	14	17	21	21	

12	13	24	28	10	21	20	15	23	17	13	25	18	14	

28	12	29	23	30	13	11	26	27	12	28	26	27	18	

26	24	15	17	29	24	30	26	29	14	25	11	26	15	

19	10	20	13	22	18	10	30	17	20	21	10	17	10	

24	20	10	28	27	17	13	18	19	29	17	15	14	30	

24	14	18	23	27	21	26	18	16	22	13	13	25	23	

23	28	13	13	30	19	18	10	22	24	19	13	22	22	

23	19	25	28	14	29	20	21	29	30	30	19	17	15	

15	11	21	17	30	12	26	10	21	23	23	25	20	24	

24	10	10	16	18	29	13	16	27	11	29	28	27	22	

22	17	24	10	26	24	28	15	22	12	10	19	26	21	

22	23	21	27	16	10	13	12	28	20	14	12	20	11	

17	29	23	15	15	23	10	24	29	19	20	27	14	25	

12	19	23	22	25	28	15	15	12	12	12	23	26	27	

24	15	23	20	22	30	15	27	14	29	24	20	14	30	

30	10	14	30	14	15	22	24	23	20	17	13	18	25	

21	28	19	19	26	25	17	12	14	11	14	29	27	22	

24	16	27	10	20	20	25	17	24	13	14	11	16	10	

12	24	10	20	29	14	20	10	17	11	18	18	29	23	

20	23	23	13	18	12	14	11	17	20	30	17	14	13	

30	26	23	23	30	23	10	28	10	22	24	20	30	22	

27	22	19	22	26	16	26	24	13	28	11	19	21	24	

17	18	17	23	28	28	26	27	29	10	22	25	10	26	

15	16	19	16	30	13	11	11	21	12	13	15	17	18	

26	28	25	20	14	13	18	11	19	29	23	30	15	23	

17	23	15	30	23	27	20	27	22	14	26	15	29	24	

30	18	12	19	11	29	14	18	28	15	24	11	27	15	

29	22	13	29	27	21	28	27	10	26	29	17	17	25	

14	18	25	28	14	20	22	13	18	27	22	11	20	22	

28	28	18	23	19	13	20	20	18	20	27	11	30	11	

23	28	23	19	18	28	23	25	15	29	10	29	24	30	

18	29	11	14	16	27	22	17	18	18	30	12	22	19	

12	17	13	15	22	29	17	28	16	28	12	19	29	23	

21	25	27	23	10	24	16	15	25	23	18	18	28	28	

29	27	28	15	13	14	19	12	26	16	26	10	27	17	

24	11	21	21	25	21	24	15	29	14	16	18	26	27	

16	29	12	14	19	24	22	30	14	15	26	21	16	15	

26	15	27	29	11	29	20	29	18	10	25	17	10	15	

30	18	22	28	29	18	28	13	26	26	19	21	26	29	

16	25	16	26	23	16	10	18	17	19	13	13	14	13	

28	23	29	15	21	19	28	19	19	10	10	28	18	27	

24	17	10	22	11	26	18	19	28	10	30	25	15	27	

30	21	23	29	17	20	12	15	20	20	13	23	21	15	

20	29	13	22	22	26	14	18	16	22	13	10	30	15	

15	17	29	14	14	11	21	11	13	11	28	18	13	16	

28	19	13	23	22	14	23	10	10	30	11	24	27	19	

29	16	15	23	14	22	27	12	23	18	28	13	15	27	

26	28	10	27	28	20	29	19	19	18	14	16	22	27	

10	22	28	24	10	19	25	23	16	17	18	12	24	17	

24	25	19	26	24	21	14	23	16	21	15	12	26	29	

19	24	23	23	11	12	28	15	26	15	21	29	20	29	

10	24	12	25	10	23	11	21	28	17	29	27	27	15	

25	23	28	22	24	10	10	16	27	29	26	12	26	12	

25	13	12	26	16	10	26	30	19	16	30	24	17	11	

23	17	27	30	25	22	29	30	18	29	21	20	28	24	

28	28	28	13	30	22	26	16	30	26	17	29	19	19	

22	23	11	30	26	24	13	25	25	11	28	17	29	29	

18	16	22	16	21	24	19	14	17	12	24	20	19	12	

24	17	17	13	23	28	17	27	28	10	21	22	25	18	

15	24	16	13	19	25	22	21	23	18	21	26	20	17	

21	18	29	24	23	20	21	10	11	13	23	12	14	10	

14	28	17	26	21	25	25	24	11	22	11	28	14	27	

29	16	29	10	24	28	16	24	27	16	27	27	20	22	

28	27	18	22	27	16	21	30	20	21	30	25	15	21	

19	26	11	20	24	15	30	20	20	16	20	25	23	16	

10	29	20	12	11	12	16	27	12	11	15	17	17	18	

12	15	21	21	19	12	11	29	29	30	30	26	11	28	

16	28	18	24	11	17	23	20	20	13	25	22	29	22	

30	26	20	10	29	14	27	14	12	23	21	15	20	14	

12	26	16	27	26	27	22	17	29	27	28	10	22	11	

26	12	18	29	11	18	10	22	21	13	10	29	25	26	

11	28	30	26	24	22	20	10	10	24	13	25	19	28	

28	22	27	30	14	17	27	27	13	26	20	26	11	26	

18	22	21	13	30	12	22	14	21	24	12	29	15	13	

