1046	3


10566
10519
10420


73
58
81
89
95
70
89
65
51
81
56
91
74
79
81
71
93
94
51
66
96
75
68
94
65
75
50
56
58
71
64
100
61
96
77
56
79
75
66
96
67
95
88
67
74
50
97
76
98
67
95
74
59
73
85
75
56
68
91
72
82
62
90
60
84
69
85
68
61
82
100
55
78
88
51
68
60
70
53
55
96
83
77
69
94
81
53
50
80
96
51
75
51
64
54
98
68
55
91
59
74
84
59
60
50
76
56
60
90
80
77
87
86
82
86
72
66
77
78
68
86
66
77
70
51
66
84
85
67
77
94
98
69
52
84
69
94
51
82
96
93
77
80
88
93
52
78
65
72
89
68
94
55
60
88
79
65
69
83
94
60
93
86
91
100
66
100
50
67
64
90
86
63
60
53
80
77
86
91
80
87
76
68
90
65
86
65
52
87
68
65
50
67
63
98
89
81
55
94
99
98
82
95
62
50
58
63
96
57
63
85
60
85
59
73
80
89
99
98
51
57
55
77
82
63
64
96
77
73
51
73
85
74
56
66
87
53
67
65
95
91
77
95
59
92
87
61
93
97
73
62
54
56
54
50
90
50
71
58
52
63
89
87
74
67
54
80
54
65
96
95
65
95
94
88
90
91
78
76
88
80
56
96
52
70
90
84
68
64
66
96
54
62
74
64
83
97
66
68
61
71
71
82
89
90
95
76
96
85
62
63
56
80
79
98
57
58
70
79
53
64
71
63
50
61
62
73
84
86
54
98
64
95
96
94
59
84
93
75
73
52
97
89
57
59
67
75
62
55
50
95
70
66
55
75
54
60
52
58
60
70
81
57
98
65
88
61
66
94
71
79
51
98
62
65
88
100
77
97
65
83
70
53
89
52
53
85
96
70
64
58
97
91
55
51
73
95
84
52
98
99
84
56
76
66
99
81
76
72
62
68
57
75
84
77
97
58
51
54
94
62
55
50
68
52
62
50
80
68
99
77
85
85
91
89
56
74
57
84
51
98
65
99
94
91
71
82
80
62
72
56
67
92
64
100
54
69
82
51
84
71
59
99
78
73
94
62
87
66
81
69
52
76
64
84
78
81
52
60
78
61
55
77
55
68
81
72
56
61
86
58
65
94
82
59
63
68
98
63
98
72
70
58
89
59
80
94
69
86
59
66
69
65
96
96
77
73
85
80
68
80
61
53
91
99
84
62
53
73
74
83
83
53
67
92
96
56
54
94
50
61
81
68
84
53
66
96
72
81
68
63
70
71
100
87
66
84
90
52
99
59
98
70
56
65
51
57
100
51
77
56
70
78
90
94
97
84
77
92
62
62
99
55
92
70
79
72
73
71
56
54
68
97
92
65
80
89
57
53
85
96
70
92
90
64
68
79
79
81
69
73
97
72
61
50
96
85
53
55
53
89
61
66
52
85
55
53
59
99
87
51
98
86
52
78
70
91
59
91
80
94
90
86
80
70
94
62
98
55
57
56
79
80
81
71
51
70
99
64
65
85
95
84
88
54
73
96
83
80
51
56
52
82
54
70
88
51
83
93
100
64
50
66
72
89
50
85
100
57
56
55
75
90
84
70
50
56
61
77
71
77
81
97
52
82
91
68
88
71
82
70
63
63
59
86
86
87
73
63
68
81
61
75
99
97
57
55
64
99
100
74
51
56
66
94
52
81
75
64
75
54
87
73
66
65
95
50
74
100
66
92
65
77
52
87
58
80
78
98
90
80
50
69
65
81
57
92
53
55
99
53
78
88
98
93
96
91
55
51
66
88
95
69
65
71
59
72
89
73
96
97
72
60
94
70
65
86
80
88
72
58
92
57
81
79
74
50
63
88
82
86
88
77
57
72
77
94
97
80
97
69
94
99
96
55
77
88
97
59
80
76
70
57
67
93
100
59
88
94
78
92
54
63
53
96
90
73
60
89
78
100
93
73
62
73
74
60
55
88
83
56
61
73
88
69
66
93
76
92
82
80
83
52
60
68
61
96
71
65
96
71
78
52
65
60
60
61
99
93
93
99
85
87
66
95
70
90
70
73
72
80
53
96
80
70
94
95
73
94
94
64
97
64
94
56
51
93
98
76
87
51
88
83
87
93
97
58
94
91
71
82
60
82
100
50
55
58
84
98
73
54
61
55
52
52
96
88
90
93
50
57
63
68
73
56
86
82
76
83
95
64
57
67
75
76
68
76
55
73
57
66
100
84
70
83
54
50
81
66
68
79
69
78
73
63
91
56
60
53
70
80
70
90
58
52
72
82
68
73
76
52
69
77
95
79
97
64
61
61
64
52
70
88
95
94
82
70
71
77
74
98
55
82
80
77
83
83
94
89
75
83
69
62
50
90
54
65
99
62
100
65
68
52
98
67
71


21	20	21	

22	28	24	

25	10	13	

30	20	20	

26	18	14	

30	25	18	

26	30	24	

13	20	16	

14	23	25	

12	23	17	

13	19	10	

16	18	22	

30	25	15	

29	11	26	

19	29	29	

20	26	14	

12	30	10	

14	29	29	

30	21	28	

24	27	18	

13	29	24	

12	29	29	

29	25	19	

26	28	28	

30	17	13	

18	29	29	

24	27	17	

14	13	11	

23	14	30	

20	15	12	

30	24	24	

10	20	14	

12	30	23	

30	10	21	

30	28	15	

20	29	28	

21	16	22	

23	25	14	

23	16	29	

23	18	29	

16	29	23	

28	15	24	

30	26	30	

15	19	14	

13	19	12	

12	11	29	

11	17	14	

22	11	17	

24	20	18	

29	11	10	

21	26	16	

17	14	13	

14	27	21	

27	26	28	

12	15	29	

15	14	19	

29	10	20	

17	14	14	

12	23	23	

13	17	30	

15	13	11	

12	10	28	

29	25	21	

16	10	20	

26	10	12	

16	19	15	

23	25	27	

13	12	16	

21	19	22	

21	17	15	

10	14	11	

17	25	23	

21	15	25	

12	22	10	

22	10	18	

29	29	21	

30	24	10	

29	19	12	

13	22	14	

20	20	12	

18	19	13	

25	18	12	

20	15	18	

27	29	27	

20	26	13	

21	20	27	

27	11	15	

25	26	30	

25	10	12	

30	12	29	

17	15	25	

20	28	30	

17	29	11	

23	21	17	

11	30	24	

12	22	29	

26	10	21	

28	20	18	

26	10	20	

25	24	10	

21	23	11	

15	20	28	

10	30	15	

22	24	10	

13	24	27	

16	25	20	

21	28	19	

21	10	26	

24	18	24	

13	17	17	

15	20	26	

27	11	21	

18	26	17	

13	28	19	

16	26	26	

12	22	11	

17	11	11	

11	28	28	

30	14	17	

29	20	12	

10	12	11	

21	12	14	

29	22	23	

26	10	12	

10	30	20	

28	25	21	

12	10	28	

21	22	25	

19	28	26	

18	25	16	

23	11	30	

23	22	15	

26	15	28	

14	16	26	

29	13	10	

16	11	24	

20	13	26	

13	19	23	

26	20	12	

19	13	29	

26	22	26	

17	19	16	

17	11	18	

17	17	15	

26	19	23	

20	20	15	

29	12	23	

23	11	18	

13	21	15	

28	21	16	

10	20	23	

10	25	15	

22	27	26	

25	20	15	

26	22	16	

22	23	17	

11	26	15	

17	16	25	

24	26	10	

18	30	12	

25	16	10	

19	30	21	

30	30	23	

29	16	20	

27	18	14	

26	17	23	

10	28	15	

13	18	25	

27	22	16	

23	20	26	

30	21	21	

17	16	14	

15	24	23	

25	18	18	

30	13	28	

29	29	10	

30	19	25	

15	28	28	

21	11	12	

30	25	20	

24	25	24	

19	16	22	

30	26	17	

14	12	10	

26	17	26	

21	19	14	

13	22	16	

15	25	14	

11	18	18	

23	12	25	

30	11	23	

13	22	20	

14	19	27	

11	30	26	

26	15	24	

17	24	13	

30	16	17	

19	28	11	

11	25	30	

13	24	17	

29	20	17	

10	13	10	

17	14	14	

18	16	26	

27	29	19	

21	12	16	

30	13	26	

14	20	17	

21	16	16	

15	15	17	

10	29	11	

26	14	29	

15	18	19	

12	11	12	

23	18	24	

23	21	13	

15	14	23	

21	28	18	

28	20	21	

19	18	15	

26	25	24	

15	14	10	

25	30	19	

14	20	25	

21	15	23	

22	19	28	

23	28	28	

28	25	23	

25	27	26	

15	29	24	

28	15	16	

25	21	27	

16	13	12	

12	21	28	

13	12	29	

10	29	13	

12	19	14	

24	25	28	

16	11	16	

10	29	10	

22	11	27	

27	16	20	

25	23	18	

30	25	11	

22	13	30	

27	25	25	

16	17	24	

30	28	11	

26	19	16	

18	22	18	

16	23	11	

29	18	25	

17	27	28	

17	19	10	

20	18	15	

22	22	13	

28	25	18	

14	18	25	

12	28	17	

30	19	12	

15	17	28	

20	22	21	

16	30	23	

25	11	24	

26	18	14	

20	10	20	

28	14	29	

14	29	17	

10	13	13	

25	10	23	

22	29	17	

16	21	12	

14	17	30	

17	17	13	

29	18	26	

22	13	29	

24	27	27	

20	19	29	

21	28	25	

23	22	28	

30	22	17	

14	17	25	

20	15	27	

11	21	29	

15	20	29	

19	16	29	

13	15	20	

15	12	17	

22	14	24	

21	20	26	

14	17	13	

23	10	17	

25	13	21	

16	18	22	

19	20	12	

28	29	18	

23	25	29	

19	12	22	

30	16	14	

30	22	18	

24	22	22	

12	28	14	

30	29	13	

29	20	15	

22	28	16	

25	13	17	

24	24	11	

27	28	30	

15	11	23	

17	18	23	

23	20	19	

14	26	15	

22	13	23	

26	15	17	

24	11	23	

25	13	21	

29	12	19	

29	25	10	

11	30	13	

27	25	29	

30	29	30	

28	22	29	

28	26	17	

10	10	16	

19	16	28	

14	23	21	

10	24	20	

24	11	27	

15	24	13	

19	30	26	

27	22	26	

13	27	16	

16	24	11	

19	24	17	

20	19	15	

24	17	28	

17	29	12	

28	21	25	

24	19	16	

17	22	13	

15	18	28	

26	20	15	

23	27	18	

12	15	28	

26	16	23	

18	24	30	

21	28	28	

22	13	28	

24	11	13	

15	13	10	

18	21	16	

25	19	18	

15	11	11	

16	15	10	

24	12	27	

26	29	11	

18	28	24	

24	19	16	

29	16	26	

18	17	19	

18	26	27	

20	30	27	

11	15	20	

18	26	15	

26	15	16	

22	22	10	

16	18	11	

19	17	19	

11	24	26	

26	13	22	

22	15	10	

24	11	22	

28	21	29	

22	25	12	

17	29	14	

12	25	18	

27	20	23	

11	25	30	

26	28	29	

11	28	26	

18	20	17	

28	13	23	

12	12	26	

12	29	21	

12	14	12	

26	19	20	

23	11	30	

23	28	16	

17	15	20	

16	19	14	

13	25	21	

17	10	30	

11	24	21	

26	19	17	

29	22	21	

21	15	15	

11	17	20	

10	22	11	

13	28	21	

12	10	22	

17	17	23	

28	17	24	

18	12	16	

13	22	11	

19	18	28	

25	15	15	

16	17	28	

13	18	25	

19	12	25	

18	17	23	

15	21	11	

22	16	17	

28	12	16	

23	30	21	

11	28	29	

29	21	20	

24	24	16	

24	10	13	

15	30	25	

14	16	21	

14	19	12	

29	23	30	

20	25	10	

11	23	29	

24	17	24	

14	15	18	

18	14	30	

22	20	26	

23	22	28	

17	24	12	

26	27	11	

28	14	22	

17	30	24	

21	24	28	

15	19	27	

25	20	30	

27	21	30	

28	16	10	

24	12	29	

24	23	22	

24	30	29	

24	26	13	

28	27	25	

22	20	26	

12	28	14	

13	30	24	

15	15	26	

18	24	30	

15	21	14	

28	16	23	

18	24	28	

28	18	15	

14	15	17	

11	24	28	

28	16	21	

30	12	11	

12	25	22	

28	17	23	

30	14	18	

12	18	25	

10	12	26	

17	19	13	

23	20	17	

21	19	20	

11	18	28	

27	18	17	

29	16	18	

17	24	19	

10	27	19	

16	12	29	

19	27	18	

16	14	25	

14	20	16	

27	29	11	

16	24	24	

22	12	25	

29	15	18	

24	25	15	

11	27	20	

13	24	18	

16	25	21	

12	28	24	

29	11	28	

21	17	28	

25	18	21	

14	20	22	

30	13	20	

21	25	26	

14	20	16	

28	14	22	

16	22	10	

16	20	15	

27	25	21	

27	18	24	

12	28	12	

18	28	18	

19	17	11	

24	10	30	

11	21	18	

24	21	12	

27	13	17	

25	22	20	

11	19	24	

10	28	26	

25	29	11	

16	12	11	

15	16	28	

19	27	24	

30	27	12	

16	25	26	

20	29	12	

20	28	13	

23	29	11	

22	28	17	

20	17	21	

19	26	24	

23	10	10	

17	10	19	

11	19	28	

26	24	25	

22	20	29	

28	25	16	

22	30	15	

26	28	25	

13	14	28	

10	23	10	

13	12	20	

26	18	15	

12	23	20	

24	18	18	

13	25	24	

23	28	13	

26	14	30	

30	10	21	

28	17	23	

15	15	12	

20	15	20	

19	30	27	

22	17	12	

30	13	24	

18	18	23	

13	16	29	

30	28	22	

21	21	27	

29	15	20	

20	30	10	

12	30	11	

18	26	28	

30	24	17	

10	20	23	

13	26	26	

14	29	10	

30	18	19	

21	25	23	

16	25	12	

12	15	13	

14	13	19	

15	15	19	

29	15	20	

26	25	22	

26	25	11	

19	24	14	

24	16	15	

20	17	10	

18	13	29	

15	15	19	

27	14	27	

20	25	27	

24	30	18	

23	29	10	

24	23	16	

17	30	28	

16	13	25	

16	10	16	

12	11	21	

29	28	16	

15	13	27	

22	18	17	

20	10	25	

27	23	14	

14	27	10	

21	19	12	

23	27	18	

25	15	11	

20	27	24	

12	17	16	

11	21	14	

23	24	11	

25	10	10	

28	11	17	

19	19	20	

19	14	25	

12	22	26	

20	12	17	

15	12	25	

29	24	11	

24	27	25	

21	12	12	

10	28	23	

11	20	22	

20	16	28	

17	14	17	

24	29	21	

27	12	23	

16	29	26	

29	12	15	

16	16	26	

24	30	23	

19	25	20	

23	28	22	

20	26	16	

29	25	14	

28	24	18	

21	13	25	

19	18	28	

22	11	17	

26	19	18	

11	29	19	

14	19	11	

18	10	20	

14	27	21	

30	13	26	

17	21	15	

14	10	26	

19	26	19	

13	11	29	

15	11	28	

21	23	26	

14	22	25	

13	23	18	

28	16	21	

12	24	29	

17	12	26	

25	15	23	

28	25	15	

11	15	18	

10	21	26	

24	26	25	

18	12	15	

16	14	10	

26	23	27	

17	30	25	

15	27	11	

24	30	19	

13	26	30	

21	15	26	

14	25	15	

11	17	16	

10	16	21	

18	27	10	

10	26	15	

30	26	21	

18	18	30	

13	25	19	

15	21	25	

22	25	13	

11	26	21	

11	27	15	

11	18	19	

22	23	23	

23	13	25	

26	15	16	

30	16	11	

22	22	25	

11	11	23	

28	14	16	

10	29	19	

13	30	21	

14	20	15	

23	21	12	

24	20	20	

16	18	16	

23	21	18	

25	19	23	

11	29	19	

10	11	21	

19	28	11	

23	28	16	

29	29	19	

20	14	27	

21	15	29	

15	25	20	

21	11	24	

13	24	14	

17	10	13	

18	28	11	

16	18	20	

12	23	24	

22	16	15	

20	14	13	

26	10	12	

30	30	12	

23	24	26	

13	16	23	

28	26	18	

19	27	21	

24	30	15	

28	30	10	

22	11	21	

22	20	11	

13	27	29	

20	13	28	

27	17	17	

28	21	30	

29	27	27	

28	16	23	

25	30	29	

25	23	19	

28	24	23	

22	16	30	

22	17	25	

14	27	30	

16	14	14	

27	17	10	

13	18	11	

23	14	13	

17	26	24	

26	13	11	

24	28	25	

11	12	23	

13	30	12	

29	22	26	

21	20	19	

12	27	19	

16	15	19	

24	27	12	

11	10	15	

27	25	19	

20	13	30	

19	11	12	

16	29	25	

17	27	25	

24	26	21	

15	24	26	

25	14	25	

14	14	27	

22	10	28	

24	13	24	

11	25	25	

16	14	22	

28	14	18	

30	21	13	

30	28	28	

21	15	13	

18	21	30	

21	17	25	

26	20	30	

10	25	23	

23	27	25	

18	25	16	

20	19	14	

25	16	22	

17	11	25	

19	19	28	

11	11	13	

29	22	17	

29	16	27	

30	15	11	

25	25	12	

23	20	17	

19	24	14	

30	17	24	

22	10	17	

28	29	18	

18	24	16	

12	28	14	

18	23	27	

23	27	25	

27	11	16	

28	23	16	

27	27	13	

13	15	25	

28	30	21	

30	11	14	

17	27	25	

28	11	19	

24	10	25	

30	25	20	

27	24	15	

30	30	26	

28	10	16	

12	17	21	

12	17	12	

30	21	24	

23	12	23	

17	22	15	

18	10	25	

27	24	15	

13	21	18	

15	23	17	

19	15	27	

23	10	10	

10	21	21	

18	22	23	

30	27	27	

15	21	10	

23	23	21	

14	27	20	

29	25	28	

13	14	30	

23	12	25	

23	23	18	

11	22	12	

19	30	16	

17	22	16	

29	29	16	

29	14	30	

23	19	10	

21	25	23	

17	26	10	

16	23	26	

22	29	19	

30	28	22	

14	13	15	

30	10	29	

16	21	13	

10	11	12	

17	28	23	

26	21	18	

27	29	16	

22	11	28	

20	26	18	

28	11	22	

22	14	18	

21	25	15	

23	10	16	

14	25	13	

26	13	15	

19	18	17	

23	13	16	

25	10	14	

25	29	13	

19	14	29	

20	24	13	

19	29	29	

25	28	11	

18	22	20	

17	21	18	

19	17	21	

16	17	16	

16	29	18	

10	12	14	

10	30	30	

18	30	11	

22	22	20	

16	16	16	

23	28	16	

25	22	29	

27	13	24	

18	10	11	

24	22	12	

10	10	21	

28	20	11	

12	11	18	

30	15	28	

19	23	30	

22	14	16	

29	26	13	

21	22	13	

26	24	21	

26	20	29	

10	19	22	

21	22	22	

16	19	15	

16	15	10	

15	21	29	

12	26	19	

16	30	25	

21	28	20	

13	21	11	

28	28	27	

20	22	24	

15	25	23	

15	27	17	

13	30	30	

11	19	16	

22	16	23	

30	20	28	

25	10	14	

16	22	25	

27	11	15	

23	17	28	

14	18	29	

13	10	24	

17	15	19	

20	24	24	

29	20	11	

22	20	19	

30	26	29	

18	23	14	

13	26	17	

12	29	11	

26	11	24	

17	15	29	

29	27	12	

28	27	19	

19	30	25	

22	25	15	

11	30	24	

29	17	24	

29	23	22	

15	13	19	

14	26	30	

30	15	29	

29	14	19	

21	19	14	

25	15	16	

15	26	18	

11	23	14	

17	14	18	

19	25	10	

12	10	23	

29	19	26	

12	13	28	

26	12	14	

28	19	28	

24	29	23	

20	14	24	

10	20	28	

23	24	10	

21	16	25	

22	20	13	

16	16	24	

29	30	28	

12	27	22	

19	19	19	

21	20	30	

18	26	11	

22	17	18	

14	26	12	

27	20	18	

11	30	22	

30	29	28	

14	21	24	

10	26	22	

20	29	12	

30	19	19	

30	10	15	

14	30	11	

10	21	15	

18	29	30	

28	16	18	

20	24	20	

12	23	10	

30	27	15	

28	15	24	

14	29	18	

10	17	25	

12	29	16	

29	30	25	

20	28	23	

15	28	19	

19	22	25	

23	25	29	

28	22	27	

16	30	22	

30	12	17	

12	11	27	

26	18	27	

22	18	26	

21	20	25	

22	21	17	

16	16	28	

14	25	24	

15	17	28	

24	13	27	

22	11	13	

26	10	13	

23	29	18	

14	30	17	

13	19	10	

13	23	27	

17	23	21	

30	12	24	

22	17	16	

30	20	28	

30	27	20	

18	22	26	

21	27	16	

13	23	25	

28	20	22	

23	11	16	

14	12	23	

24	19	19	

25	24	28	

20	26	16	

14	20	22	

11	21	29	

13	16	26	

19	15	29	

28	14	12	

11	25	20	

21	18	22	

15	29	23	

21	25	20	

21	13	13	

26	21	16	

19	12	11	

14	12	30	

20	13	14	

30	25	27	

20	11	13	

12	25	18	

28	25	16	

14	18	28	

19	29	17	

19	25	24	

17	22	25	

29	11	26	

15	17	30	

21	27	25	

29	18	26	

12	25	19	

28	11	24	

30	25	16	

14	16	14	

12	19	11	

30	17	10	

25	13	13	

28	10	16	

14	26	14	

17	17	28	

22	22	13	

17	13	27	

11	22	15	

15	18	17	

10	15	11	

20	14	14	

15	29	11	

15	15	22	

23	27	17	

18	10	13	

20	15	11	

24	19	19	

20	17	12	

12	21	12	

11	13	21	

26	22	10	

29	11	20	

14	20	13	

13	12	12	

16	14	18	

22	14	12	

14	10	24	

23	16	28	

27	13	26	

