1336	10


13267
13316
13541
13369
13309
13243
13441
13367
13389
13385


82
64
74
84
84
98
74
56
76
95
66
97
82
67
74
70
88
97
64
98
99
55
83
80
52
56
65
71
80
76
72
62
75
73
50
62
95
50
67
59
87
85
85
67
71
51
89
81
90
93
58
90
91
63
89
90
54
50
81
66
70
88
64
61
62
74
51
52
95
73
71
70
78
82
62
82
56
84
74
88
62
58
78
59
84
52
68
81
53
75
59
86
85
84
64
51
69
61
64
99
100
82
72
72
64
100
60
95
81
64
74
91
61
60
77
57
87
76
68
84
53
57
99
86
70
61
72
79
71
86
100
68
66
89
76
85
70
91
73
81
93
97
65
62
97
93
58
98
56
81
95
98
68
83
87
57
62
83
91
76
100
74
92
100
81
57
97
56
52
91
94
59
94
85
59
84
73
75
70
78
89
68
76
50
69
68
89
91
80
77
55
56
79
80
76
58
98
77
53
96
96
75
98
59
71
85
54
80
97
74
93
67
69
74
54
60
50
64
74
73
73
59
84
100
92
69
75
65
54
89
85
69
83
74
78
99
51
74
61
82
73
67
56
61
82
61
83
51
71
99
65
88
89
69
82
67
71
59
56
99
53
82
72
63
81
61
92
77
63
74
76
98
86
68
69
67
96
86
82
68
83
70
91
71
51
67
78
80
56
69
61
84
69
92
81
74
62
97
86
65
92
89
84
54
77
83
58
62
75
78
69
52
54
88
82
85
99
70
92
71
56
96
65
86
95
77
98
54
96
83
59
96
66
97
87
86
63
56
97
84
95
69
57
51
70
87
91
92
93
66
88
87
77
70
98
87
79
94
74
59
75
70
99
80
100
99
61
85
83
67
94
52
88
89
50
57
59
97
88
87
61
68
83
54
62
92
60
70
74
77
71
84
92
65
85
91
88
92
87
72
75
72
85
88
88
51
84
73
86
61
86
93
84
93
100
98
59
71
89
71
76
76
60
64
88
83
77
59
71
68
76
78
96
65
60
51
95
75
50
73
72
70
58
50
94
86
97
74
87
71
86
74
52
80
59
77
58
95
60
66
53
58
90
89
90
92
87
79
95
100
62
81
60
75
98
94
55
100
65
75
59
64
55
84
78
54
86
75
98
77
81
85
73
85
89
90
80
78
89
58
88
88
65
71
68
60
54
95
73
53
86
93
68
53
53
90
56
71
63
85
87
82
66
92
56
96
66
51
77
98
66
94
57
62
58
54
62
73
54
65
79
88
55
64
92
83
63
58
78
79
92
96
77
55
59
92
96
55
63
97
82
52
93
100
78
50
56
84
65
60
89
57
75
59
69
58
50
52
69
77
92
76
92
59
87
83
74
97
97
95
81
52
66
86
93
86
51
52
86
78
89
58
52
90
97
96
55
51
73
71
92
65
81
97
50
63
100
89
53
65
87
64
98
71
76
60
53
55
61
97
88
98
78
87
78
89
76
55
89
69
88
64
57
55
50
59
99
52
57
95
76
73
58
74
60
65
58
61
86
90
93
54
56
69
63
74
85
68
76
87
85
71
82
87
60
67
75
62
85
54
93
78
71
97
93
82
97
60
97
84
52
55
98
55
62
50
73
93
86
99
75
73
80
100
59
66
79
77
58
62
64
74
61
53
68
75
64
92
60
81
100
86
51
93
78
80
69
56
96
75
91
77
95
81
75
55
80
96
66
54
80
99
51
90
93
74
91
65
76
64
57
69
66
90
79
99
62
55
83
99
89
87
95
96
57
58
80
78
60
92
64
65
84
79
68
63
67
91
63
92
55
95
72
72
84
89
81
56
76
83
59
99
94
100
97
97
84
60
85
61
67
87
59
72
77
57
58
93
94
73
78
62
99
84
69
79
53
98
85
78
86
55
83
69
95
56
52
76
92
80
96
88
94
79
65
53
57
82
93
55
71
90
92
58
52
54
91
78
85
56
85
85
94
64
60
96
50
86
83
59
94
73
73
87
77
57
59
86
67
68
93
82
72
76
88
96
75
82
75
67
57
92
71
84
63
69
100
52
81
70
69
60
55
60
97
52
98
68
57
99
58
69
94
57
69
73
87
58
54
78
94
86
73
56
56
62
68
89
70
68
65
96
85
70
75
100
76
62
88
99
99
73
60
52
79
83
79
80
97
95
79
54
65
100
87
55
87
98
64
93
97
84
76
78
84
58
67
80
52
90
75
54
79
91
86
56
55
62
99
97
76
52
90
50
74
85
68
59
83
71
67
74
99
98
58
96
97
58
59
60
64
73
56
67
60
81
82
66
79
100
96
77
69
83
74
54
74
97
74
79
79
87
94
65
91
71
53
68
72
71
87
61
61
82
54
80
59
57
52
68
98
52
97
58
53
97
64
77
100
50
53
68
74
76
53
95
59
63
90
84
83
85
65
98
73
100
75
57
95
71
80
70
56
68
78
56
65
94
89
55
70
56
89
80
50
69
85
86
82
87
81
59
78
59
78
72
61
71
58
51
71
58
94
82
96
79
72
86
74
83
58
62
56
67
93
58
52
81
77
93
93
100
51
87
62
54
54
82
52
69
53
66
54
70
75
77
72
70
77
93
99
96
55
86
79
94
80
58
84
68
98
72
100
66
63
95
62
85
91
56
79
89
53
59
60
100
71
93
65
51
80
55
71
81
71
90
58
87
55
90
52
78
72
85
64
50
81
70
59
63
88
65
99
67
99
65
83
78
82
63
67
51
65
89
70
68
86
85
89
90
53
98
58
96
99
66
50
84
68
84
74
86
86
51
88
84
73
70
57
80
66
82
68
89
80
86
81
92
59
84
50
56
92
77
100
79
60
56
57
77
88
92
58
93
57
84
69
57
86
62
90
84
87
88
88
77
67
52
58
64
73
87
92
98
82
66
90
82
81
95
87
53
100
67
91
100
59
72
86
84
55
76
95
52
68
66
93
79
90
53
97
76
81
56
68
95
64
87
61
65
56
86
54
73
85
59
59
57
97
58
82
76
66
89
56
57
70
67
52
62
52
64
80
61
74
57
57
51
72
61
76
98
51
92
79
62


21	26	20	23	18	25	27	22	12	25	

18	14	22	26	16	30	19	13	14	20	

16	16	14	28	23	30	30	12	24	28	

10	25	25	11	12	11	25	19	20	27	

30	18	18	14	25	12	20	12	15	28	

22	20	11	17	14	14	25	13	30	18	

28	23	10	21	27	18	11	16	27	27	

16	20	18	11	28	29	11	10	13	21	

20	30	14	20	17	28	17	22	23	14	

22	15	27	27	16	19	23	15	27	11	

29	28	17	18	15	23	16	15	13	23	

27	28	20	24	21	26	23	19	18	29	

16	25	17	30	21	27	28	27	21	28	

13	29	28	25	29	19	12	11	15	13	

18	26	28	28	27	10	28	14	17	28	

28	26	11	14	15	30	27	27	26	27	

24	28	28	11	25	13	24	14	29	25	

28	15	22	23	27	17	27	14	21	10	

25	24	19	16	18	24	14	12	19	16	

14	13	12	12	17	14	20	16	26	29	

15	29	27	13	25	16	15	20	15	13	

12	17	28	23	27	30	15	17	20	12	

13	16	17	29	11	30	23	23	25	27	

22	13	27	30	13	26	30	14	16	22	

30	19	20	27	23	13	30	23	22	26	

21	16	14	29	19	21	17	18	24	24	

17	16	14	16	30	13	21	16	27	16	

18	10	21	27	27	23	28	18	22	15	

11	16	28	28	20	10	27	11	29	17	

12	26	14	22	24	21	19	10	25	16	

15	30	20	23	25	28	22	23	11	18	

12	22	27	29	23	22	12	13	25	30	

11	21	19	27	25	16	30	26	29	11	

15	10	23	16	24	30	22	19	22	30	

20	12	16	28	26	18	24	18	12	22	

30	25	11	17	23	23	29	17	12	11	

29	12	23	20	13	12	10	13	12	23	

29	19	17	10	19	22	30	28	20	11	

25	29	21	26	13	23	19	17	30	21	

11	22	10	20	16	18	17	22	10	30	

17	17	13	19	15	21	11	19	22	12	

26	20	11	20	15	24	23	29	21	16	

25	22	12	15	28	25	10	21	22	24	

13	25	10	12	26	30	28	18	21	28	

25	19	18	22	22	12	20	24	14	20	

18	12	28	19	10	12	29	30	16	24	

12	30	18	13	29	12	12	13	21	13	

17	16	27	29	16	19	20	19	15	28	

14	17	19	23	20	18	22	24	12	29	

17	14	18	11	22	11	16	27	17	18	

29	23	30	27	26	18	27	27	14	15	

13	18	23	20	27	27	26	25	18	16	

23	15	16	10	28	22	25	27	24	21	

10	29	27	27	25	29	27	14	24	30	

29	28	20	19	16	20	15	14	26	13	

10	12	17	16	25	16	28	11	28	11	

10	25	27	10	23	28	18	19	22	25	

10	14	23	12	29	30	13	26	16	23	

21	10	23	28	12	11	14	26	10	17	

30	20	22	26	11	23	15	21	26	15	

24	20	20	10	24	14	25	11	24	21	

30	18	14	14	27	19	30	21	17	17	

11	21	14	27	25	12	20	15	18	10	

19	28	23	30	11	25	26	18	24	16	

11	22	21	23	26	23	11	10	15	15	

23	30	22	16	21	18	26	22	25	23	

10	12	25	21	21	13	24	29	10	29	

26	26	19	12	17	24	26	18	12	19	

30	16	11	17	29	28	11	19	22	19	

25	27	20	21	13	21	21	22	26	26	

13	28	14	30	21	13	25	26	24	14	

25	10	16	27	29	28	14	15	17	10	

21	15	23	10	25	15	10	26	19	16	

30	11	12	24	17	19	13	30	22	17	

22	27	12	25	24	20	23	17	11	27	

12	23	11	21	27	18	24	24	24	12	

26	12	30	13	26	22	27	16	12	23	

22	13	30	25	13	12	14	29	26	12	

26	20	16	29	29	29	19	15	18	11	

19	29	24	25	20	11	14	21	11	15	

14	10	20	26	16	11	11	10	12	22	

13	13	26	25	13	27	19	29	13	24	

21	14	26	19	12	17	21	27	28	26	

10	11	26	17	15	24	10	26	23	20	

21	13	10	29	17	28	17	23	11	14	

14	30	19	13	13	15	18	23	26	11	

11	24	15	26	10	27	25	22	30	23	

21	26	11	14	25	23	10	25	30	28	

10	27	17	18	27	20	11	20	15	10	

14	12	28	20	12	21	19	18	26	29	

21	16	12	20	29	13	22	19	16	21	

16	13	20	27	15	12	22	20	27	26	

25	27	21	26	27	29	13	10	14	23	

25	13	26	30	18	16	29	14	25	21	

11	18	18	20	29	30	20	11	24	21	

12	26	11	10	11	27	17	14	22	17	

11	27	13	19	14	24	22	20	28	10	

30	22	12	27	21	19	21	11	19	25	

20	10	30	22	10	19	30	30	15	19	

21	29	14	14	27	21	24	11	23	20	

26	25	19	24	23	14	11	10	12	20	

27	13	13	20	24	20	26	27	12	23	

12	23	13	18	29	19	17	25	26	26	

14	25	18	24	27	22	25	25	30	24	

26	24	27	13	14	25	23	10	29	21	

16	18	19	12	24	10	25	23	30	15	

24	24	18	30	18	13	23	17	10	15	

16	22	18	28	25	22	21	10	27	12	

30	26	25	19	29	10	12	19	20	17	

12	13	21	10	23	14	12	19	27	12	

13	28	12	11	15	27	25	13	30	17	

23	10	16	29	25	25	24	27	22	10	

10	21	26	15	28	27	15	24	29	25	

17	18	30	13	21	19	25	29	25	20	

28	13	30	30	19	30	12	10	22	25	

14	22	26	26	29	13	10	16	18	25	

11	22	25	13	19	29	12	12	16	22	

23	20	15	16	15	13	27	30	16	20	

18	12	22	11	30	11	13	13	27	12	

25	15	29	24	20	22	28	28	23	26	

18	25	12	15	10	17	23	21	20	25	

29	10	11	23	22	30	20	27	10	21	

17	27	30	12	20	12	25	23	19	27	

12	28	22	13	11	13	15	24	12	15	

28	14	25	26	10	20	12	30	19	27	

29	20	21	19	17	24	26	18	29	17	

11	18	19	26	16	30	11	22	23	10	

18	21	22	23	25	29	10	15	24	16	

10	24	10	18	11	21	30	13	19	29	

21	15	30	16	27	25	10	28	19	12	

30	20	12	17	22	28	19	22	25	16	

27	21	30	15	26	11	17	15	25	24	

26	19	22	21	29	19	27	16	23	23	

20	29	10	29	11	24	14	18	23	18	

17	30	12	24	22	13	11	13	27	30	

10	28	24	13	11	13	13	23	27	17	

29	18	19	12	30	27	14	30	24	17	

15	10	14	12	25	14	23	30	20	25	

15	22	29	12	23	21	15	16	22	18	

20	29	16	27	18	17	18	22	19	27	

17	29	24	18	15	20	14	25	12	12	

16	11	19	30	21	26	25	13	23	10	

29	14	22	20	26	11	15	26	12	17	

25	24	23	22	16	20	14	26	10	26	

18	17	21	19	30	21	27	14	19	26	

22	11	23	10	15	11	22	28	12	14	

14	23	27	26	15	15	23	27	19	29	

25	15	20	15	10	15	21	17	28	11	

18	24	25	24	12	14	17	16	18	25	

18	17	18	27	17	25	16	19	30	21	

17	16	27	29	30	28	22	20	30	15	

27	21	21	24	16	20	24	18	16	22	

28	10	26	21	18	13	21	22	13	14	

10	25	15	30	22	12	12	14	16	23	

24	21	21	12	21	27	20	12	12	24	

25	25	20	12	18	20	23	19	24	27	

18	15	22	24	10	19	25	17	13	15	

29	17	26	26	19	28	21	22	26	29	

23	28	28	30	17	16	10	19	28	20	

13	18	16	27	21	21	17	28	21	25	

15	16	25	29	11	13	30	26	12	27	

16	16	27	30	28	12	22	30	11	23	

14	30	16	29	10	28	20	23	10	25	

30	19	26	29	14	12	28	26	27	24	

10	19	23	14	25	27	22	17	19	10	

13	10	12	26	30	24	28	12	19	11	

13	19	25	23	20	24	24	12	23	23	

30	18	15	28	14	12	26	23	27	23	

17	28	14	15	12	19	28	11	21	24	

11	21	22	16	25	29	18	12	29	18	

10	10	14	29	19	29	29	28	18	29	

23	24	23	25	11	13	11	30	30	18	

17	16	22	20	26	15	20	27	25	26	

26	25	19	11	30	10	13	29	16	19	

28	28	19	16	23	11	16	20	23	30	

28	13	20	23	16	11	15	15	25	14	

12	26	28	17	22	22	11	10	16	20	

27	22	23	18	26	27	26	17	21	23	

25	15	13	13	18	16	26	24	30	14	

25	12	25	15	16	18	16	23	29	25	

25	24	11	16	22	20	19	30	23	14	

19	20	14	19	25	14	26	10	16	26	

22	30	13	30	30	15	13	21	12	29	

11	11	11	27	13	22	11	19	28	11	

11	28	20	21	14	17	30	27	24	29	

23	15	17	20	24	22	23	10	28	27	

22	30	29	25	10	17	13	28	18	21	

20	11	11	23	19	30	26	14	23	22	

13	17	26	11	14	24	20	18	23	12	

11	18	29	19	24	19	10	11	13	20	

20	10	16	16	14	28	16	11	24	23	

14	25	13	15	16	23	25	19	16	23	

21	21	27	21	15	27	30	27	23	25	

25	30	15	11	17	15	18	21	17	26	

22	25	20	15	10	25	26	21	26	12	

24	28	28	14	23	29	25	11	23	25	

16	26	23	26	10	27	23	29	27	29	

24	21	11	16	30	10	12	23	20	10	

12	24	11	26	28	14	14	26	29	24	

19	22	17	11	23	11	14	17	20	10	

29	28	29	21	10	15	29	21	25	25	

20	14	18	18	14	30	23	24	18	25	

30	28	26	11	20	17	11	25	16	24	

13	22	20	20	27	10	26	23	25	25	

13	17	15	15	27	14	23	28	18	13	

24	19	23	10	20	20	12	12	20	22	

14	21	19	14	19	27	20	20	18	12	

22	21	26	26	23	13	27	28	22	26	

11	25	15	21	29	22	21	26	26	12	

17	15	14	30	21	18	27	29	18	23	

28	14	28	22	14	13	23	28	26	20	

29	24	28	29	28	24	28	13	20	21	

21	18	19	24	26	19	29	27	30	24	

30	17	21	13	24	25	22	26	12	20	

13	19	19	30	12	28	25	28	19	29	

30	23	26	26	23	17	16	29	10	14	

15	18	23	25	30	16	22	27	22	13	

19	29	29	12	10	22	29	23	24	16	

21	19	28	11	20	21	25	22	13	15	

22	12	10	22	15	25	30	20	28	26	

28	20	20	16	16	10	20	19	24	13	

18	18	27	29	24	14	19	19	15	13	

13	18	19	29	13	21	13	26	10	21	

24	21	25	19	14	30	24	25	16	26	

16	25	26	11	14	16	28	30	30	21	

14	27	24	24	22	30	16	18	11	25	

16	11	26	12	12	17	11	23	13	12	

28	28	16	27	12	11	27	15	11	28	

21	28	13	10	10	26	23	25	16	12	

16	27	10	20	23	12	12	14	20	14	

29	28	15	18	13	27	15	29	28	25	

27	17	19	19	17	14	23	12	22	25	

22	28	30	18	27	29	13	17	17	20	

28	18	29	12	27	10	17	25	13	18	

29	15	13	29	14	17	20	22	14	13	

26	17	22	27	23	16	24	19	30	20	

26	20	21	26	25	12	25	15	30	25	

22	18	24	10	17	12	17	24	24	20	

20	29	22	17	10	30	23	21	29	10	

28	13	10	21	19	24	17	23	18	21	

11	14	20	28	26	24	27	14	17	26	

20	30	26	18	16	15	18	13	14	11	

22	18	21	30	23	15	24	12	15	22	

28	26	26	22	12	24	15	15	30	28	

19	16	15	28	21	14	21	18	20	26	

28	26	27	26	15	12	25	24	30	12	

22	27	27	21	14	16	14	28	19	30	

14	11	30	11	29	22	10	19	28	25	

29	22	12	22	17	18	17	10	26	19	

18	11	27	27	30	17	23	18	26	26	

12	18	11	19	24	25	19	20	13	19	

14	12	19	25	14	27	14	17	14	22	

16	30	21	20	20	17	24	11	18	16	

19	24	15	20	16	19	22	18	23	27	

30	27	26	21	18	28	23	29	29	11	

11	11	28	10	22	14	20	24	10	22	

25	29	16	23	29	12	10	16	19	14	

11	27	15	10	15	23	22	19	28	20	

26	16	11	29	10	23	15	27	30	13	

15	10	28	22	19	22	10	29	30	27	

15	26	11	21	11	28	10	10	21	30	

16	21	17	12	10	21	22	17	13	22	

26	22	29	16	10	10	16	13	12	11	

22	24	24	23	29	10	15	29	14	30	

12	24	17	21	23	21	29	30	17	29	

21	14	14	20	23	10	26	24	27	10	

18	12	19	27	25	26	18	26	23	24	

18	23	26	13	15	14	22	24	10	19	

15	21	28	12	13	21	19	18	11	10	

26	23	12	10	25	10	27	22	24	29	

13	22	22	10	26	20	13	24	16	20	

14	24	28	27	30	29	12	20	15	27	

26	14	28	13	30	14	10	27	30	28	

20	27	10	13	23	20	18	20	18	29	

12	20	26	15	11	21	25	20	30	29	

13	22	13	21	19	11	28	25	27	22	

15	13	20	10	25	10	22	23	20	20	

16	26	17	18	20	23	20	29	16	15	

17	27	29	27	22	24	28	14	23	12	

10	18	20	17	24	27	18	27	21	28	

20	16	23	14	28	19	26	21	28	10	

10	13	19	26	20	14	19	23	29	19	

26	13	30	15	21	25	17	15	14	17	

21	14	14	22	23	18	28	20	19	10	

23	18	10	10	29	17	30	18	17	20	

20	13	20	30	21	17	23	29	25	14	

30	26	18	19	14	12	14	17	20	26	

20	12	16	16	13	16	19	27	13	12	

24	10	18	29	17	14	26	18	23	18	

30	15	21	25	13	21	19	12	27	24	

12	14	17	20	27	17	19	14	16	20	

22	29	25	30	12	13	13	14	21	25	

28	15	19	20	18	12	10	24	21	22	

29	22	26	16	11	26	29	26	24	24	

26	15	10	11	30	26	17	25	21	13	

26	21	13	30	12	11	19	10	10	10	

13	19	22	10	11	19	14	18	27	18	

24	11	27	28	29	25	25	12	10	19	

14	27	20	16	17	19	13	22	19	12	

25	13	21	30	27	29	27	17	21	26	

11	30	16	11	15	21	15	20	29	29	

25	30	29	10	21	17	13	10	28	19	

19	12	17	15	13	30	20	29	25	16	

22	25	12	30	25	21	30	20	22	26	

20	30	21	22	27	22	21	12	22	16	

22	11	27	20	29	22	12	14	18	16	

23	20	27	15	19	30	29	22	11	26	

28	16	15	27	17	11	18	13	27	10	

24	20	23	28	24	20	13	26	26	27	

29	26	18	27	28	21	23	17	22	15	

14	18	13	28	18	30	24	17	19	18	

10	19	20	14	15	18	12	27	12	11	

28	22	22	24	24	26	19	25	18	19	

16	13	28	14	16	28	10	20	24	19	

14	15	19	18	10	16	25	18	29	14	

18	14	12	24	17	22	11	18	26	27	

12	26	21	22	16	11	13	13	20	21	

18	18	28	30	13	25	17	26	16	27	

16	29	20	22	24	12	14	24	22	18	

12	23	27	29	28	23	26	18	19	26	

25	16	20	24	25	16	12	25	10	12	

25	16	17	12	27	15	19	26	14	11	

26	15	28	17	14	24	16	28	25	23	

14	23	25	22	24	19	29	26	16	28	

10	12	26	10	10	19	12	28	18	11	

17	14	12	19	11	15	19	16	11	23	

25	12	29	12	21	24	24	13	11	25	

12	27	20	25	11	27	15	22	16	19	

19	14	25	13	15	24	16	21	13	12	

14	28	14	15	10	23	10	26	21	24	

10	11	17	28	11	30	11	28	27	25	

27	25	27	27	11	25	10	20	12	13	

23	11	23	26	23	12	15	18	26	24	

11	13	24	28	23	30	10	20	16	13	

26	11	21	30	21	16	28	17	27	13	

13	12	26	14	10	19	30	12	18	30	

17	14	26	12	10	15	12	26	14	18	

23	10	22	24	26	30	12	21	21	18	

30	24	25	26	20	24	25	21	18	16	

10	27	13	11	15	11	28	22	25	13	

21	30	17	17	21	22	18	18	11	26	

18	27	21	24	19	20	27	18	10	20	

17	25	26	20	23	23	24	19	17	16	

16	22	24	15	28	12	22	23	29	25	

10	14	27	22	27	10	16	10	24	10	

24	17	24	29	16	11	30	28	18	17	

17	24	28	18	29	25	13	12	12	13	

27	22	15	12	23	25	18	17	19	18	

11	11	20	28	17	11	22	18	15	25	

19	30	29	30	24	28	24	16	13	25	

15	23	28	20	29	16	18	30	14	13	

30	22	12	26	21	20	13	15	27	27	

14	14	26	15	30	11	15	15	11	10	

14	11	27	19	20	24	25	23	12	20	

20	29	12	14	26	15	30	25	16	26	

14	23	12	18	14	24	19	28	29	10	

18	21	28	17	16	23	15	28	11	13	

26	13	14	26	10	15	30	11	16	22	

12	10	11	12	28	26	12	15	26	16	

15	15	28	24	13	22	11	20	24	28	

29	20	23	30	10	17	23	27	24	17	

12	29	30	22	26	28	27	24	25	17	

30	16	21	24	23	12	12	28	26	19	

30	24	10	29	28	18	16	16	10	18	

30	19	25	28	15	28	10	23	21	13	

11	26	19	17	13	16	30	14	12	19	

21	14	20	22	26	23	24	28	20	19	

24	18	16	13	12	17	29	12	18	16	

15	21	22	10	10	10	18	28	24	28	

28	29	14	30	28	22	20	16	27	18	

27	21	10	19	30	16	29	30	16	18	

13	19	14	23	10	14	24	14	15	16	

11	16	29	20	22	21	24	19	27	16	

29	15	25	21	29	20	30	20	12	21	

15	15	11	11	12	21	16	21	25	15	

11	11	13	27	26	23	18	21	10	23	

13	25	17	24	12	14	24	21	22	30	

22	27	14	13	16	19	30	23	17	28	

26	16	25	26	26	11	22	10	13	26	

20	11	19	14	27	16	11	15	14	10	

17	14	23	13	26	12	16	11	18	28	

13	11	14	24	25	16	13	12	24	14	

19	15	28	26	18	23	13	18	16	19	

20	11	14	27	24	16	15	24	25	21	

22	20	22	13	10	29	24	25	27	28	

29	16	29	25	22	13	22	12	14	16	

20	10	14	18	19	14	24	18	17	21	

23	13	14	16	11	19	17	20	20	20	

16	30	23	25	12	16	29	26	18	27	

26	30	27	21	11	24	21	17	11	21	

29	20	24	13	25	18	26	18	24	30	

30	24	15	14	10	14	11	15	21	22	

25	21	15	28	30	25	24	11	23	17	

10	10	25	13	22	10	11	18	29	14	

11	14	26	11	30	26	26	19	16	10	

18	11	29	20	23	24	15	22	28	29	

13	28	30	11	30	25	19	21	12	20	

14	16	18	30	24	12	14	10	28	11	

12	21	21	15	19	23	27	19	22	24	

12	12	20	28	17	27	28	15	27	22	

28	21	22	20	26	25	29	18	27	21	

22	30	14	29	26	14	14	17	25	25	

18	11	26	24	24	11	16	18	21	24	

13	26	19	16	19	11	10	28	26	14	

17	18	25	25	11	26	28	10	16	28	

12	22	12	27	15	26	27	15	14	12	

21	25	22	10	28	11	12	16	17	26	

16	16	17	15	18	14	17	13	29	27	

16	24	27	10	17	23	23	24	16	17	

23	21	25	19	18	22	25	22	30	29	

19	15	14	26	28	16	14	24	12	17	

26	10	28	13	19	17	10	29	12	18	

13	22	22	19	10	23	19	29	23	13	

23	26	24	24	17	15	28	22	18	26	

18	16	15	11	10	21	28	25	22	16	

22	29	27	13	30	15	21	13	25	22	

20	14	13	22	20	20	26	14	17	14	

28	29	24	28	28	22	18	20	21	22	

11	26	13	20	20	28	28	11	20	18	

15	27	23	17	14	26	11	11	29	21	

26	13	16	11	28	16	24	19	24	30	

23	24	29	10	12	20	21	30	14	12	

29	29	10	16	17	12	23	12	30	20	

24	20	17	14	17	17	22	11	25	17	

20	11	22	25	19	26	28	18	12	19	

14	17	29	18	29	14	26	21	17	25	

29	11	15	10	29	24	14	29	11	27	

16	21	19	23	17	15	16	19	10	30	

10	28	17	13	14	27	27	23	26	21	

10	18	25	30	21	23	22	25	21	23	

21	12	15	15	24	29	30	20	16	17	

11	28	29	30	22	20	28	20	22	10	

16	18	12	13	17	23	28	23	16	18	

16	18	17	14	16	30	20	19	30	22	

28	10	26	19	25	26	14	11	19	15	

29	28	15	16	10	16	14	30	20	22	

29	25	11	14	27	13	29	19	19	24	

23	21	13	28	29	18	23	26	14	30	

14	14	11	18	11	24	18	13	22	19	

18	12	12	29	23	26	19	26	20	15	

15	14	18	12	23	23	18	21	18	29	

18	12	21	11	24	14	14	28	13	22	

12	18	29	12	26	23	12	20	20	24	

12	15	10	14	16	22	26	10	15	22	

18	30	23	25	15	12	28	24	19	26	

10	18	20	16	28	10	23	10	28	11	

19	29	25	26	18	26	12	13	20	25	

25	21	16	25	20	26	26	13	25	24	

13	29	25	28	12	24	18	11	12	20	

23	12	22	30	16	11	30	23	22	14	

17	17	21	24	18	11	11	10	26	25	

14	29	14	24	15	24	28	25	28	14	

23	25	30	10	15	16	16	29	21	18	

11	14	12	27	19	21	27	13	22	26	

17	24	13	18	24	13	11	14	27	26	

27	24	28	12	30	20	18	16	27	25	

14	21	28	20	12	28	24	13	29	15	

12	28	16	20	20	27	22	16	15	17	

13	26	20	16	20	15	27	10	12	20	

11	30	12	17	21	17	10	16	27	25	

28	25	28	27	23	22	30	21	23	30	

24	19	21	30	20	10	30	12	14	25	

14	23	29	14	14	18	22	15	22	29	

20	12	23	13	20	20	24	19	14	28	

30	24	27	23	22	12	17	15	22	18	

10	14	26	28	19	10	19	29	15	25	

28	10	20	12	28	19	25	30	16	17	

22	18	25	14	18	14	16	30	13	11	

10	12	20	13	19	23	29	16	29	23	

13	30	21	14	11	29	24	29	10	11	

21	20	26	25	12	25	30	30	20	23	

21	11	20	13	23	20	13	20	28	17	

29	17	16	19	30	25	18	30	10	18	

28	22	14	23	30	25	13	19	21	26	

16	23	24	16	15	11	16	16	19	25	

10	14	29	25	29	20	29	24	26	21	

30	19	29	25	12	17	12	11	28	19	

24	13	16	26	19	30	30	22	17	14	

15	15	11	18	30	21	19	28	18	19	

25	21	20	20	15	17	27	26	21	28	

27	21	13	19	22	15	24	21	12	10	

18	11	21	29	30	26	10	14	24	12	

10	27	29	12	23	23	16	28	11	29	

19	21	13	15	12	11	30	21	30	21	

16	20	12	13	18	19	12	29	28	24	

12	20	13	13	25	18	11	21	11	27	

28	10	26	29	24	30	13	18	13	20	

25	12	27	18	22	30	25	26	15	15	

20	30	30	11	27	12	16	10	26	10	

27	27	30	26	20	30	29	14	15	10	

17	15	25	30	29	21	23	12	28	18	

19	17	27	27	17	24	22	22	14	26	

16	20	12	24	28	10	16	26	12	13	

12	18	13	12	13	30	16	19	15	17	

12	24	13	30	16	25	30	28	10	13	

29	21	21	22	10	12	17	23	17	18	

15	13	25	22	17	15	26	24	11	23	

30	19	19	11	15	12	26	30	11	25	

13	26	16	30	21	25	28	17	17	12	

26	17	30	18	26	30	17	29	15	20	

22	14	20	13	18	23	25	21	18	11	

21	19	18	20	20	29	18	17	13	30	

28	10	23	12	25	20	23	14	20	30	

21	26	12	16	18	30	28	28	26	16	

18	19	17	26	22	14	27	10	22	17	

14	24	27	24	25	10	29	20	23	25	

21	25	19	22	17	26	28	19	27	17	

14	27	14	11	28	22	25	30	10	24	

19	30	27	19	11	29	21	13	30	10	

20	23	20	16	17	23	29	20	21	18	

24	16	26	10	15	26	23	29	30	23	

30	15	29	24	22	16	17	25	23	22	

30	25	16	18	17	13	12	20	30	19	

19	17	28	16	10	24	28	18	17	17	

30	19	17	25	11	19	24	16	10	11	

30	18	19	23	29	16	19	20	13	15	

18	16	30	26	20	18	28	22	27	27	

16	21	16	23	20	24	26	14	17	19	

29	15	19	18	20	15	20	19	23	19	

22	19	17	23	12	22	20	13	29	10	

26	11	24	10	30	25	12	18	30	10	

30	23	12	16	23	28	12	30	22	21	

15	14	20	26	22	12	13	13	21	27	

14	17	30	30	20	22	23	19	16	13	

21	27	12	29	16	20	18	29	11	28	

27	15	12	24	10	11	11	20	18	12	

11	17	10	17	24	11	22	11	16	25	

29	23	11	10	26	28	22	21	23	12	

10	22	22	15	25	19	18	15	19	17	

22	12	30	20	11	30	15	25	11	14	

24	12	25	20	27	16	19	23	20	25	

21	14	28	29	30	23	14	26	28	21	

15	17	23	19	27	27	23	19	24	28	

11	13	25	25	10	21	21	21	26	27	

28	22	25	17	29	26	11	30	30	30	

23	18	18	18	24	28	15	24	26	22	

14	25	25	11	14	26	28	15	29	29	

26	21	27	23	12	12	24	30	28	18	

15	18	19	25	23	20	12	19	19	14	

25	28	13	20	21	27	25	11	16	30	

19	28	19	11	23	18	15	27	20	11	

14	23	12	29	28	27	20	11	30	24	

30	16	15	30	12	22	27	18	16	18	

26	24	18	17	15	20	18	27	17	28	

14	15	14	22	13	14	19	29	20	23	

19	23	16	27	27	24	21	16	23	21	

29	24	27	24	18	12	19	26	21	14	

26	16	27	15	19	29	21	30	19	22	

24	29	12	19	30	14	12	30	30	22	

21	16	14	16	16	20	15	11	28	18	

15	25	25	18	21	27	29	19	26	28	

14	27	20	14	25	25	11	10	23	28	

16	24	19	14	18	22	14	18	10	19	

13	20	17	21	25	19	22	25	14	12	

11	22	22	21	10	29	28	25	25	12	

20	24	22	10	22	28	16	19	27	10	

27	14	15	19	28	23	13	26	15	27	

10	19	23	11	27	29	24	12	22	18	

17	15	18	18	16	24	21	21	30	16	

18	30	10	18	10	13	29	23	19	21	

11	14	14	16	24	13	28	17	11	30	

15	11	20	18	27	10	28	21	19	21	

18	25	22	29	29	17	26	27	24	27	

22	15	27	12	12	19	28	13	14	12	

15	10	16	18	18	23	15	17	12	26	

25	20	26	10	29	28	12	15	19	14	

29	24	21	26	30	21	15	26	27	19	

13	23	14	20	17	10	14	29	29	23	

25	22	27	18	15	24	12	26	28	18	

30	14	16	17	26	15	29	26	17	26	

29	11	14	28	25	14	29	23	18	30	

22	13	15	15	25	10	10	14	15	16	

26	17	26	30	17	17	11	26	20	16	

29	30	17	11	28	22	23	25	14	22	

17	24	10	26	28	26	25	13	17	16	

22	22	12	16	10	28	15	15	25	26	

19	12	26	26	23	30	30	23	17	16	

26	25	14	13	19	21	24	19	16	16	

28	19	15	16	15	18	21	21	21	19	

16	20	20	11	10	12	18	17	29	26	

30	12	17	26	19	15	22	19	25	12	

28	27	18	12	11	10	27	22	30	20	

25	22	23	19	23	23	30	15	29	26	

14	20	15	20	10	12	15	16	10	13	

18	22	23	19	18	28	20	12	20	23	

14	19	25	27	28	22	29	23	16	16	

25	22	15	25	13	11	18	28	11	11	

16	17	25	25	28	29	17	14	11	19	

19	14	25	22	22	12	24	20	15	14	

15	12	27	28	17	28	29	26	14	20	

30	19	18	19	13	27	26	20	15	29	

19	29	19	25	14	12	27	17	19	25	

22	17	19	27	18	19	16	21	23	26	

15	23	27	18	29	20	18	17	25	30	

22	10	17	25	25	19	29	21	22	26	

10	25	18	24	27	28	14	10	20	19	

30	21	29	10	24	12	19	27	30	15	

23	14	30	25	11	12	27	18	29	27	

24	19	20	20	27	22	13	28	13	30	

15	19	26	10	30	22	14	20	28	21	

29	14	16	17	12	10	15	15	16	10	

30	22	12	24	23	26	19	15	14	13	

23	20	15	10	27	15	18	18	23	24	

30	25	30	27	21	15	16	22	14	24	

19	11	10	11	28	18	18	13	12	28	

27	22	29	19	24	29	21	25	26	23	

16	22	10	11	15	28	30	11	18	12	

29	27	29	13	10	27	14	11	25	15	

11	29	23	27	12	29	21	10	19	23	

14	24	13	25	14	30	27	23	21	12	

15	26	14	28	14	16	18	30	27	22	

30	15	28	23	18	14	21	30	18	27	

25	22	19	26	17	12	22	21	13	24	

25	20	21	15	12	25	23	22	22	22	

12	25	20	25	23	19	24	12	15	16	

12	19	17	21	12	16	19	11	28	30	

25	21	20	14	14	16	11	14	14	21	

17	15	28	12	20	19	17	15	15	27	

24	17	21	26	12	20	23	12	28	20	

11	19	26	10	24	26	16	15	13	13	

30	18	23	18	14	10	11	19	11	11	

23	11	28	30	20	18	14	15	19	25	

19	26	14	23	14	29	14	26	14	27	

10	26	13	24	26	28	21	11	12	21	

20	21	12	14	12	10	10	24	26	29	

26	10	12	10	18	27	25	13	25	26	

12	28	13	28	10	14	10	12	25	21	

28	26	12	11	27	25	22	17	22	20	

22	18	25	29	30	18	29	24	26	15	

16	12	26	15	24	10	14	11	25	19	

28	16	20	13	16	23	29	15	13	23	

21	16	17	18	10	22	13	28	29	20	

28	29	10	24	18	11	14	22	13	24	

29	14	14	21	26	22	12	29	20	26	

11	10	20	29	23	12	11	19	11	14	

24	30	25	21	11	14	21	16	13	16	

28	15	17	22	26	14	23	25	17	10	

27	25	28	12	18	18	16	26	23	12	

29	12	25	14	21	24	16	20	15	23	

15	30	25	21	12	17	23	18	24	14	

15	12	14	30	15	15	23	16	12	10	

26	25	21	18	15	27	20	20	15	22	

19	19	14	13	24	17	20	28	21	26	

30	12	27	23	16	29	24	17	19	29	

29	26	25	20	18	20	20	12	21	25	

27	25	21	29	13	14	14	30	20	24	

22	22	30	23	16	29	14	26	26	15	

16	10	30	24	28	19	15	25	30	21	

13	10	13	12	26	15	18	27	29	14	

10	30	28	10	17	15	26	26	25	23	

20	30	24	17	24	13	20	20	29	11	

14	21	26	21	21	19	16	12	22	14	

14	21	26	24	21	22	25	14	17	25	

26	30	15	14	13	22	22	11	22	30	

28	10	18	20	24	14	24	24	23	11	

21	29	29	28	20	25	14	17	15	21	

30	10	28	16	16	14	10	11	12	22	

21	16	22	15	30	17	18	30	21	12	

14	10	27	21	21	15	20	18	24	19	

28	10	14	26	27	23	14	24	12	22	

17	27	24	22	24	18	27	11	22	29	

14	15	27	22	12	18	26	23	19	29	

21	19	28	16	26	10	22	30	13	27	

24	16	28	29	22	25	21	26	11	13	

27	15	18	17	18	23	20	11	22	28	

21	15	27	14	27	16	27	17	16	10	

21	22	16	28	11	11	29	19	20	11	

13	20	24	10	12	15	29	21	27	30	

26	30	17	19	26	22	10	22	13	23	

15	27	23	15	11	25	20	28	28	26	

22	11	27	19	25	18	28	18	11	20	

11	14	13	27	15	27	23	18	23	11	

18	21	26	12	13	11	24	15	15	29	

18	28	29	27	21	25	28	29	15	24	

26	29	10	10	14	15	11	16	18	13	

26	15	30	29	29	17	25	22	17	28	

10	11	10	15	17	27	21	23	25	26	

18	15	22	30	21	24	27	29	27	12	

18	11	17	18	20	22	12	16	22	30	

26	18	22	18	11	16	20	25	12	25	

17	24	11	10	30	16	28	23	28	22	

16	22	22	22	22	19	27	27	25	21	

21	11	30	13	30	12	26	25	17	29	

14	19	11	19	10	27	17	23	23	24	

11	18	25	30	12	15	24	11	10	26	

19	18	17	20	20	11	22	23	28	23	

15	21	18	22	28	18	27	25	13	10	

24	12	24	13	28	26	23	11	25	10	

19	25	27	14	17	28	15	13	19	25	

26	10	30	11	20	11	11	23	30	21	

20	10	14	20	19	11	23	15	18	20	

20	23	13	15	23	18	24	24	25	16	

20	21	19	27	24	27	21	28	20	17	

20	13	24	22	24	26	18	13	14	11	

22	15	20	14	13	30	23	24	24	21	

12	21	15	27	25	12	13	18	13	11	

14	25	11	10	22	12	11	26	29	11	

11	23	29	18	23	17	16	21	23	18	

11	18	30	30	17	16	21	24	14	27	

12	14	22	13	30	22	25	14	23	15	

28	23	18	25	27	16	19	30	12	10	

15	14	23	23	16	23	16	10	29	10	

29	14	24	29	13	25	16	21	16	10	

19	12	27	25	19	13	13	28	29	20	

18	11	19	24	30	13	28	13	13	19	

16	10	18	24	11	28	25	21	10	25	

16	20	13	21	29	24	20	25	12	10	

14	19	29	21	23	11	26	30	15	17	

30	23	29	25	20	12	19	18	22	28	

18	24	11	25	10	29	26	27	16	30	

28	23	18	18	20	26	24	22	18	10	

23	19	15	30	27	23	11	21	25	15	

24	19	29	13	21	18	28	13	17	14	

19	16	24	24	14	15	22	27	22	28	

12	22	14	23	14	26	11	30	22	21	

17	17	30	24	22	11	17	21	14	18	

27	26	30	18	26	16	17	24	22	27	

10	12	12	19	22	13	22	19	26	21	

26	30	21	25	29	18	10	19	18	14	

27	10	12	26	16	20	11	12	18	16	

29	10	12	11	22	21	16	12	12	10	

25	25	22	25	18	15	10	20	11	22	

14	12	27	23	14	14	25	15	10	11	

15	27	14	26	20	22	21	22	21	25	

28	18	14	23	29	15	11	27	21	25	

21	27	12	13	24	15	28	22	23	12	

27	27	18	11	19	15	14	22	27	21	

25	24	29	17	30	18	20	10	22	25	

15	26	30	22	14	24	13	13	28	26	

15	13	27	28	11	29	16	10	27	25	

11	17	18	27	17	26	28	17	28	21	

21	12	20	11	21	10	16	15	29	18	

30	30	20	12	28	13	23	18	23	10	

13	11	16	24	23	13	25	20	21	12	

28	25	30	10	28	26	27	18	20	14	

16	30	23	12	27	15	10	13	12	23	

28	28	30	29	18	17	12	25	24	25	

28	14	28	12	21	25	27	11	14	17	

29	23	11	15	18	23	29	25	22	26	

29	10	23	22	26	25	13	21	16	17	

26	11	20	14	11	11	27	18	11	12	

17	22	30	29	24	20	30	16	27	17	

25	25	14	14	10	11	22	18	17	23	

13	13	26	14	27	20	12	14	20	29	

18	30	18	25	10	12	16	17	20	25	

29	24	15	29	26	21	11	16	22	19	

11	11	28	22	11	19	26	14	29	14	

16	21	14	26	12	22	23	15	12	21	

12	25	23	25	28	30	24	21	27	11	

24	15	13	26	19	18	13	10	27	26	

21	14	18	30	11	12	12	12	11	28	

24	23	21	16	11	28	27	24	28	14	

10	21	18	29	23	17	23	10	20	22	

30	14	23	19	17	23	20	25	13	23	

11	16	27	22	15	15	10	27	23	27	

13	18	24	19	20	29	14	30	11	18	

22	13	16	21	14	29	26	29	23	18	

21	26	12	10	15	11	20	16	17	14	

30	24	30	26	14	26	26	13	15	19	

24	24	11	23	22	30	15	22	15	28	

20	20	13	25	17	22	21	18	20	30	

19	26	28	27	11	11	23	22	26	24	

26	10	15	11	11	26	15	12	16	21	

16	10	19	16	27	18	19	29	13	20	

24	21	16	17	12	16	12	13	17	17	

19	28	24	26	25	27	21	20	12	24	

25	22	11	30	27	16	25	22	25	13	

19	19	16	21	16	20	22	28	30	29	

29	12	16	30	23	26	18	24	13	24	

18	17	16	28	27	22	11	10	17	20	

23	16	28	18	11	26	15	16	30	28	

19	26	20	22	10	14	16	17	16	17	

24	20	13	19	26	22	17	19	30	28	

15	24	19	26	16	19	15	16	22	19	

15	10	11	26	10	13	22	24	17	20	

21	25	27	29	30	15	17	19	21	21	

15	29	18	16	17	22	15	17	21	20	

26	22	19	25	23	19	18	29	18	16	

21	21	10	18	22	16	28	29	10	10	

10	27	27	10	30	18	22	14	23	29	

11	27	25	15	10	17	28	26	15	11	

27	29	10	25	15	18	24	17	26	14	

13	26	25	26	16	13	24	21	28	22	

23	10	21	23	29	25	12	27	25	26	

21	20	12	28	22	27	14	27	12	17	

12	30	21	22	13	24	18	10	15	21	

23	26	30	22	26	28	25	15	30	25	

29	28	16	28	14	18	28	24	29	30	

13	22	10	20	20	14	22	11	10	23	

28	30	25	26	22	19	13	25	24	16	

10	30	18	20	10	20	26	13	26	13	

16	22	29	15	24	11	17	19	28	12	

10	18	16	13	17	11	17	15	19	11	

28	28	13	22	18	23	19	24	14	18	

20	20	30	19	11	20	24	30	30	19	

11	15	19	24	22	25	20	25	24	19	

16	27	27	25	28	30	18	22	19	14	

11	17	17	20	19	24	26	13	17	24	

19	26	28	20	11	25	17	11	13	12	

26	26	14	10	29	17	24	19	16	13	

14	15	10	30	25	21	23	25	20	26	

26	22	19	25	28	27	14	10	16	22	

25	22	14	17	12	17	29	22	17	25	

25	27	16	24	19	14	20	13	18	10	

15	25	13	10	21	29	16	16	11	30	

15	15	27	18	30	24	12	22	26	21	

24	18	28	22	22	27	29	24	13	25	

15	24	22	29	10	25	30	25	20	15	

27	24	28	20	17	13	11	26	10	12	

24	11	26	10	15	18	21	10	17	27	

28	12	30	13	10	14	20	21	21	29	

26	29	22	28	28	30	11	15	13	21	

10	11	18	29	12	22	19	29	16	24	

10	30	19	14	27	17	18	30	15	12	

22	10	22	12	16	22	15	12	23	29	

13	24	26	25	17	12	28	19	21	13	

24	13	21	18	19	15	10	24	25	18	

23	17	30	30	23	18	26	14	28	11	

16	25	18	11	29	29	26	10	23	16	

24	14	20	29	21	19	30	28	13	10	

29	12	15	26	27	23	18	22	23	24	

17	18	19	20	13	13	17	23	22	13	

21	21	29	20	23	16	24	18	13	25	

24	18	21	29	27	21	19	15	24	10	

10	25	12	11	16	16	27	18	21	21	

22	20	13	25	25	22	26	11	26	19	

13	13	22	25	24	16	18	24	30	27	

12	29	12	19	11	19	20	30	18	16	

28	10	27	15	26	13	27	17	20	14	

20	12	16	20	12	28	19	10	25	19	

14	14	20	16	13	22	19	24	30	27	

24	10	11	21	22	24	12	26	16	10	

20	30	25	16	29	18	27	23	25	22	

21	14	14	19	25	17	22	12	20	15	

16	28	27	24	30	26	12	22	21	17	

20	22	13	21	15	25	25	16	19	28	

15	24	23	21	15	27	18	10	20	27	

16	28	10	24	28	22	30	23	12	15	

26	15	21	17	18	10	15	24	26	15	

19	21	26	21	21	30	24	29	27	18	

23	26	25	15	24	25	20	14	17	29	

21	20	17	21	26	13	13	28	30	17	

12	22	25	10	26	20	15	26	16	13	

18	27	29	11	12	21	27	15	19	14	

22	18	22	18	28	18	24	11	20	20	

12	25	23	18	11	12	10	30	11	16	

11	14	19	16	15	11	15	14	27	13	

30	12	25	26	21	21	29	19	10	29	

13	28	29	18	15	27	24	26	27	25	

29	10	29	12	15	19	10	11	25	18	

21	16	27	19	14	10	25	24	27	30	

28	27	30	10	14	24	15	21	15	17	

24	14	27	15	15	12	14	18	29	30	

21	15	18	25	24	29	16	25	23	14	

25	15	16	13	15	24	21	12	11	15	

14	10	26	19	15	19	24	18	20	29	

23	10	18	13	25	18	11	30	27	27	

18	30	14	18	27	19	24	15	21	12	

27	19	26	11	19	26	21	20	16	25	

12	24	19	28	23	25	14	14	21	15	

28	15	23	13	11	26	24	19	25	14	

12	11	19	12	26	10	29	13	11	12	

18	29	13	23	19	28	14	13	21	10	

20	27	15	18	10	17	29	15	13	23	

11	26	22	18	23	10	12	16	30	12	

11	12	15	27	14	11	28	28	30	13	

11	25	12	26	27	10	24	15	11	18	

14	19	24	18	23	11	17	26	14	23	

21	13	30	19	19	10	17	19	30	15	

12	20	18	29	11	28	12	10	24	17	

10	22	27	13	22	25	20	29	22	30	

30	20	14	17	18	12	17	23	16	14	

19	16	22	11	15	13	28	16	30	14	

20	21	10	23	11	25	30	18	30	30	

21	21	28	22	24	18	30	24	27	19	

27	23	17	28	22	24	25	15	27	28	

10	27	17	11	28	18	29	22	10	19	

12	29	16	20	17	17	19	12	19	23	

15	24	29	27	17	29	12	16	27	14	

28	13	17	13	16	21	18	10	11	30	

21	13	29	13	15	21	27	10	23	15	

30	16	13	30	24	20	11	13	15	17	

30	17	25	21	21	18	30	23	21	11	

25	20	11	20	10	14	27	23	23	11	

20	24	24	24	13	22	14	24	23	28	

26	16	13	20	18	13	15	18	22	26	

15	18	17	27	16	19	11	16	24	29	

20	25	14	19	17	17	29	21	12	19	

10	29	14	25	25	15	16	13	26	11	

15	18	14	25	20	16	27	30	19	29	

16	20	20	16	15	24	13	30	20	24	

13	20	24	22	24	22	25	26	25	27	

18	20	25	10	30	20	25	21	20	27	

24	19	16	15	15	10	15	17	21	17	

18	15	29	12	10	25	13	23	16	30	

21	22	19	26	22	30	27	23	17	21	

22	12	30	23	16	22	19	14	24	27	

14	17	11	22	21	10	17	26	16	13	

10	21	13	25	15	22	13	10	26	21	

23	14	30	17	21	19	17	27	11	30	

20	25	30	27	11	28	17	14	11	15	

15	29	29	20	18	29	29	16	11	18	

28	12	14	14	13	16	28	22	18	20	

23	30	17	11	27	10	18	14	30	30	

19	27	27	20	30	23	17	29	29	26	

11	16	27	16	21	19	30	23	25	11	

26	13	23	18	22	20	13	27	29	22	

26	10	28	16	15	12	13	18	20	13	

23	24	15	11	22	23	16	15	17	27	

14	28	26	14	11	15	15	14	14	15	

22	16	18	16	29	21	12	30	26	10	

12	21	21	12	29	15	27	24	14	21	

19	22	30	28	14	18	28	29	24	29	

11	28	12	29	15	15	21	14	26	14	

14	30	11	26	19	19	11	23	11	15	

26	18	21	28	29	11	10	10	27	15	

20	30	22	26	20	12	12	12	21	18	

26	29	18	14	27	28	22	10	21	22	

28	10	10	14	22	15	29	26	21	15	

24	13	30	17	17	14	15	27	11	16	

14	23	19	12	21	25	21	20	20	19	

29	25	20	24	30	25	22	26	29	28	

27	14	12	23	18	22	14	26	14	14	

17	27	13	20	15	27	18	24	30	27	

16	25	25	22	23	24	18	12	10	26	

19	25	28	19	14	21	10	27	21	30	

12	25	25	22	22	10	18	11	25	19	

18	28	11	13	12	18	20	26	17	24	

25	16	18	10	14	12	18	26	19	11	

29	12	10	18	20	12	27	13	24	19	

13	19	29	14	29	22	28	21	29	19	

28	24	21	20	17	18	13	17	20	17	

30	17	28	13	26	29	19	25	26	29	

16	22	21	18	27	18	26	22	29	20	

27	23	20	10	26	23	24	14	25	19	

26	22	23	30	22	20	27	23	17	10	

11	13	23	25	18	18	23	12	29	13	

16	18	21	16	28	21	12	29	24	19	

22	29	12	13	30	23	24	26	23	11	

27	12	21	17	24	19	22	10	15	25	

23	26	24	12	17	27	22	13	19	24	

22	27	12	23	26	14	30	15	26	15	

21	30	25	10	18	13	16	11	28	10	

29	16	13	12	22	19	29	22	28	19	

15	16	21	20	18	10	15	25	12	27	

17	20	15	14	17	24	10	10	24	17	

15	11	27	17	15	21	30	10	23	16	

10	30	23	25	23	23	26	11	17	27	

10	15	19	30	14	28	17	25	19	15	

12	20	13	11	14	20	29	16	16	27	

22	21	30	10	22	27	12	29	10	29	

26	27	28	26	28	12	27	15	13	17	

27	11	29	15	11	15	11	23	11	17	

21	23	24	17	13	21	11	26	19	17	

18	29	28	23	13	21	28	23	23	14	

17	13	26	26	18	25	24	16	23	27	

20	12	23	23	20	20	28	28	28	16	

10	24	19	10	17	14	16	27	24	16	

29	15	11	19	26	28	10	27	10	15	

12	11	12	19	24	19	15	15	18	25	

12	26	21	22	25	19	20	29	17	29	

27	28	12	12	14	17	11	18	22	12	

28	16	15	16	14	28	12	11	30	11	

27	28	11	13	13	15	28	30	25	13	

14	25	30	23	29	25	30	27	17	21	

18	29	10	15	11	15	21	14	18	28	

15	30	19	16	22	15	29	21	22	19	

11	29	20	17	21	26	13	18	27	24	

13	28	11	13	26	24	16	28	30	25	

25	19	10	24	20	12	16	22	22	18	

26	28	23	16	18	18	24	15	26	30	

18	28	19	13	10	24	19	11	28	16	

10	29	28	21	17	18	23	16	21	22	

23	19	28	10	15	22	29	19	19	13	

23	10	16	21	15	24	21	20	23	13	

17	15	30	20	28	20	22	12	28	10	

22	30	15	10	28	25	27	21	26	14	

19	16	27	10	14	23	30	25	17	30	

15	21	23	29	25	29	20	13	12	16	

20	16	19	19	17	29	29	26	10	20	

14	19	14	25	14	20	12	14	22	18	

17	18	25	20	25	28	13	10	16	23	

26	19	15	11	19	15	25	22	17	20	

23	15	22	11	27	28	25	29	13	27	

28	15	14	15	27	14	27	23	17	23	

23	30	27	20	18	10	17	11	11	18	

20	19	16	20	21	28	26	25	23	11	

16	15	25	24	14	23	15	19	28	11	

21	24	22	18	17	29	25	25	23	27	

25	18	16	12	28	18	10	10	20	24	

28	16	10	10	13	30	16	16	30	13	

17	28	23	30	22	23	29	24	11	17	

22	15	25	20	12	16	29	22	19	10	

16	11	12	20	26	26	10	24	10	17	

23	13	17	15	20	12	20	27	18	19	

28	20	11	12	29	10	29	20	16	14	

21	13	27	19	29	15	14	21	29	10	

27	10	22	30	14	27	20	15	25	28	

17	11	29	25	13	11	15	28	10	15	

26	16	26	21	30	18	23	14	18	28	

19	17	26	15	26	13	24	22	20	11	

13	21	20	11	27	25	25	23	12	30	

20	21	20	25	17	22	19	19	11	27	

29	21	15	17	12	11	30	13	25	30	

18	19	21	15	20	29	23	15	10	22	

26	17	20	19	13	14	13	23	21	16	

11	30	22	22	14	18	19	26	11	11	

27	10	12	20	25	19	15	14	16	28	

29	20	12	27	23	18	24	10	18	27	

21	30	27	19	12	15	27	14	11	21	

29	12	24	28	30	30	23	20	10	10	

23	14	17	30	12	10	19	18	20	15	

22	29	22	15	27	22	22	29	20	24	

30	22	26	20	18	24	14	21	17	30	

22	11	17	26	27	29	10	30	28	12	

11	19	30	13	24	30	26	10	17	25	

23	18	27	26	15	30	20	30	15	14	

22	22	21	29	20	28	17	23	23	19	

28	18	17	21	29	16	21	28	14	17	

19	22	26	15	22	22	29	14	15	29	

12	23	19	15	17	10	28	24	12	10	

26	22	29	13	30	27	17	30	13	23	

14	15	14	20	22	19	29	18	15	30	

22	13	12	15	28	12	16	16	24	24	

30	14	22	25	10	26	16	19	12	30	

12	23	14	12	21	16	18	30	12	30	

12	30	19	13	22	25	12	11	25	14	

24	15	14	23	30	24	14	25	18	26	

25	24	29	15	25	20	12	29	28	16	

11	23	15	10	14	15	22	28	29	16	

20	20	28	20	22	10	29	29	14	16	

28	25	24	13	12	29	21	19	25	17	

27	28	18	12	26	26	16	15	19	11	

19	17	26	10	15	29	27	11	25	18	

27	24	29	22	21	27	13	15	12	18	

20	18	30	28	13	19	22	16	13	16	

25	23	11	27	14	12	22	30	12	17	

24	21	30	28	25	30	25	28	21	22	

11	19	11	28	29	23	18	10	12	17	

25	27	13	22	17	10	11	22	16	25	

16	29	21	18	18	15	30	28	27	13	

24	28	26	10	23	19	22	23	26	29	

12	20	19	29	17	15	30	29	13	13	

26	24	27	18	24	26	23	29	15	18	

24	30	15	29	19	30	29	24	16	14	

30	11	22	14	17	29	11	21	10	15	

13	24	21	15	25	13	20	12	21	13	

17	28	10	28	14	15	10	30	16	17	

14	15	13	25	18	19	28	23	13	20	

19	19	25	16	24	18	19	29	26	11	

12	17	23	15	15	15	26	22	22	16	

18	23	22	11	15	18	14	10	19	10	

12	13	13	20	16	24	26	12	28	27	

29	13	16	16	23	24	29	10	13	12	

23	25	12	16	18	22	15	12	18	24	

14	28	16	26	25	23	27	17	19	24	

28	20	19	28	18	28	22	30	16	11	

11	20	18	22	19	23	14	29	22	26	

12	15	12	27	18	30	26	25	10	27	

16	17	18	17	26	15	28	18	13	29	

23	27	15	20	11	12	26	11	27	10	

16	28	30	28	22	22	13	20	18	19	

15	12	30	29	24	25	25	15	21	18	

17	26	11	15	22	15	20	26	18	26	

28	20	20	29	24	24	20	20	22	18	

15	18	29	27	28	12	26	10	21	23	

20	29	30	10	25	23	28	14	29	25	

12	17	25	25	15	28	28	23	11	29	

29	28	11	16	21	22	14	15	23	20	

21	14	23	13	15	16	11	17	10	17	

18	13	27	21	25	12	25	17	16	18	

21	11	15	17	23	21	18	19	24	15	

11	22	22	14	11	12	28	13	29	22	

21	20	24	12	19	14	20	14	11	18	

13	27	13	11	12	14	18	27	27	24	

18	30	27	17	15	24	17	28	29	13	

12	13	20	27	14	18	14	12	10	13	

29	12	24	19	19	18	14	19	17	13	

29	20	11	16	12	19	16	26	15	17	

29	25	14	28	13	24	23	18	12	30	

16	19	20	10	28	17	13	17	23	23	

19	19	29	16	14	24	26	10	16	18	

22	22	28	20	15	11	21	17	11	19	

19	30	26	25	29	11	10	26	11	15	

15	29	11	28	27	28	14	26	25	28	

15	26	30	20	15	30	27	17	28	10	

26	21	16	13	21	16	10	12	12	17	

24	10	21	18	18	24	23	19	27	14	

18	10	13	28	29	14	30	23	29	22	

25	29	20	24	29	13	24	26	12	28	

18	25	16	29	17	23	14	24	14	16	

21	25	27	12	12	10	24	25	17	11	

28	22	26	13	18	11	12	18	14	15	

19	11	11	24	28	23	25	13	30	21	

15	29	16	25	18	12	22	12	15	13	

13	28	28	12	25	20	17	24	28	12	

16	10	24	30	17	29	17	20	22	17	

24	17	17	17	12	15	11	23	18	27	

17	13	21	29	19	14	26	21	12	13	

19	10	22	29	10	23	12	14	29	30	

20	12	20	28	13	16	19	30	10	20	

20	21	10	20	10	14	13	12	19	21	

21	18	21	23	13	12	25	28	13	12	

18	14	19	26	13	10	10	21	21	12	

27	30	19	25	30	14	29	14	12	24	

11	24	15	11	21	29	22	24	28	16	

22	10	14	15	28	26	23	18	29	18	

17	10	23	19	28	21	28	16	21	25	

23	17	19	30	16	16	21	12	12	20	

15	11	26	13	26	19	11	21	24	17	

14	11	24	13	22	19	30	24	30	17	

25	19	13	29	25	27	27	23	21	29	

21	29	22	25	27	29	25	19	19	24	

13	13	15	23	11	15	20	28	13	22	

26	26	24	19	29	25	27	11	15	11	

15	29	23	25	11	21	18	20	29	28	

11	27	20	18	29	13	20	30	23	29	

30	13	22	23	19	21	11	30	27	25	

24	28	29	20	27	13	24	27	16	17	

19	22	10	11	14	30	15	27	28	30	

28	12	27	28	25	12	19	25	20	22	

14	27	16	30	21	23	10	25	28	11	

27	23	15	19	28	25	24	11	23	18	

20	30	26	11	19	25	29	30	13	19	

24	16	27	29	27	27	10	24	12	14	

18	11	21	27	24	21	12	30	25	12	

20	17	28	30	20	30	29	21	19	22	

27	11	29	18	21	30	10	25	21	22	

22	29	28	29	12	16	12	11	17	30	

27	27	25	10	10	11	13	24	23	18	

26	11	28	26	21	27	18	22	13	18	

24	18	24	19	14	23	21	28	16	17	

22	19	17	25	20	29	21	30	22	24	

30	20	11	27	15	25	10	18	12	13	

28	25	12	17	23	22	17	12	27	15	

20	17	12	29	28	14	11	17	11	23	

22	26	10	22	12	22	28	25	28	18	

10	26	17	14	22	22	13	27	29	20	

10	22	17	16	16	27	29	27	24	28	

10	12	22	11	10	30	14	27	15	29	

26	28	15	18	13	20	30	27	24	27	

18	30	11	27	11	24	30	24	15	29	

20	30	21	22	30	16	14	20	18	22	

17	25	22	26	13	29	14	17	21	27	

16	10	19	21	29	18	13	27	16	22	

29	15	22	24	20	20	25	19	13	22	

19	12	27	26	19	11	29	26	26	12	

15	18	27	29	15	23	18	16	20	19	

30	16	18	11	25	16	18	13	13	14	

15	25	19	12	28	13	23	20	29	23	

30	29	29	18	10	27	12	15	24	27	

21	28	16	21	25	13	21	13	19	11	

16	27	23	30	14	30	28	18	14	23	

18	23	20	13	30	11	19	22	30	12	

13	20	21	14	29	12	12	20	18	19	

29	29	30	18	27	30	17	24	14	26	

22	13	17	23	10	15	19	13	27	16	

28	29	23	25	22	13	14	17	23	14	

16	29	21	20	25	24	19	17	23	19	

12	25	22	19	19	19	20	30	10	19	

23	19	13	21	18	26	19	30	26	29	

22	16	10	12	17	29	10	15	12	18	

18	10	17	26	18	23	18	30	11	21	

27	14	29	23	11	27	29	12	12	14	

22	27	28	20	19	17	18	21	18	24	

13	10	25	26	16	26	12	28	16	26	

12	14	14	27	14	23	27	29	25	23	

17	15	14	15	21	14	25	13	21	30	

26	28	16	13	24	29	30	27	11	15	

17	27	19	30	20	23	26	12	24	28	

18	11	12	20	13	16	25	30	14	28	

21	12	17	17	25	27	27	30	12	13	

28	12	18	18	14	13	25	13	26	23	

11	25	20	17	16	23	26	25	16	14	

20	28	26	26	28	28	19	29	13	30	

15	12	30	19	30	17	20	24	24	14	

24	17	29	24	22	26	13	19	11	28	

17	17	27	15	25	22	19	27	26	21	

30	22	14	16	18	23	14	20	18	20	

15	14	12	23	26	21	29	13	28	13	

24	21	12	25	26	18	23	11	21	25	

11	23	22	26	17	28	23	14	27	19	

23	30	30	19	14	10	14	13	11	15	

11	24	10	30	12	29	16	26	19	25	

29	18	19	20	16	30	19	23	15	24	

30	19	20	16	25	24	22	15	12	14	

11	29	26	24	19	27	29	23	14	27	

19	24	26	18	22	11	23	10	18	30	

26	19	20	26	16	18	22	30	21	30	

14	21	24	15	22	20	12	10	23	27	

21	15	10	12	16	26	26	22	21	13	

14	20	18	27	11	20	20	19	25	28	

26	22	22	13	25	26	18	16	13	26	

20	15	23	26	26	20	10	12	30	13	

21	11	27	17	28	25	11	21	25	19	

21	16	15	20	28	14	21	30	14	28	

30	22	26	14	18	18	22	14	16	24	

23	30	19	28	20	17	22	29	29	10	

19	29	30	18	19	18	15	24	28	24	

10	24	12	27	10	10	27	21	28	19	

22	23	15	23	16	30	23	27	29	10	

18	26	28	18	24	26	29	14	11	23	

19	30	23	26	25	17	10	25	17	28	

14	22	29	22	23	13	11	18	30	28	

30	26	24	22	27	27	23	12	18	19	

21	18	22	28	13	29	12	22	11	25	

12	10	30	25	10	14	22	11	27	30	

19	13	25	27	21	12	10	25	15	30	

13	16	15	28	26	21	27	24	19	25	

26	19	28	25	26	20	12	15	21	29	

14	29	17	13	28	10	24	15	27	14	

18	25	23	11	17	12	10	25	12	10	

13	24	20	21	10	12	29	29	13	20	

10	25	23	17	17	27	24	30	15	13	

12	16	12	18	28	13	18	20	24	10	

24	19	22	15	24	22	27	17	16	27	

27	20	11	11	24	24	14	10	27	26	

11	14	27	17	29	13	21	16	27	16	

28	22	17	22	22	11	24	24	10	17	

11	19	19	30	30	12	21	28	24	27	

10	21	13	16	19	12	18	10	23	18	

20	29	26	10	22	29	29	17	11	25	

21	21	22	16	11	22	18	21	13	10	

22	14	25	13	18	14	30	22	27	22	

17	27	14	10	30	24	23	27	17	26	

24	19	14	18	25	12	28	29	27	13	

18	16	22	20	11	17	16	23	30	12	

20	19	27	27	25	13	11	12	13	12	

12	15	28	17	30	12	28	21	19	13	

15	23	27	10	29	22	30	17	15	26	

21	27	26	12	12	15	12	17	14	21	

26	19	16	21	26	10	12	28	30	29	

14	15	23	23	12	22	27	25	20	17	

27	24	13	22	11	15	24	24	11	29	

28	24	15	24	20	19	22	16	18	28	

17	14	19	28	25	17	27	15	15	20	

14	24	24	15	15	14	16	27	16	23	

20	30	29	25	15	26	18	15	30	18	

14	27	25	11	22	10	29	24	22	12	

25	30	10	17	19	14	21	15	16	21	

17	18	18	18	15	15	11	29	25	21	

16	29	11	26	18	18	30	16	21	23	

29	21	11	30	17	24	11	26	19	19	

10	10	15	25	29	28	16	12	21	22	

22	22	11	29	16	14	15	22	14	27	

17	14	15	30	18	12	15	28	21	14	

30	27	16	20	27	15	19	17	12	15	

25	12	11	18	28	15	21	18	16	25	

30	29	15	11	19	20	18	11	28	21	

17	22	26	28	25	28	14	16	23	29	

14	23	21	25	20	30	15	24	30	27	

25	25	21	12	12	26	19	22	13	27	

17	25	18	23	23	11	18	17	19	13	

29	22	22	22	15	11	21	29	22	20	

28	18	14	29	16	26	30	27	15	27	

23	13	12	19	10	22	18	30	28	17	

15	17	26	11	26	13	22	26	22	25	

10	10	21	22	13	30	24	24	21	14	

25	15	26	27	11	26	25	16	28	11	

21	17	16	13	28	29	20	18	21	20	

29	12	19	22	11	13	16	22	16	27	

22	21	29	21	24	26	23	27	19	13	

24	14	27	21	20	19	23	12	14	15	

21	14	13	15	30	29	20	24	24	12	

15	10	26	26	12	26	26	16	15	14	

14	13	18	23	28	19	26	17	11	21	

11	29	17	19	28	11	17	22	30	13	

24	30	29	26	29	25	22	20	23	12	

11	26	23	11	24	26	20	17	27	18	

14	16	20	29	18	20	10	17	15	29	

21	25	13	20	17	17	22	22	12	28	

13	28	12	19	19	15	18	24	22	15	

10	23	16	19	11	21	29	17	30	27	

19	21	22	17	29	24	29	15	19	25	

24	20	30	27	18	29	25	25	26	13	

25	14	25	20	17	14	16	11	27	17	

26	15	23	28	26	23	14	28	18	29	

13	22	18	25	17	30	16	14	27	13	

11	12	29	17	11	14	10	21	15	21	

21	28	10	29	29	22	22	15	21	18	

25	26	25	16	16	15	12	21	13	10	

11	21	19	17	23	14	23	22	26	27	

16	19	26	10	29	16	20	16	16	13	

24	23	13	26	26	17	20	17	30	12	

17	16	11	16	30	12	13	21	12	22	

16	10	20	15	12	14	11	11	22	15	

20	12	10	25	30	28	24	28	26	14	

16	14	21	28	20	11	26	11	30	21	

19	27	11	15	25	30	23	24	24	24	

12	17	10	28	14	29	28	19	17	21	

21	28	27	26	19	24	26	19	23	28	

23	21	29	21	24	22	18	18	18	22	

16	26	12	23	17	17	15	14	18	24	

19	16	27	24	28	29	11	14	17	15	

18	22	22	29	12	22	14	20	23	22	

25	13	22	19	29	16	27	29	11	29	

11	23	11	28	17	28	10	13	12	23	

30	11	14	27	17	15	14	19	16	12	

19	14	29	20	17	14	27	15	13	17	

12	24	17	16	14	19	24	13	14	23	

23	13	29	11	16	28	16	12	11	21	

25	12	16	25	13	16	20	30	30	19	

19	15	13	20	14	27	29	16	30	27	

25	22	12	12	17	19	26	17	23	26	

25	16	11	16	19	16	19	26	15	13	

29	27	19	12	22	23	17	20	22	17	

26	16	26	22	16	23	30	19	26	29	

16	15	18	15	13	27	20	25	15	26	

27	16	18	23	13	12	25	10	18	11	

16	20	25	20	19	16	29	28	11	11	

17	14	18	15	12	17	20	10	29	16	

10	26	27	19	19	14	17	29	15	25	

26	10	24	22	16	20	19	10	23	23	

24	22	10	11	22	18	15	22	18	28	

25	20	22	27	25	12	27	14	20	25	

17	29	26	25	19	30	17	17	13	30	

21	15	28	13	17	23	19	26	27	28	

15	21	25	24	21	25	13	26	22	10	

10	29	18	13	19	27	18	15	12	22	

21	23	24	15	22	21	10	12	24	18	

26	19	23	18	12	10	29	30	27	29	

12	22	16	19	14	23	15	30	26	17	

15	24	17	22	28	10	18	17	12	21	

12	13	21	17	10	14	12	16	24	19	

14	26	26	10	18	26	16	12	21	10	

23	11	17	22	13	23	27	17	20	13	

26	28	17	12	12	11	16	15	18	18	

16	12	24	24	26	24	17	25	14	29	

19	22	16	18	27	17	19	26	19	22	

12	23	26	22	22	25	15	21	21	24	

12	11	12	21	29	20	29	16	25	20	

23	14	11	12	10	13	10	19	21	22	

14	27	18	17	22	12	25	20	10	29	

10	29	11	28	26	11	19	18	27	24	

21	14	11	14	23	26	11	21	30	20	

28	16	23	22	10	14	23	15	12	20	

