1089	4


10937
10716
11005
10936


98
77
58
60
56
74
94
59
52
83
76
62
55
78
60
69
74
66
74
82
89
94
83
91
59
96
52
96
94
79
51
78
88
84
52
77
90
62
75
72
53
72
97
97
60
83
92
89
74
58
65
83
96
100
75
53
95
81
53
62
89
98
77
74
83
94
99
70
70
65
58
96
98
65
68
59
84
84
60
68
71
68
83
76
91
85
71
51
78
93
57
53
93
96
90
90
76
73
79
53
64
55
95
78
56
56
98
89
62
61
51
94
56
82
57
62
76
83
79
85
85
79
81
82
53
74
78
61
65
74
77
69
86
99
89
65
64
98
51
88
96
70
68
59
97
56
78
54
83
69
96
61
79
79
99
61
65
92
86
77
70
87
53
92
83
82
51
72
54
97
83
77
59
62
67
96
70
67
95
84
91
80
100
79
65
91
71
72
51
80
88
98
50
88
51
77
73
82
86
51
65
67
98
86
95
79
63
92
87
86
54
100
72
71
98
80
94
51
80
90
52
87
72
93
69
51
78
57
75
94
51
69
64
67
52
81
59
84
55
51
73
71
52
96
59
89
99
81
54
94
96
100
94
73
70
76
86
65
50
71
57
63
94
61
96
98
95
58
94
90
98
54
50
53
62
96
52
93
90
94
81
74
82
56
59
98
76
84
60
60
85
95
65
85
71
71
83
57
61
93
69
83
66
97
53
98
68
52
97
96
66
84
59
68
89
96
58
77
69
86
62
96
59
95
75
63
67
86
66
69
66
93
81
50
62
57
88
62
100
78
95
68
70
66
60
63
86
91
93
94
59
86
71
74
54
85
95
50
90
63
87
50
51
58
51
64
85
53
53
71
57
59
92
99
91
75
80
86
72
89
96
80
74
88
79
79
83
95
78
64
74
66
74
91
62
66
92
79
74
52
83
51
55
97
55
90
84
99
73
96
99
67
97
92
72
72
61
78
73
91
67
50
95
52
50
94
81
81
98
51
50
76
83
67
83
52
63
91
75
76
72
98
73
95
95
95
81
54
83
100
57
92
88
90
62
57
95
52
72
67
68
54
81
55
70
51
96
52
95
61
92
97
99
83
99
73
92
68
63
93
100
72
83
91
98
74
56
68
99
59
92
88
63
97
55
87
86
94
52
99
82
58
87
82
66
52
100
66
59
85
65
66
76
67
86
70
84
77
80
57
58
79
61
78
66
84
80
94
85
92
99
87
65
78
80
96
71
67
88
54
81
51
53
79
99
93
89
71
72
82
50
58
93
66
78
69
81
95
59
91
77
86
89
86
86
68
70
85
73
62
79
94
92
98
65
76
58
74
65
63
87
50
59
75
79
76
87
99
61
67
73
97
54
78
62
90
79
94
88
66
86
91
71
93
59
62
67
95
67
89
93
69
96
64
50
57
70
50
97
67
84
68
71
93
74
50
94
75
50
62
80
69
50
98
55
87
100
73
98
66
88
57
98
53
51
99
91
96
62
99
59
92
59
98
59
85
75
67
84
90
71
84
70
72
100
56
53
56
68
83
79
60
84
79
54
70
85
89
85
73
52
64
82
85
92
82
95
95
62
89
60
67
76
86
62
93
89
68
67
61
84
87
50
89
100
75
72
87
87
73
68
98
90
50
64
64
54
50
86
52
73
82
68
61
76
61
83
97
86
89
69
92
89
61
78
90
64
65
70
50
79
59
94
50
96
99
86
54
53
78
59
77
81
52
85
88
82
67
73
63
66
85
71
91
60
81
85
78
75
76
50
78
56
83
64
93
57
75
55
69
55
94
62
86
82
86
64
85
65
100
92
79
65
55
65
64
87
89
63
94
71
52
54
60
85
100
74
59
81
78
68
73
100
63
56
88
98
98
56
100
75
63
72
86
60
56
51
81
92
50
77
56
56
87
87
52
62
68
62
59
77
84
74
75
81
68
55
92
89
96
65
67
75
78
57
75
89
74
60
63
92
72
74
74
87
97
66
89
80
84
58
68
59
94
89
96
71
94
50
67
55
74
98
88
84
55
53
82
81
92
63
54
50
100
61
75
68
65
66
63
82
61
67
99
61
94
95
98
95
96
100
77
69
56
58
71
83
93
90
100
80
64
68
70
92
64
55
71
85
63
84
76
76
88
83
79
79
92
67
89
53
71
76
56
96
87
84
69
89
88
96
99
56
88
57
74
81
93
91
56
74
87
96
73
69
100
73
76
87
76
75
69
56
74
80
94
82
86
52
52
67
74
56
97
64
96
98
97
58
83
95
92
82
73
57
90
94
58
66
96
73
59
76
99
71
84
61
74
58
95
79
78
84
83
59
63
60
69
86
99
75
60
88
73
82
94
50
85
50
56
78
51
62
56
80
59
87
61
90
63
93
54
80
58
93
96
51
71
51
75
82
89
55
68
53
92
52
69
70
52
56
94
90
67
96
97
96
53
88
85
97
74
78
61
94
70
52
70
95
93
54
70
97
69
73
79
52
66
52


17	16	19	24	

10	25	28	24	

17	11	18	19	

21	29	27	12	

23	29	14	22	

10	23	17	29	

17	23	28	17	

19	30	13	26	

30	10	12	25	

25	24	23	11	

30	16	20	24	

21	13	29	13	

18	28	30	25	

12	30	23	15	

14	18	22	24	

13	22	29	14	

30	20	13	24	

21	14	30	21	

24	20	18	26	

17	14	17	18	

10	21	11	20	

29	19	26	26	

14	21	29	22	

26	21	23	14	

21	25	20	15	

22	12	23	26	

19	13	13	26	

26	17	30	11	

16	19	20	10	

30	19	24	12	

29	15	15	18	

25	16	28	20	

22	30	15	29	

14	11	18	22	

19	30	26	13	

12	25	26	11	

15	12	12	26	

27	16	10	18	

26	16	15	11	

17	14	30	24	

28	25	19	16	

17	28	30	29	

19	15	11	19	

29	18	30	16	

25	26	20	14	

22	27	13	28	

21	27	18	16	

15	14	27	11	

26	25	24	28	

13	26	30	21	

23	22	25	17	

29	14	30	12	

27	29	30	16	

12	18	21	14	

25	16	10	29	

24	30	14	25	

14	10	24	16	

26	17	29	20	

19	30	21	21	

28	17	21	23	

29	17	11	13	

18	30	27	13	

14	27	27	16	

16	22	11	21	

11	12	27	22	

23	17	18	23	

16	19	22	12	

25	15	25	22	

30	25	30	15	

22	13	12	25	

19	27	25	25	

13	28	21	25	

17	22	16	22	

10	26	23	11	

18	19	15	27	

21	27	11	30	

19	11	30	12	

11	15	14	14	

29	14	10	27	

27	13	27	13	

27	28	10	17	

22	21	30	30	

14	22	15	12	

12	26	26	23	

20	22	21	23	

30	25	22	26	

22	14	30	29	

22	29	17	10	

30	25	30	16	

27	20	22	13	

17	20	12	17	

20	11	23	22	

21	30	14	25	

24	23	28	13	

18	23	12	27	

11	15	15	25	

11	26	14	23	

23	25	25	26	

19	11	18	19	

28	22	26	26	

27	16	15	29	

24	21	14	25	

19	17	29	27	

26	12	18	15	

25	28	18	10	

19	17	20	18	

23	22	29	24	

13	16	24	18	

14	26	22	29	

17	22	12	17	

17	13	11	14	

29	14	30	18	

17	22	27	24	

28	30	17	20	

17	24	19	12	

26	26	17	21	

28	21	24	26	

24	30	19	28	

15	24	10	19	

14	16	29	15	

21	21	17	16	

19	19	28	30	

16	18	13	26	

23	24	30	20	

21	13	16	30	

24	14	17	30	

16	29	28	20	

30	13	19	25	

13	23	15	21	

17	15	10	26	

23	28	21	30	

17	18	15	21	

16	23	20	28	

10	14	21	15	

27	30	27	11	

18	12	28	17	

30	23	12	11	

21	27	18	24	

30	26	28	13	

22	30	12	15	

18	14	11	30	

21	22	16	23	

25	19	14	18	

27	10	11	10	

30	21	18	14	

11	11	25	24	

19	25	17	18	

19	26	14	27	

17	15	22	18	

21	22	22	11	

27	20	12	22	

14	28	28	17	

21	30	14	16	

20	20	20	28	

10	15	13	15	

12	17	24	27	

20	13	26	27	

28	28	20	22	

16	25	28	24	

22	26	21	12	

23	19	28	23	

16	13	29	19	

19	18	22	17	

22	20	13	23	

18	20	23	17	

27	23	15	11	

11	14	25	11	

30	12	25	24	

14	23	17	15	

16	25	12	13	

15	12	25	20	

28	25	19	21	

25	21	30	15	

13	24	14	16	

23	26	10	30	

15	28	27	24	

29	18	12	28	

15	20	25	28	

29	23	24	18	

19	19	16	30	

27	22	23	26	

30	10	23	20	

18	22	24	28	

29	29	18	24	

10	20	26	15	

18	26	16	14	

13	16	23	26	

10	24	25	14	

17	26	15	17	

16	29	13	27	

16	27	22	13	

30	13	13	30	

28	20	28	28	

28	16	10	14	

18	19	15	19	

21	11	19	29	

19	16	24	27	

23	13	24	28	

21	26	27	15	

25	10	20	15	

19	11	28	28	

14	13	19	27	

22	22	25	30	

29	22	20	14	

26	27	21	24	

19	11	25	28	

11	14	20	25	

26	21	27	29	

22	15	10	17	

19	29	15	22	

25	15	20	25	

23	14	15	12	

10	26	12	27	

16	25	24	10	

15	25	15	14	

16	21	17	19	

14	29	21	15	

29	28	17	12	

18	13	24	15	

20	19	13	10	

25	21	14	28	

28	19	11	19	

27	21	20	11	

30	20	13	18	

13	17	22	21	

22	25	18	18	

17	23	27	16	

12	21	19	17	

19	10	10	12	

17	27	23	14	

14	12	12	17	

17	17	22	23	

17	11	30	15	

24	14	22	30	

28	22	16	29	

14	21	27	25	

28	17	27	13	

25	24	22	16	

24	30	11	18	

29	22	16	24	

13	22	24	19	

21	14	29	18	

25	20	20	14	

14	19	15	16	

16	14	13	15	

30	28	10	27	

20	17	16	20	

17	22	21	24	

21	16	18	30	

19	22	18	25	

23	20	20	14	

15	17	14	18	

25	21	29	16	

28	24	20	21	

26	22	18	26	

27	23	22	20	

10	14	14	12	

10	25	16	17	

21	29	19	30	

13	11	20	15	

21	11	16	20	

25	19	16	14	

19	19	13	15	

15	16	16	16	

22	18	24	22	

27	12	10	29	

18	26	12	17	

23	21	13	13	

30	21	15	27	

22	12	28	11	

30	22	14	13	

14	14	27	26	

12	11	26	30	

25	29	18	24	

29	30	20	18	

28	15	23	23	

18	30	22	18	

24	21	12	28	

25	21	26	17	

13	26	14	28	

13	28	18	16	

20	13	15	26	

25	13	20	13	

21	28	22	13	

28	22	21	21	

14	22	29	23	

10	27	28	12	

27	12	28	25	

17	29	28	23	

12	21	23	24	

22	22	10	24	

16	10	17	24	

23	14	10	20	

12	25	24	22	

29	16	14	27	

13	28	22	26	

17	13	23	16	

16	11	10	28	

18	17	23	22	

10	29	19	16	

27	24	19	27	

18	17	17	26	

13	10	23	24	

12	17	29	12	

25	14	29	14	

19	24	26	29	

13	24	16	13	

15	20	18	16	

17	20	13	30	

17	12	17	22	

10	13	29	15	

19	20	29	30	

20	21	14	30	

17	20	19	19	

21	29	30	10	

25	20	10	11	

20	26	18	20	

15	11	26	23	

24	23	23	19	

12	24	22	17	

16	11	11	13	

18	18	23	30	

19	23	24	14	

28	16	15	14	

12	23	26	27	

19	28	13	29	

13	13	22	19	

24	16	20	21	

13	22	27	27	

22	11	16	20	

28	11	29	17	

27	20	24	13	

14	10	13	23	

13	14	28	15	

10	15	11	22	

14	27	27	24	

21	22	21	16	

28	20	25	20	

26	15	30	16	

29	22	21	19	

13	28	17	26	

22	10	15	19	

21	28	23	11	

22	18	12	20	

11	12	20	16	

12	20	20	20	

12	24	18	26	

17	30	20	14	

26	23	17	12	

17	25	20	30	

25	27	26	19	

25	22	30	19	

23	12	27	24	

10	26	25	15	

11	16	18	13	

19	20	14	30	

13	16	21	30	

17	12	14	16	

22	15	25	29	

27	18	12	18	

13	28	28	30	

11	23	22	14	

14	22	30	28	

20	25	10	21	

25	16	12	29	

15	11	29	25	

17	18	20	27	

25	14	16	28	

30	28	28	25	

17	18	17	25	

20	15	21	29	

21	19	29	21	

27	26	15	25	

22	11	24	24	

14	24	17	14	

16	26	18	18	

22	24	21	29	

23	30	15	16	

24	29	27	18	

27	22	25	27	

17	12	28	21	

24	16	12	29	

23	22	21	18	

14	17	21	28	

21	30	21	23	

13	11	10	25	

30	17	24	17	

20	24	25	14	

21	29	16	16	

29	25	24	20	

10	17	19	23	

21	26	12	17	

16	15	12	25	

14	30	12	12	

19	14	30	12	

25	12	30	21	

25	20	25	11	

26	12	14	23	

22	29	15	27	

22	21	20	19	

19	14	14	16	

11	24	22	10	

10	14	15	12	

23	28	22	18	

26	21	10	27	

29	16	17	17	

23	29	29	28	

15	16	10	13	

20	29	19	14	

22	23	30	27	

23	14	24	16	

23	26	22	22	

14	16	27	25	

13	19	26	26	

13	24	19	10	

20	19	16	11	

19	11	18	22	

16	14	10	10	

12	26	26	29	

17	22	29	26	

10	13	27	10	

10	15	24	23	

10	24	15	13	

18	16	26	15	

17	16	24	11	

15	24	20	18	

23	16	20	20	

27	15	12	14	

28	30	19	21	

18	10	11	21	

14	20	14	30	

15	25	18	22	

20	21	10	29	

15	14	30	11	

30	29	28	15	

21	22	16	29	

11	14	21	14	

10	21	20	13	

20	21	15	23	

27	12	21	30	

21	17	23	12	

24	26	17	26	

17	23	26	15	

13	25	15	23	

18	14	12	28	

15	24	28	23	

12	28	29	27	

14	11	11	10	

30	18	29	30	

29	16	15	22	

29	10	28	15	

14	17	19	10	

23	12	12	27	

23	18	22	15	

23	19	15	24	

24	30	17	15	

11	21	28	11	

12	11	30	25	

24	20	25	29	

28	17	30	27	

30	12	17	24	

25	28	19	29	

26	16	19	25	

13	10	10	25	

14	27	22	23	

18	22	28	16	

28	22	19	25	

30	24	20	26	

12	13	30	19	

24	22	30	20	

21	23	30	22	

13	30	23	28	

14	10	19	18	

17	13	18	19	

26	18	28	20	

30	27	20	22	

14	21	24	18	

13	29	13	20	

15	15	24	30	

26	16	14	11	

21	20	20	12	

15	25	24	10	

12	22	25	20	

30	12	10	27	

25	12	26	15	

18	16	30	30	

27	10	22	29	

25	22	23	16	

14	12	24	15	

13	18	29	15	

28	18	17	21	

13	13	12	15	

20	16	29	28	

17	19	26	15	

15	25	28	11	

25	20	18	21	

25	15	13	11	

19	25	28	28	

19	29	28	10	

19	24	20	20	

16	13	24	18	

11	21	10	20	

24	16	26	13	

27	16	26	25	

26	16	22	27	

23	15	27	13	

30	27	12	30	

13	24	24	13	

20	26	24	30	

23	17	19	19	

10	18	20	12	

29	19	27	10	

27	21	23	22	

18	20	29	15	

11	14	19	14	

25	29	13	13	

29	24	20	14	

23	15	20	30	

10	19	24	22	

12	13	29	15	

21	12	20	11	

19	21	28	18	

21	10	16	15	

12	29	19	17	

22	27	24	12	

10	27	26	11	

10	10	15	30	

13	19	17	12	

25	28	11	20	

23	27	10	11	

25	29	14	13	

20	22	18	17	

10	30	19	16	

19	16	20	28	

25	17	29	12	

25	18	25	22	

26	22	26	15	

22	14	22	19	

16	16	27	11	

10	15	27	28	

30	30	10	10	

14	11	30	28	

23	30	18	15	

29	30	27	17	

24	21	24	10	

24	17	30	30	

27	18	28	18	

20	24	22	29	

18	20	22	14	

24	23	16	11	

15	18	21	14	

29	14	22	28	

24	10	14	18	

27	13	19	26	

26	26	28	27	

14	21	15	18	

25	24	29	10	

25	22	20	10	

30	19	27	23	

15	25	30	19	

29	13	14	15	

18	10	14	15	

25	19	16	17	

17	22	20	23	

28	13	17	26	

24	16	10	18	

10	23	13	10	

22	27	14	11	

15	12	24	18	

21	12	20	17	

18	18	18	22	

18	28	18	24	

29	14	15	15	

28	11	19	23	

13	22	18	14	

27	10	19	26	

24	12	12	12	

27	11	18	17	

16	10	10	14	

21	28	24	12	

23	19	12	21	

29	17	15	18	

27	28	13	25	

12	13	11	22	

27	25	23	10	

29	11	23	23	

15	10	19	11	

11	16	22	22	

11	24	17	18	

12	22	28	13	

22	16	14	14	

28	27	11	30	

27	15	28	12	

27	19	29	21	

10	19	14	10	

30	18	30	27	

20	17	11	11	

18	29	18	18	

12	28	17	16	

16	28	29	19	

20	12	29	11	

19	14	16	18	

17	23	17	16	

24	19	25	16	

15	15	26	26	

14	11	22	13	

14	16	21	25	

15	12	12	29	

15	26	14	29	

26	25	18	20	

11	21	19	14	

12	11	14	23	

26	29	10	26	

28	12	26	12	

16	23	11	17	

20	12	23	26	

21	28	15	12	

22	20	24	11	

12	24	23	25	

15	24	24	15	

23	17	26	19	

24	19	13	29	

26	28	11	13	

21	25	18	16	

19	13	20	17	

10	29	29	14	

13	11	20	26	

12	24	26	12	

22	10	19	24	

18	19	12	27	

15	12	13	27	

29	19	22	16	

12	29	21	22	

26	25	20	25	

24	27	16	29	

13	30	27	26	

13	27	25	24	

15	14	16	15	

27	16	21	17	

10	27	20	28	

23	13	15	20	

18	12	29	26	

24	15	26	28	

17	28	29	24	

26	14	26	25	

30	23	25	27	

10	18	11	22	

15	15	29	20	

19	30	21	14	

18	17	29	20	

27	15	11	21	

11	10	22	27	

27	19	23	13	

26	11	13	13	

14	20	26	29	

28	25	28	20	

16	18	10	16	

30	24	22	24	

14	29	13	14	

13	17	26	16	

11	14	14	20	

14	15	26	28	

26	15	20	12	

13	12	27	21	

14	29	11	12	

13	21	24	25	

21	13	12	20	

30	16	30	18	

29	22	21	16	

19	22	16	28	

21	16	20	10	

19	13	24	22	

20	11	22	24	

22	21	15	28	

10	24	21	20	

19	27	19	27	

18	22	25	27	

16	24	22	19	

25	15	28	29	

29	11	16	13	

20	28	23	24	

15	27	29	27	

14	18	11	16	

27	23	17	10	

21	11	24	16	

22	18	24	25	

20	22	12	24	

12	29	24	30	

20	16	11	29	

17	28	25	17	

18	26	30	13	

27	23	25	16	

20	30	19	20	

27	29	14	10	

30	11	18	13	

19	30	29	25	

19	16	19	24	

29	20	29	18	

11	24	26	20	

21	19	20	10	

23	28	21	24	

24	15	14	18	

24	26	25	25	

12	28	29	19	

10	12	14	25	

16	20	19	24	

14	15	18	21	

26	19	13	15	

28	26	12	21	

28	15	26	29	

14	27	22	24	

11	16	13	18	

16	11	23	17	

19	16	22	23	

15	21	10	15	

25	15	24	25	

22	18	28	21	

27	19	20	13	

24	10	15	21	

17	13	28	11	

27	14	20	20	

15	17	18	19	

13	29	27	19	

27	16	12	27	

10	15	15	27	

22	20	20	23	

14	30	22	22	

13	23	22	23	

19	26	30	23	

29	24	28	27	

18	10	15	17	

15	14	26	20	

15	18	25	19	

24	29	17	21	

14	30	22	23	

10	27	25	10	

20	17	13	20	

29	13	16	12	

16	24	12	14	

25	25	13	15	

15	14	16	29	

19	10	13	17	

18	17	12	11	

16	18	12	14	

18	12	28	22	

21	22	18	28	

26	27	19	25	

15	23	17	10	

14	20	27	10	

29	22	18	17	

10	21	21	24	

26	22	14	24	

11	19	30	29	

25	23	26	19	

29	25	15	13	

21	15	17	21	

24	24	16	28	

27	11	11	19	

15	13	15	18	

25	15	22	11	

13	23	20	17	

17	26	13	27	

16	16	27	26	

21	26	14	16	

26	28	22	14	

30	26	30	22	

22	18	12	24	

13	16	17	30	

11	12	12	10	

21	22	20	27	

10	22	30	10	

30	27	14	20	

12	26	10	11	

27	10	24	10	

10	18	26	29	

28	13	20	25	

12	15	14	30	

28	18	30	12	

30	28	12	10	

21	30	17	21	

11	10	16	17	

29	19	24	19	

13	13	23	28	

25	21	27	28	

25	23	13	16	

17	21	23	19	

29	25	16	20	

15	21	14	22	

27	16	26	18	

23	19	27	18	

19	22	10	12	

28	26	14	30	

18	12	20	28	

26	24	22	28	

24	12	28	16	

17	26	27	19	

21	10	25	12	

27	23	12	18	

11	27	20	26	

12	18	26	18	

17	26	20	24	

27	30	19	14	

25	22	19	27	

26	25	23	11	

24	12	22	13	

29	18	16	22	

17	11	30	24	

25	28	28	30	

12	17	23	29	

19	23	23	28	

12	14	20	28	

15	13	18	11	

15	28	22	10	

17	26	27	11	

28	11	29	13	

29	29	25	30	

14	22	17	30	

21	28	26	18	

21	14	14	16	

15	14	14	10	

28	17	22	13	

16	23	26	27	

10	25	17	25	

21	20	22	18	

28	25	25	24	

28	10	21	30	

26	12	22	21	

11	24	20	15	

16	30	14	12	

29	12	19	26	

27	15	10	29	

19	15	27	27	

30	13	14	18	

13	11	12	19	

28	19	21	19	

28	11	10	20	

18	18	21	12	

18	22	19	15	

21	23	28	11	

20	23	26	23	

26	15	14	15	

26	30	17	22	

20	20	22	25	

30	17	24	13	

11	16	24	23	

24	25	20	20	

15	18	10	24	

22	15	14	30	

30	27	11	30	

11	20	12	30	

26	24	12	21	

20	15	30	24	

26	11	12	13	

29	16	27	29	

23	29	13	24	

17	22	25	27	

27	11	21	13	

14	29	18	21	

16	15	22	28	

23	25	26	21	

22	18	29	11	

17	24	14	15	

28	29	15	12	

26	24	16	30	

17	14	12	26	

18	26	25	11	

20	17	15	15	

22	13	11	17	

20	16	22	13	

11	17	30	24	

29	27	26	16	

24	15	23	17	

25	12	17	21	

12	14	27	29	

25	12	18	13	

18	22	25	27	

12	25	27	19	

14	22	29	12	

14	14	14	12	

28	12	13	11	

14	17	26	21	

12	12	12	26	

27	14	12	19	

27	23	20	30	

30	26	30	26	

16	10	18	30	

17	13	24	14	

11	14	21	16	

27	15	21	10	

13	29	28	12	

27	28	24	20	

26	15	19	19	

27	23	22	14	

17	20	17	30	

26	21	16	20	

28	22	16	29	

12	17	12	27	

23	21	20	15	

19	10	29	15	

23	24	16	27	

12	12	17	13	

25	15	24	11	

12	15	19	22	

17	17	18	22	

10	14	18	21	

20	22	19	11	

22	19	23	14	

24	21	12	27	

21	29	21	29	

11	12	14	20	

20	27	13	21	

11	28	22	16	

17	23	14	26	

21	21	12	29	

24	18	23	30	

28	20	23	16	

16	16	29	28	

30	24	24	18	

17	30	23	30	

14	23	12	11	

10	15	19	16	

17	27	11	25	

21	15	23	21	

26	26	18	21	

25	13	26	13	

11	21	22	13	

25	16	16	23	

17	14	20	27	

19	11	30	10	

29	11	27	14	

13	15	12	19	

20	17	25	15	

12	11	20	28	

14	20	27	10	

23	15	24	20	

28	25	24	26	

11	12	10	20	

10	16	18	24	

19	24	30	28	

23	28	21	23	

17	17	10	16	

19	17	11	15	

13	15	13	12	

12	21	23	28	

15	14	13	27	

27	20	30	30	

25	23	16	26	

26	26	30	19	

28	12	19	10	

12	18	10	27	

14	28	10	30	

14	21	17	29	

22	24	28	17	

27	29	10	10	

22	15	25	29	

23	26	21	28	

14	22	18	23	

22	19	16	14	

10	28	23	20	

26	18	19	21	

22	13	15	27	

10	11	11	16	

24	15	29	29	

22	30	22	23	

11	20	25	19	

28	24	20	12	

10	12	16	27	

15	28	26	27	

26	20	14	15	

16	28	10	25	

28	26	17	10	

21	16	15	20	

17	29	16	17	

26	13	28	13	

24	10	22	26	

20	14	15	29	

30	21	29	14	

21	24	11	28	

26	13	27	27	

14	10	29	16	

28	20	17	28	

26	12	15	14	

11	21	18	12	

14	25	26	19	

29	26	14	23	

20	12	23	15	

11	27	23	19	

19	23	28	22	

28	24	26	10	

20	17	20	18	

27	25	12	25	

13	13	19	13	

18	17	25	11	

15	26	22	26	

12	19	29	21	

11	18	21	30	

22	17	27	21	

17	12	20	23	

18	28	18	13	

20	21	27	22	

29	20	30	10	

23	23	30	12	

10	21	23	18	

29	12	20	24	

20	13	15	28	

17	11	14	14	

26	30	15	30	

12	13	13	17	

23	27	15	27	

11	10	17	22	

28	26	12	19	

11	19	27	15	

26	14	15	17	

14	24	16	22	

29	17	26	15	

29	26	22	12	

15	13	15	20	

22	24	11	10	

24	12	11	15	

10	28	21	28	

29	11	25	26	

22	19	30	30	

26	18	14	11	

24	17	22	25	

25	25	11	29	

22	17	16	10	

11	12	18	15	

17	27	25	29	

16	30	17	22	

26	14	27	28	

11	26	15	19	

22	28	30	21	

23	22	21	26	

24	12	24	18	

25	13	26	25	

20	14	21	14	

16	22	17	11	

10	29	20	25	

27	16	27	30	

27	13	11	24	

19	19	19	29	

22	22	18	15	

27	30	28	30	

20	16	30	21	

27	10	28	23	

23	26	12	25	

11	30	28	21	

26	27	25	15	

24	20	25	13	

23	22	17	23	

13	17	17	13	

26	16	11	21	

23	11	15	11	

15	11	26	13	

16	19	24	10	

27	15	24	22	

11	27	14	14	

20	15	13	27	

23	29	23	18	

18	23	18	27	

30	12	10	17	

24	21	26	25	

30	18	15	29	

14	30	11	17	

25	14	14	26	

26	18	28	25	

11	10	17	21	

20	13	30	29	

20	24	16	13	

16	19	30	22	

25	28	15	27	

11	12	13	29	

24	10	25	18	

25	16	25	16	

15	11	24	25	

23	17	25	24	

20	15	29	10	

10	11	18	17	

26	18	14	16	

11	10	17	27	

30	19	16	20	

30	10	17	12	

14	16	25	26	

10	30	18	21	

16	15	12	18	

24	12	23	14	

21	27	30	22	

11	27	12	18	

27	10	29	30	

