127	2


1286
1214


59
73
59
72
89
82
71
97
80
68
63
89
81
61
62
77
54
83
70
95
94
79
92
64
62
63
100
87
59
65
91
91
83
52
68
82
72
91
55
99
52
73
88
79
62
63
75
61
83
94
62
96
93
56
77
75
87
90
67
53
53
99
63
95
81
81
64
69
85
56
78
68
92
94
61
72
61
79
75
98
70
93
63
64
100
82
57
55
71
85
98
94
98
99
95
92
88
88
99
65
89
70
96
57
66
84
57
72
98
86
90
62
75
59
70
98
60
68
61
50
63
62
77
82
96
55
73


25	20	

25	17	

28	11	

25	11	

26	22	

13	22	

28	19	

20	25	

10	17	

29	15	

16	13	

25	19	

20	30	

20	24	

17	27	

20	21	

17	28	

30	11	

19	12	

30	24	

10	16	

21	11	

14	26	

27	13	

21	12	

30	24	

10	11	

28	11	

22	23	

26	22	

17	13	

21	19	

30	24	

10	18	

29	15	

25	13	

12	14	

11	29	

22	10	

26	20	

13	16	

19	22	

22	27	

17	24	

21	27	

17	12	

25	21	

28	11	

13	21	

30	23	

20	26	

22	28	

21	12	

28	26	

13	12	

13	18	

16	20	

11	20	

22	27	

18	21	

11	19	

21	18	

26	15	

14	11	

29	10	

18	19	

18	26	

10	26	

12	20	

21	30	

29	26	

11	25	

23	28	

25	17	

17	16	

25	13	

22	21	

23	18	

15	21	

25	30	

25	24	

30	27	

13	18	

17	21	

20	19	

23	29	

13	30	

16	10	

26	18	

13	12	

15	12	

22	12	

18	24	

30	30	

25	13	

21	30	

19	29	

16	18	

21	10	

26	13	

29	24	

17	15	

20	28	

29	20	

21	12	

14	19	

26	11	

17	10	

17	14	

17	15	

17	16	

20	18	

22	29	

23	13	

12	21	

16	27	

11	20	

20	15	

20	30	

22	11	

24	14	

10	10	

27	12	

21	19	

16	18	

19	19	

17	15	

