958	12


9661
9565
9851
9583
9582
9687
9607
9570
9548
9674
9640
9488


88
80
95
99
52
61
92
63
93
83
94
51
98
83
84
90
93
69
88
93
64
97
83
54
89
65
96
55
64
53
78
74
98
60
80
60
75
65
58
52
81
81
66
63
64
92
79
76
72
64
50
53
75
76
98
91
93
51
62
54
92
51
86
97
56
90
56
61
77
83
64
59
99
77
77
69
87
90
87
81
57
63
90
100
85
52
61
81
77
55
85
73
84
65
85
94
84
66
75
79
71
89
75
52
53
87
71
53
60
53
68
62
97
60
94
100
55
52
72
70
88
83
61
58
53
67
59
54
94
89
70
88
68
66
61
79
63
54
61
53
68
92
92
71
83
82
86
73
97
85
60
72
100
90
74
52
62
94
81
85
68
73
60
96
92
70
52
53
81
70
88
82
74
67
55
74
87
65
85
60
73
84
57
98
84
51
79
79
68
62
95
100
60
84
68
51
92
56
75
68
73
83
79
82
66
64
87
91
73
79
68
94
51
72
93
90
62
85
94
65
92
82
91
57
92
70
78
50
95
83
69
57
95
94
91
68
66
62
55
99
85
85
77
83
61
99
59
65
61
56
69
97
53
56
67
95
62
94
77
59
98
95
97
54
80
56
92
55
78
97
51
78
70
51
100
86
69
55
83
50
61
68
75
56
60
86
51
59
83
87
91
67
61
77
95
57
72
85
72
99
82
97
65
88
76
58
58
83
65
62
82
65
96
90
92
52
89
66
59
95
51
84
80
95
67
71
89
53
90
52
84
98
58
74
55
94
67
85
81
87
59
59
67
95
50
64
84
100
52
68
91
86
62
100
64
99
87
62
56
59
95
86
60
84
89
51
83
89
79
92
58
58
83
81
59
77
80
61
67
92
52
83
64
77
61
71
75
88
70
86
58
78
76
94
68
81
74
81
100
75
74
75
73
68
61
55
96
66
94
99
97
86
60
72
97
68
89
100
53
74
53
77
64
83
85
82
74
98
78
57
62
61
91
100
65
64
92
80
75
79
85
73
62
53
100
83
87
87
93
89
99
65
88
94
81
89
61
73
84
99
86
82
97
64
51
87
79
90
84
60
91
66
65
57
97
84
76
80
73
73
73
75
89
53
75
66
96
50
68
94
87
50
55
100
64
79
80
86
94
79
54
82
86
78
96
73
65
87
89
64
88
75
77
85
70
57
97
86
71
50
72
57
87
76
85
88
66
56
93
82
63
50
59
74
97
94
52
87
92
71
59
55
82
94
87
78
85
73
76
76
76
52
94
88
66
84
83
69
88
72
83
54
99
53
82
89
85
57
82
73
84
88
68
71
75
87
85
87
57
75
77
84
64
94
89
100
95
83
58
53
93
60
89
72
84
88
66
94
91
73
78
66
54
88
99
70
89
83
83
91
67
99
50
92
89
94
56
93
54
67
53
76
54
93
92
74
97
86
53
79
59
65
85
51
80
64
56
82
66
72
99
95
61
92
74
53
50
93
53
68
55
90
57
83
58
90
70
79
74
78
62
67
61
85
54
50
70
83
52
82
56
65
95
80
66
62
85
92
98
93
57
81
73
94
75
78
92
85
53
61
89
85
61
65
81
79
83
82
61
52
73
84
93
79
59
86
73
64
91
75
67
90
66
98
100
75
77
81
78
62
75
94
73
83
69
54
69
62
96
88
58
70
59
94
96
68
93
62
61
63
88
56
73
73
93
93
99
78
61
86
58
62
61
74
67
50
67
63
99
99
88
60
82
90
94
58
77
90
61
89
61
81
87
62
76
55
76
64
89
97
53
53
67
96
85
97
63
87
96
83
66
61
98
87
51
92
99
74
65
65
53
61
74
61
54
100
100
59
98
92
55
59
67
71
75
81
91
80
82
56
98
57
89
54
72
86
86
53
64
88
74
69
59
88
63
55
51
96
72
56
51
90
66
95
75
73
71
52
56
64
98
61
88
54
71
71
56
78
66
95
80
73
60
86
58
99
76
96
97
98
71
68
78
98
75
85
69
53
88
84
57
57
100
84
57
84
56
88
98
100
75
70
55
86
88
90
69
79
90
68
52
89
50
51
56
92
70
95
93
89
70
50
94
78
98
87
51
57
90
56
90
62
76
75
95
79
83
99
58
60
68
57
99
79
77
99
95
91
99
53
92
56
88
57
68
100
70
70
76
99
72
91
99
58
94
79
83
74


16	20	13	24	13	10	15	23	25	20	25	14	

29	24	28	21	11	22	30	26	27	13	21	15	

28	22	14	27	18	29	26	11	17	14	17	11	

22	19	19	30	12	17	21	24	10	16	20	21	

11	30	27	11	25	26	16	19	27	26	11	15	

20	13	12	16	12	26	10	18	29	12	25	20	

26	17	10	13	21	26	19	18	30	30	27	19	

27	26	21	28	14	20	14	29	25	28	28	12	

22	10	13	25	25	13	11	12	21	10	21	23	

24	19	19	18	12	17	21	26	15	26	21	10	

25	26	30	24	18	16	16	24	25	11	30	20	

30	19	19	16	26	28	22	29	22	18	14	26	

16	28	20	22	16	12	14	26	11	30	13	14	

23	21	22	27	20	17	26	13	25	15	22	15	

30	17	29	24	15	10	22	29	23	13	23	21	

20	29	28	28	12	29	27	13	29	23	22	20	

28	19	24	28	19	13	22	29	24	30	24	20	

11	26	18	18	18	12	29	18	30	17	27	21	

30	28	25	13	15	19	14	30	23	24	12	12	

21	25	22	21	27	14	10	20	15	26	15	15	

10	15	24	20	22	23	15	13	17	27	21	22	

27	12	11	26	17	29	24	21	25	30	19	15	

28	12	10	18	11	24	25	25	29	20	19	25	

27	11	16	13	22	19	17	23	11	16	23	27	

13	19	25	26	15	27	11	24	22	14	30	18	

11	25	29	25	29	16	22	20	28	22	10	12	

30	28	25	24	27	27	21	26	19	10	21	16	

15	15	21	25	14	21	28	10	23	29	21	11	

23	30	28	17	29	25	14	20	10	25	11	28	

16	29	11	11	26	10	27	25	17	26	10	23	

16	13	21	11	24	28	15	18	16	26	20	10	

16	17	25	27	15	28	15	21	23	19	24	14	

27	13	28	20	26	22	22	18	12	21	22	10	

25	17	22	29	11	24	30	20	25	24	24	13	

12	13	12	20	20	23	22	18	10	27	30	18	

18	14	21	16	10	16	27	17	14	29	20	18	

15	24	11	27	27	11	30	16	22	27	15	15	

12	18	21	12	15	22	27	30	15	17	19	20	

20	15	25	19	17	15	30	20	29	27	23	14	

10	19	27	10	12	19	12	17	17	12	12	11	

21	23	22	16	13	22	27	21	16	30	10	16	

23	12	27	18	19	10	21	16	20	21	16	28	

18	20	22	25	18	16	30	13	21	25	12	19	

20	27	23	19	17	26	27	29	27	23	26	19	

19	26	27	23	21	20	21	16	21	16	28	21	

17	13	12	14	29	23	19	15	20	28	23	13	

28	19	26	22	23	21	28	19	29	24	29	15	

14	24	10	14	10	10	29	25	20	30	18	14	

17	23	18	23	18	10	22	13	22	22	23	16	

20	30	27	25	14	24	12	27	30	15	27	11	

22	19	21	19	21	16	14	15	29	27	29	12	

15	14	25	19	12	15	23	15	30	17	24	27	

18	15	26	20	30	13	11	27	19	19	12	26	

26	15	26	19	21	15	19	11	21	25	21	17	

19	15	24	16	21	23	29	23	15	14	17	23	

22	18	27	10	30	25	30	22	16	29	21	27	

15	27	17	17	30	24	27	29	20	17	22	29	

23	20	19	11	24	23	14	26	15	19	21	23	

23	27	10	30	18	14	24	30	25	25	12	28	

24	18	11	23	11	16	26	30	12	26	26	12	

15	27	12	16	28	12	11	17	19	19	12	11	

26	25	17	12	25	21	16	10	30	12	19	13	

23	23	10	29	26	11	14	10	24	24	28	30	

23	10	20	15	22	20	21	21	12	20	20	18	

15	27	26	21	24	13	12	13	10	29	16	26	

16	13	12	18	27	28	30	17	17	17	29	22	

17	21	21	26	12	15	18	27	26	30	25	25	

25	28	17	21	28	23	26	23	12	14	23	25	

21	12	21	26	26	28	11	26	30	26	16	30	

12	10	27	10	24	25	27	13	13	23	23	26	

18	24	22	13	20	14	27	16	25	29	12	17	

23	21	20	27	24	26	15	22	29	11	13	14	

30	24	10	24	27	30	13	30	21	23	22	11	

13	28	14	21	29	12	15	15	19	10	27	20	

17	10	16	19	13	20	26	14	12	26	12	17	

19	17	18	12	12	19	28	18	18	14	27	15	

25	25	22	23	24	16	22	24	15	27	29	24	

18	20	25	15	17	28	21	20	16	13	13	16	

18	14	23	18	18	11	28	13	11	15	12	26	

24	29	20	26	15	17	22	26	18	10	26	26	

28	30	15	26	28	12	18	12	11	26	23	29	

22	17	10	21	25	27	18	23	10	19	29	24	

18	20	14	30	25	26	16	11	18	25	14	22	

17	25	28	16	20	17	18	14	10	20	26	18	

27	30	28	30	14	10	11	22	23	23	18	26	

16	13	29	20	21	15	19	19	24	21	24	19	

28	28	11	13	22	28	22	30	17	12	13	15	

19	11	24	15	19	18	30	25	26	20	17	13	

14	21	19	12	12	18	27	14	18	25	16	27	

26	30	17	23	11	17	13	12	22	27	11	17	

18	14	23	28	18	26	16	27	13	27	11	30	

16	13	15	26	26	11	26	15	14	30	14	25	

21	19	24	30	25	24	17	18	18	20	17	19	

14	10	11	15	20	21	27	25	12	26	26	28	

26	11	17	25	20	28	24	18	15	17	14	30	

30	23	26	28	16	29	26	11	20	25	22	12	

12	20	20	11	16	16	27	10	18	10	27	11	

10	10	27	24	14	20	25	28	29	19	25	25	

19	16	24	21	10	11	22	14	11	13	28	20	

13	16	26	12	30	18	21	30	24	24	15	28	

14	21	30	26	27	26	10	30	10	18	29	22	

18	30	29	12	13	23	12	25	20	29	27	27	

24	21	15	14	20	19	21	24	10	17	12	20	

15	13	25	22	16	22	12	25	13	21	14	21	

22	12	11	14	14	17	15	11	17	10	20	28	

28	15	18	29	16	14	20	10	29	12	19	17	

21	18	12	22	15	29	12	23	21	11	15	29	

23	18	20	16	13	15	25	20	12	25	25	18	

20	26	28	22	13	22	15	26	30	13	29	25	

28	28	14	23	29	11	20	29	17	26	17	23	

15	10	10	21	29	11	13	25	18	24	23	24	

20	22	15	13	16	21	28	10	19	11	22	20	

27	27	30	11	20	14	13	11	10	27	23	10	

21	27	12	19	24	15	19	18	16	25	17	26	

29	14	28	30	28	23	14	27	25	17	27	12	

25	10	29	16	11	10	26	14	13	23	11	18	

29	15	27	23	16	20	17	27	16	20	15	28	

15	26	24	11	27	17	26	10	16	30	19	11	

25	17	29	22	21	27	29	22	17	17	28	29	

12	21	29	21	25	14	13	25	11	20	16	30	

29	14	17	29	19	26	28	13	28	21	12	18	

17	18	23	10	10	22	27	21	28	14	13	27	

30	28	22	13	19	24	28	25	14	13	13	26	

27	27	27	13	11	28	22	11	12	27	29	11	

19	15	11	17	11	26	24	14	20	23	24	29	

17	27	16	21	28	13	16	15	27	21	14	28	

28	21	28	17	18	28	13	27	21	21	24	26	

12	20	27	11	27	10	22	13	12	17	29	27	

16	28	26	11	15	23	17	15	15	19	27	16	

24	18	20	24	18	15	25	30	28	13	10	12	

14	18	16	18	30	10	22	26	20	26	25	24	

14	12	15	23	17	28	12	10	10	19	30	13	

29	16	28	13	20	19	28	16	27	28	16	19	

27	10	29	14	17	15	12	30	19	19	15	12	

27	21	21	27	23	20	25	25	29	22	20	14	

19	27	27	16	19	18	23	20	20	19	25	30	

17	18	16	27	11	14	12	11	10	26	25	18	

10	27	10	20	21	21	22	30	16	24	10	21	

12	16	21	10	10	25	26	21	20	28	16	13	

14	25	24	16	26	10	25	29	27	30	23	13	

24	20	25	22	13	17	22	10	24	20	23	20	

17	12	16	27	13	12	27	22	18	19	19	29	

23	22	25	15	21	23	25	11	21	19	22	27	

29	28	25	30	26	25	23	12	20	22	28	28	

16	13	20	24	25	20	18	30	15	20	28	22	

26	30	25	13	23	15	21	16	27	12	24	21	

20	23	14	17	30	27	11	30	24	17	11	29	

13	18	17	27	18	21	20	22	24	27	23	29	

10	15	14	25	20	14	25	15	21	13	14	28	

10	11	14	10	13	26	20	19	28	15	10	14	

23	10	27	19	20	26	21	12	16	11	10	30	

30	12	18	30	13	25	14	14	18	18	26	15	

21	30	17	23	20	11	30	19	22	26	21	22	

15	28	28	17	25	29	19	23	25	27	18	11	

28	29	20	28	24	11	18	15	12	14	20	21	

22	23	19	16	10	11	15	22	19	24	15	15	

28	21	17	18	28	21	26	12	19	26	17	26	

24	18	27	16	23	26	19	11	30	23	28	16	

21	28	10	11	18	17	30	25	16	26	28	18	

24	19	24	13	27	27	21	18	18	23	25	18	

25	26	20	30	16	19	11	10	10	15	16	23	

22	18	15	10	12	22	25	30	15	16	24	15	

30	15	18	11	23	13	14	27	22	25	15	12	

22	20	27	24	28	30	14	20	19	27	20	17	

26	17	21	10	26	17	16	27	15	18	16	18	

15	28	27	18	30	17	21	28	25	10	29	18	

16	23	23	22	26	17	30	16	11	23	15	19	

26	10	11	12	20	16	19	19	12	26	29	12	

16	11	12	24	16	15	12	28	21	28	28	24	

29	25	30	17	22	29	17	12	17	24	27	10	

16	12	28	12	19	20	24	22	18	20	24	30	

23	20	26	26	22	25	29	11	13	16	23	18	

28	16	30	18	11	27	18	18	14	12	12	17	

15	11	23	13	15	28	22	13	19	23	17	27	

24	17	14	10	19	24	15	27	22	23	29	20	

28	10	17	14	28	22	24	14	10	12	18	18	

20	18	25	24	30	18	20	13	29	15	28	15	

20	14	28	24	17	11	23	27	20	15	17	13	

16	26	19	20	14	24	13	21	29	27	12	30	

14	11	13	15	23	18	25	20	10	23	10	13	

29	15	15	15	29	18	21	19	30	26	29	16	

28	20	19	13	20	26	14	29	25	10	27	29	

21	19	17	26	11	11	13	15	25	22	21	27	

20	24	26	11	12	26	20	10	18	27	12	14	

28	15	23	12	25	17	18	30	27	16	10	25	

27	29	12	12	23	18	23	21	23	30	11	10	

16	20	16	13	18	22	19	19	26	27	11	24	

23	12	12	21	27	12	18	16	24	18	11	30	

15	20	25	30	19	19	16	28	23	13	16	24	

12	12	13	18	27	28	10	15	23	16	14	30	

10	23	25	27	23	26	12	29	14	19	26	22	

23	18	29	26	11	20	21	19	18	11	20	10	

29	19	15	25	25	18	21	23	18	11	12	13	

15	11	29	18	18	23	23	11	16	18	30	25	

17	28	28	26	28	12	26	11	11	11	29	23	

16	16	27	28	22	16	30	13	19	24	23	28	

16	20	17	23	30	24	16	25	30	27	10	15	

16	13	24	17	29	21	14	19	18	19	25	26	

25	18	24	20	28	18	27	19	14	13	15	26	

10	15	22	10	21	13	12	25	30	10	15	18	

29	29	30	20	20	15	17	25	13	10	19	23	

30	12	25	19	26	11	18	29	27	13	11	14	

18	19	25	25	11	14	11	26	19	28	22	13	

12	10	20	14	15	30	22	21	17	25	19	22	

15	17	29	27	12	10	15	19	18	12	26	13	

20	11	15	18	30	24	22	23	29	26	18	10	

21	24	23	12	19	30	22	15	16	15	15	11	

17	18	25	16	28	11	21	27	19	12	15	22	

29	19	23	11	20	12	17	18	16	28	19	21	

16	16	18	20	24	11	26	29	16	10	24	13	

16	17	12	17	10	30	20	29	14	19	11	23	

16	19	23	23	26	22	30	27	30	17	10	12	

25	19	11	28	10	14	29	17	28	25	11	22	

11	23	16	24	13	13	16	19	20	11	15	14	

14	27	28	12	18	15	25	29	17	14	12	14	

17	10	22	18	11	25	15	30	22	11	30	19	

10	30	19	24	29	18	20	14	12	13	11	15	

24	26	21	11	14	24	25	11	27	24	27	12	

20	12	24	21	13	29	24	23	28	18	27	25	

11	14	21	12	25	30	20	17	19	15	26	25	

18	13	16	10	29	15	29	13	27	30	27	13	

29	25	14	24	26	28	30	19	16	12	12	20	

29	28	22	29	18	21	11	22	25	15	21	29	

14	29	12	23	26	26	14	12	28	27	30	26	

19	29	23	11	30	16	18	25	30	12	29	15	

16	13	25	29	21	15	29	27	18	13	11	21	

16	21	21	25	15	10	19	19	22	26	19	29	

18	12	16	14	13	12	24	28	13	12	10	16	

26	15	15	16	19	26	21	29	18	11	17	21	

23	19	18	24	18	30	23	16	29	16	20	10	

25	11	18	17	21	17	26	22	23	25	23	10	

23	15	25	10	18	16	26	21	19	14	10	17	

22	11	19	25	13	21	26	14	20	26	15	20	

22	11	30	27	14	12	21	12	11	22	26	28	

12	29	23	14	24	28	26	18	29	28	22	19	

27	25	15	18	18	10	21	11	30	18	18	18	

25	18	28	30	10	17	30	17	14	12	30	27	

26	18	23	16	17	17	17	19	10	25	28	28	

12	20	16	10	15	24	17	19	26	14	25	30	

16	10	25	29	28	21	16	27	24	27	29	13	

20	30	27	18	19	11	16	21	15	20	15	23	

11	28	18	24	28	27	23	27	15	26	23	13	

18	13	28	19	26	19	15	14	29	24	16	10	

22	30	10	12	13	29	17	27	19	18	12	19	

29	24	27	23	21	24	12	26	14	10	10	21	

27	17	25	11	16	22	29	29	13	22	19	24	

27	17	29	18	26	20	11	10	15	22	20	28	

17	22	12	13	26	12	24	17	14	18	24	15	

28	22	19	29	15	15	24	19	17	27	20	29	

18	15	18	23	24	27	10	25	20	22	19	16	

10	18	28	16	24	23	29	26	13	19	26	21	

15	30	19	11	21	29	12	12	15	27	23	21	

28	30	25	16	11	21	20	13	25	23	22	13	

24	29	17	14	28	13	15	10	29	21	24	21	

11	15	24	25	15	30	13	25	20	17	22	14	

15	12	20	22	26	22	11	14	29	14	19	10	

14	22	13	10	23	23	28	14	13	22	22	29	

15	10	25	29	13	22	29	29	18	15	17	16	

19	22	27	22	26	20	16	28	13	18	23	19	

24	19	14	24	26	23	13	16	20	24	11	28	

26	11	12	23	22	23	11	17	16	24	17	27	

19	23	28	17	19	17	29	15	21	18	10	10	

26	15	20	22	13	25	22	13	12	25	16	21	

13	24	19	26	18	14	11	29	29	23	13	21	

26	18	19	26	15	28	15	27	11	18	15	26	

22	23	19	30	18	30	24	14	19	15	21	25	

18	23	14	21	15	24	28	22	10	12	21	18	

24	14	13	11	23	27	12	26	22	28	11	19	

16	29	29	25	23	24	13	18	22	17	20	11	

14	27	14	20	18	26	12	20	27	20	14	27	

22	27	17	16	18	25	16	15	13	21	20	19	

16	26	25	24	23	16	25	15	22	10	13	25	

11	21	19	18	10	10	16	21	28	28	19	21	

19	28	22	27	25	18	16	30	26	14	14	16	

16	22	14	19	25	24	23	12	15	13	18	26	

27	26	20	28	16	27	12	24	18	16	26	17	

21	19	26	21	26	26	24	26	13	20	25	18	

16	15	30	28	12	19	20	11	23	12	24	16	

24	16	22	30	16	23	30	29	24	11	28	20	

24	29	14	26	22	17	19	10	19	28	17	20	

25	21	22	12	24	12	18	22	18	13	16	30	

16	24	17	10	23	14	24	25	17	19	25	12	

17	17	14	25	20	27	28	26	10	26	18	10	

27	24	27	15	13	24	12	15	21	26	12	21	

28	19	27	21	27	12	20	13	15	29	24	18	

11	27	15	29	20	23	19	13	20	24	29	14	

21	12	30	19	20	19	16	18	13	29	17	23	

18	17	26	26	14	29	29	29	24	25	23	21	

28	25	20	12	30	17	27	20	27	16	18	21	

12	11	23	17	18	25	27	21	17	28	11	16	

17	28	30	29	26	10	30	25	14	25	16	15	

10	20	26	10	21	18	13	28	13	12	20	20	

23	27	25	17	21	22	10	22	26	29	26	22	

29	30	12	19	17	15	28	10	17	15	27	10	

19	26	16	13	29	20	21	24	22	29	22	15	

12	23	17	19	30	19	25	22	17	10	15	13	

19	19	18	12	23	22	19	10	30	25	15	21	

24	14	18	10	28	22	15	20	30	17	28	20	

18	23	16	28	24	22	17	26	20	30	17	14	

23	29	24	18	15	21	28	22	12	22	26	19	

12	20	23	30	24	13	24	26	24	28	11	15	

30	30	16	16	20	18	21	29	17	11	14	22	

23	24	10	27	28	23	21	17	25	12	13	26	

18	14	25	11	20	15	28	12	11	27	14	25	

28	14	26	15	13	13	20	17	22	27	16	25	

29	25	20	16	26	16	10	19	24	17	29	11	

30	18	24	21	18	13	15	14	28	25	16	16	

18	16	23	20	29	20	28	30	26	14	30	22	

21	16	28	12	26	18	13	16	23	27	29	10	

21	19	25	23	24	23	24	26	13	21	18	23	

12	27	21	22	11	17	18	28	19	14	19	22	

27	22	15	10	29	24	15	17	17	21	20	25	

11	12	13	26	10	21	15	30	13	17	27	15	

10	29	19	19	16	17	21	28	15	13	20	19	

27	20	30	30	22	17	11	22	28	27	22	15	

11	27	29	26	24	25	25	30	21	23	29	30	

30	23	15	17	10	14	20	16	17	29	19	16	

15	26	27	12	19	13	18	17	18	27	21	25	

14	15	28	11	12	30	26	28	19	26	17	26	

19	18	29	25	26	12	26	23	21	27	21	18	

18	16	27	17	17	20	18	13	14	24	27	30	

13	29	13	27	28	12	15	21	12	30	22	27	

17	10	26	29	25	11	10	13	14	29	15	15	

14	17	11	19	30	18	19	16	24	10	26	30	

23	26	29	15	16	12	24	15	20	26	11	24	

27	30	25	25	23	19	14	11	28	25	18	23	

21	18	27	12	14	20	18	20	14	17	21	18	

10	30	21	16	22	19	13	12	15	27	13	23	

23	22	29	14	24	21	30	12	11	11	30	15	

26	22	15	26	15	23	26	24	20	27	16	12	

23	28	25	27	28	13	12	29	13	30	25	29	

12	24	23	21	11	30	21	23	12	25	26	20	

21	16	11	24	18	12	17	16	20	28	27	22	

16	17	10	16	24	18	11	26	22	29	15	20	

16	19	25	13	10	11	23	27	15	26	25	18	

18	29	19	27	25	11	15	10	12	26	16	23	

13	17	25	27	22	23	28	17	22	11	10	10	

19	20	30	27	26	20	22	15	26	15	29	17	

30	13	26	18	14	27	12	13	12	21	18	27	

12	23	10	26	24	22	10	13	23	22	27	23	

17	18	11	16	18	26	17	22	17	13	29	10	

11	15	30	10	30	21	24	28	12	18	12	15	

16	11	15	17	13	28	10	12	21	10	25	18	

20	26	20	25	20	26	22	28	26	19	10	17	

18	28	18	19	22	21	18	21	26	10	22	23	

27	12	24	13	25	28	11	18	29	22	19	17	

18	30	15	27	11	26	17	18	21	16	11	10	

22	11	27	16	26	18	25	30	26	28	18	18	

25	18	26	19	16	13	16	11	20	22	21	28	

22	22	11	14	12	15	18	17	28	21	14	12	

30	14	27	10	25	21	28	23	23	24	25	18	

10	12	24	19	15	14	18	17	19	27	13	12	

13	19	15	18	21	10	21	19	11	10	16	11	

26	20	22	26	23	29	15	11	19	15	22	15	

30	23	28	10	25	16	11	10	23	29	26	29	

28	23	19	16	29	14	11	17	23	14	29	20	

16	17	12	28	30	20	14	15	25	21	12	15	

14	23	18	19	28	12	30	28	28	13	30	25	

13	21	23	10	28	16	28	17	23	14	10	15	

19	23	24	27	17	28	21	16	30	16	17	27	

17	30	28	19	27	30	10	11	18	16	29	23	

25	23	13	14	16	27	14	25	22	10	27	28	

20	19	15	29	28	27	24	22	30	24	17	27	

13	28	24	10	11	11	15	13	29	28	27	26	

26	18	10	12	30	28	13	17	15	22	20	22	

29	22	12	18	11	11	25	16	30	22	28	20	

16	19	19	26	15	30	28	19	20	20	16	14	

30	12	28	11	19	10	20	21	22	22	21	22	

22	27	13	20	26	22	17	21	14	28	13	23	

24	15	29	20	27	27	22	20	23	27	27	19	

11	25	22	11	16	18	23	15	20	28	11	29	

21	10	13	10	28	26	28	16	22	10	19	20	

21	23	23	17	20	20	10	21	18	22	10	29	

14	21	11	26	14	19	18	13	13	12	22	28	

24	16	21	29	27	17	10	29	27	16	19	14	

21	23	27	23	22	28	14	13	30	26	14	25	

11	21	26	26	11	22	27	15	23	24	10	21	

14	27	14	15	11	17	27	29	14	15	11	30	

27	10	13	28	13	23	13	23	28	23	28	24	

15	29	25	20	16	20	23	28	29	28	12	26	

21	13	20	20	27	17	17	15	27	27	12	19	

13	13	20	20	29	14	19	28	27	22	12	21	

17	14	30	14	19	10	15	19	22	28	11	28	

20	18	29	21	27	27	10	29	18	24	26	18	

29	18	30	25	30	23	16	29	15	19	10	16	

29	21	21	12	14	20	17	15	28	22	11	29	

12	26	25	30	14	24	12	19	28	21	18	12	

25	23	12	21	13	15	20	28	11	29	29	18	

26	17	29	11	24	14	13	23	12	16	27	22	

27	25	18	23	22	13	24	13	12	14	22	20	

25	28	16	23	13	26	18	13	24	18	29	21	

28	14	19	22	21	11	18	27	14	29	20	20	

19	10	25	19	30	27	25	11	12	27	18	29	

24	17	25	13	19	12	21	18	29	16	13	30	

12	17	16	26	25	19	19	25	21	17	28	14	

25	20	10	10	13	11	30	29	23	24	23	14	

25	17	13	20	28	25	19	21	18	18	18	20	

15	11	10	13	16	27	20	18	28	10	23	21	

25	28	25	22	23	27	25	25	14	17	20	17	

27	16	19	23	15	23	15	24	17	30	16	30	

11	12	30	27	24	27	29	23	13	18	16	24	

17	12	29	21	24	28	18	13	18	21	10	14	

30	16	23	26	29	17	28	16	10	19	24	17	

17	30	20	12	13	25	23	20	14	18	17	30	

12	26	30	10	17	15	22	27	29	24	21	26	

24	23	17	30	11	23	14	29	18	17	29	18	

29	14	10	29	16	17	14	17	11	29	24	22	

22	17	24	19	29	11	29	11	20	29	16	11	

13	13	21	24	29	28	21	10	29	29	16	11	

29	16	20	16	12	24	17	22	30	17	29	12	

22	19	26	28	10	16	29	20	17	18	21	30	

13	28	20	28	13	18	16	28	19	11	17	11	

29	10	29	30	21	19	17	16	24	11	22	26	

27	12	23	16	26	30	12	19	11	25	21	16	

15	17	24	24	28	17	11	29	29	11	25	20	

12	18	24	12	27	29	27	16	30	19	25	18	

13	17	24	17	27	28	25	27	13	30	17	16	

10	19	26	22	11	25	12	13	10	12	26	30	

14	30	22	12	29	12	10	14	16	22	28	22	

30	16	19	28	30	27	12	21	19	13	15	21	

18	23	27	12	12	14	18	10	26	19	12	28	

17	13	14	21	12	28	20	14	23	29	15	12	

13	17	24	17	21	22	29	12	25	14	14	27	

14	23	15	17	18	26	24	24	14	27	30	30	

23	14	19	24	25	12	16	28	25	26	11	12	

14	27	18	10	29	16	17	27	28	21	18	17	

14	14	13	25	29	11	10	18	26	15	29	25	

26	17	14	23	20	17	14	28	25	24	12	29	

12	17	24	27	20	17	23	29	28	14	21	13	

15	13	15	12	17	23	27	24	13	17	24	24	

29	26	14	25	29	29	20	14	27	24	29	30	

26	19	19	25	16	11	12	12	21	28	29	20	

21	22	14	28	24	17	22	15	16	24	18	15	

21	20	19	25	20	28	11	27	19	19	15	17	

14	27	27	20	17	28	13	14	18	19	11	15	

25	27	10	15	24	12	12	28	21	14	29	29	

24	24	15	19	24	14	12	29	17	20	21	26	

19	20	14	29	18	21	11	21	17	14	17	25	

23	23	24	10	27	28	26	26	17	27	27	19	

17	22	25	11	23	24	22	25	18	23	28	14	

18	10	13	22	16	22	19	16	28	19	17	16	

17	27	25	17	28	15	20	14	22	23	10	18	

26	23	16	18	23	26	10	23	14	28	26	10	

17	11	23	11	13	23	11	28	29	24	21	10	

14	30	24	13	28	13	25	27	17	20	23	28	

30	18	10	22	16	14	14	29	10	15	25	18	

26	16	26	20	13	20	14	11	14	14	29	25	

30	16	20	24	18	13	23	30	23	13	18	16	

23	26	18	21	10	15	18	13	13	26	29	11	

12	19	29	28	18	11	25	26	19	10	30	27	

16	18	15	12	28	22	20	23	28	17	26	30	

29	11	26	17	21	11	11	30	30	25	27	27	

12	16	14	12	24	19	10	19	27	10	27	15	

14	14	26	22	11	11	15	27	12	11	21	11	

13	22	25	18	23	20	15	15	19	30	22	14	

17	17	25	13	15	30	22	12	15	25	22	21	

27	12	20	20	25	12	19	21	15	28	14	26	

26	10	23	28	16	30	15	24	23	15	27	11	

11	22	27	24	29	19	28	16	30	26	16	14	

17	24	25	12	20	16	14	23	16	17	25	18	

30	26	17	27	27	28	21	12	27	25	27	21	

25	11	16	18	27	28	21	30	16	17	13	21	

21	15	21	17	19	23	11	28	29	29	27	12	

17	26	26	22	24	30	30	14	26	11	29	23	

14	11	14	15	29	16	15	14	17	11	22	21	

28	13	10	28	13	30	15	25	21	22	24	21	

12	30	18	14	19	11	24	11	16	24	12	16	

12	21	17	24	11	19	10	12	11	24	11	23	

10	26	18	21	24	20	21	19	29	10	24	20	

15	29	13	29	18	29	17	25	12	15	11	16	

15	12	14	19	28	28	11	21	30	25	17	25	

27	17	28	18	30	21	10	12	27	22	18	11	

19	19	29	25	10	28	24	24	23	30	12	26	

24	14	22	29	26	16	29	10	12	16	13	19	

29	16	16	20	14	19	17	24	30	21	18	17	

20	25	18	28	11	30	28	24	17	10	19	18	

23	18	20	21	15	13	14	29	25	14	28	28	

29	13	15	10	23	16	28	29	29	11	20	21	

21	15	13	22	12	24	12	14	29	13	25	29	

16	10	10	25	20	29	13	15	22	23	18	19	

27	11	20	22	21	27	14	17	18	23	25	26	

12	13	20	17	26	11	18	22	12	18	21	16	

17	29	27	13	16	28	29	18	29	16	10	20	

17	17	18	29	13	11	16	29	24	28	30	23	

13	16	26	11	16	23	25	12	26	30	18	17	

23	26	25	29	27	29	23	28	27	15	23	29	

29	17	14	27	13	26	16	29	27	21	10	14	

10	11	14	29	10	25	19	17	17	10	20	26	

25	10	29	28	26	13	25	10	14	23	30	22	

17	15	13	30	11	29	18	15	16	19	21	10	

13	25	12	19	14	22	12	19	15	19	24	18	

15	28	16	19	26	17	17	24	20	29	24	17	

16	22	23	28	16	15	13	24	13	27	24	27	

30	30	26	25	19	17	19	26	11	20	27	19	

24	12	11	17	14	11	26	29	19	29	21	13	

16	30	15	14	11	15	16	18	17	27	15	30	

17	29	24	26	22	29	28	15	30	15	20	29	

14	20	23	28	20	30	29	22	17	29	17	27	

13	26	11	12	10	30	17	19	10	25	17	19	

18	23	26	13	21	13	26	28	21	17	10	19	

17	15	19	24	19	16	23	23	15	19	25	13	

10	20	13	25	24	17	11	26	29	19	14	14	

19	13	14	28	22	23	30	27	14	13	26	29	

19	25	19	18	18	12	22	12	11	25	10	25	

30	23	24	30	28	29	19	26	25	30	20	17	

13	17	26	19	16	13	11	16	17	24	25	26	

19	28	27	20	20	10	15	27	15	13	29	13	

30	14	13	15	22	21	29	22	28	22	26	10	

28	14	18	22	22	23	17	29	10	18	24	11	

12	23	10	25	23	27	28	15	21	25	25	10	

14	28	30	17	11	25	17	19	20	29	25	30	

16	20	29	28	20	20	13	28	20	10	18	28	

21	28	19	14	22	22	28	10	11	21	15	18	

20	24	12	20	22	16	22	22	24	14	23	30	

18	19	23	29	13	10	21	29	17	22	15	14	

22	25	12	13	18	28	25	28	19	17	26	19	

19	24	26	11	27	13	20	15	29	15	25	30	

23	23	21	24	21	26	20	11	20	13	15	29	

29	14	18	20	26	24	21	22	21	13	12	21	

22	14	15	23	30	11	25	27	22	27	25	23	

17	25	13	26	14	23	27	12	20	12	16	15	

23	28	12	23	24	18	20	10	21	23	16	22	

25	20	27	15	21	13	17	16	10	22	25	22	

14	26	21	25	25	29	27	16	21	14	13	14	

21	29	13	23	22	10	26	25	19	28	17	23	

17	28	22	15	16	13	14	28	10	18	22	26	

19	15	22	14	30	23	20	16	19	10	15	13	

30	16	15	14	17	11	10	14	28	30	11	13	

28	25	20	21	30	11	26	17	15	25	17	27	

27	16	24	28	15	16	13	30	20	17	14	20	

23	13	26	22	23	14	17	12	11	29	28	20	

18	19	11	28	29	14	23	27	22	25	12	28	

10	30	15	19	11	21	11	19	24	16	17	18	

23	11	21	13	13	16	28	25	24	22	20	26	

25	11	12	25	23	17	11	24	22	11	18	11	

13	16	26	25	26	29	21	18	23	10	10	17	

12	21	16	26	27	27	11	30	14	17	23	15	

27	12	22	29	23	30	16	15	24	24	18	10	

19	27	13	14	21	29	21	18	22	13	16	28	

20	30	30	15	22	10	18	19	14	19	11	23	

20	13	22	26	27	26	17	18	11	29	24	27	

28	21	18	25	19	28	16	13	29	25	10	20	

19	26	24	23	14	22	10	13	29	13	10	14	

28	29	17	17	10	21	29	25	15	17	16	24	

18	14	20	24	22	29	22	30	18	22	11	10	

12	18	30	24	17	23	24	17	28	28	20	17	

17	29	19	29	14	20	10	18	19	19	24	16	

16	21	13	22	24	23	16	10	17	29	28	12	

30	29	23	20	20	22	15	24	25	26	13	23	

20	25	22	22	23	30	22	10	12	23	13	19	

29	21	10	30	23	27	15	19	23	13	25	10	

28	13	23	21	29	24	27	17	14	23	30	22	

20	28	30	12	27	17	29	18	19	14	19	12	

10	12	19	10	14	25	26	11	22	13	12	30	

30	29	27	26	13	26	17	14	22	20	17	30	

24	13	16	12	14	22	21	14	30	18	10	15	

27	21	27	13	30	27	22	18	14	12	26	20	

12	12	17	15	25	12	27	29	14	17	13	23	

16	17	18	25	20	21	11	26	20	29	16	20	

20	29	19	26	29	10	16	30	12	11	20	15	

23	14	30	28	28	30	27	13	11	17	26	17	

23	13	17	26	24	22	27	28	24	26	18	16	

10	22	23	22	28	29	29	26	13	25	13	12	

14	30	28	26	20	10	28	30	21	20	18	26	

26	19	13	21	16	14	23	22	15	29	10	25	

25	19	25	16	23	21	11	14	15	22	22	15	

23	29	27	17	27	26	19	30	28	26	19	21	

10	23	27	30	12	10	23	20	30	25	19	17	

30	25	18	19	15	10	17	25	18	27	26	24	

27	11	17	26	13	26	18	12	29	15	22	26	

16	13	28	16	26	13	22	12	23	12	11	22	

17	18	15	10	11	28	16	14	19	24	28	22	

14	28	18	14	13	17	23	24	30	18	26	27	

28	23	30	24	14	16	25	23	20	19	10	20	

16	10	18	14	21	17	13	10	13	18	10	19	

17	16	11	22	23	23	11	26	26	26	25	11	

22	30	24	29	25	16	29	18	12	13	19	27	

14	28	23	15	11	24	12	26	14	11	24	19	

19	10	14	12	26	15	11	10	22	19	11	10	

25	21	20	22	28	29	19	11	14	10	24	25	

21	19	27	16	18	23	14	28	19	30	30	19	

24	10	19	23	25	22	18	17	28	24	15	26	

27	20	13	10	14	26	29	23	11	21	25	20	

25	17	25	25	21	14	26	29	29	13	12	16	

29	22	11	16	19	24	25	20	24	14	26	18	

28	20	26	14	19	11	17	18	23	29	23	21	

13	27	21	26	17	19	22	15	14	14	11	12	

23	23	22	30	17	23	29	14	22	18	21	22	

27	17	21	29	26	16	15	18	16	12	14	22	

15	15	28	26	21	10	19	12	20	19	28	11	

26	28	23	28	17	10	27	11	14	26	13	23	

16	19	30	18	24	28	27	22	24	27	28	26	

17	23	27	26	16	11	21	21	18	25	24	15	

16	12	21	24	11	11	29	30	29	23	30	27	

19	20	28	13	21	11	30	24	22	11	23	25	

27	27	29	16	29	29	16	18	26	19	27	12	

25	21	24	24	11	29	29	16	17	13	24	28	

29	30	14	19	27	10	14	16	12	19	14	28	

26	17	27	20	12	23	13	18	24	12	15	23	

21	29	24	12	16	18	28	26	19	10	23	13	

28	30	27	16	11	14	29	11	22	25	14	25	

25	14	23	22	20	30	21	17	14	21	24	24	

12	29	15	18	23	30	13	17	11	16	11	15	

25	19	13	17	27	17	20	28	15	17	15	28	

28	14	27	10	20	12	30	26	18	19	23	19	

24	25	13	11	20	16	21	19	24	29	12	27	

30	19	10	17	12	23	29	14	11	10	16	27	

20	25	11	11	21	20	27	28	12	17	25	26	

26	21	11	18	15	29	10	12	30	14	25	15	

23	28	19	23	17	14	21	30	30	18	16	12	

21	20	18	12	15	20	16	10	15	27	22	14	

28	20	29	19	23	13	16	27	17	30	27	18	

17	30	30	27	21	28	22	25	17	30	29	10	

30	22	27	21	21	16	11	17	11	13	17	26	

23	20	27	10	29	14	10	13	25	18	30	28	

28	24	29	17	23	19	24	28	26	21	11	16	

22	28	16	16	18	28	22	25	18	16	23	22	

16	15	14	20	19	30	12	11	24	25	25	20	

24	29	14	24	12	17	15	23	27	22	14	24	

25	19	24	30	24	28	19	29	18	26	13	14	

19	28	18	29	28	14	28	16	11	15	15	20	

27	16	10	24	21	19	25	20	16	11	28	12	

30	13	19	14	19	13	16	29	10	12	22	16	

16	24	29	23	30	29	13	30	25	13	27	17	

13	29	28	16	17	15	15	17	21	14	16	20	

22	18	17	24	29	15	21	10	24	12	21	21	

28	17	13	16	19	26	30	27	29	14	18	27	

28	26	28	10	14	17	23	26	14	22	25	19	

19	28	15	23	27	22	17	11	21	29	14	10	

18	22	27	28	17	21	17	18	27	12	10	14	

16	21	27	29	10	17	22	17	15	11	26	23	

16	20	29	17	16	11	29	27	28	28	20	27	

24	29	15	24	17	15	20	13	26	28	14	22	

27	20	27	14	23	26	28	14	29	23	18	17	

25	12	20	16	21	30	16	22	11	29	14	22	

12	30	28	14	28	26	22	28	30	26	22	26	

16	21	25	29	16	20	25	16	18	10	10	21	

28	28	11	15	11	13	24	16	26	27	10	23	

25	14	17	22	11	25	20	18	19	15	19	12	

16	27	11	24	26	21	11	23	23	29	26	12	

24	24	28	29	18	16	15	27	29	19	16	17	

13	30	30	12	25	22	19	17	19	23	28	16	

21	19	12	18	28	25	19	22	11	13	17	19	

13	14	12	19	21	26	17	30	24	10	18	23	

19	10	26	18	29	26	10	16	21	11	10	10	

10	26	27	19	17	29	16	15	24	27	10	28	

30	27	14	10	13	23	24	15	17	24	14	25	

12	15	29	19	10	14	24	26	14	30	17	16	

25	22	10	20	15	29	24	18	23	29	23	13	

22	18	30	13	16	12	30	30	27	20	28	23	

21	10	23	26	19	13	30	15	17	19	27	16	

23	23	19	22	20	18	24	18	13	12	22	15	

11	16	20	29	29	22	29	24	10	13	15	15	

11	10	10	24	19	12	20	21	11	26	27	22	

15	28	25	27	20	14	23	23	14	26	21	16	

25	14	16	30	15	20	12	15	18	22	29	28	

30	12	21	26	14	26	21	29	25	29	23	17	

11	30	23	15	24	11	17	11	19	10	26	20	

11	13	11	16	15	11	29	16	19	13	27	23	

23	12	21	26	27	29	29	14	18	16	21	12	

17	29	30	15	18	30	19	19	10	20	26	26	

17	19	21	23	18	18	26	22	27	28	29	25	

17	17	29	30	11	19	27	29	16	23	21	18	

11	16	20	13	11	27	14	19	25	12	21	20	

23	15	13	13	22	22	19	16	12	26	27	18	

22	29	15	20	27	13	24	20	23	16	13	19	

11	28	15	19	28	21	11	27	19	24	30	16	

27	17	13	27	18	27	14	12	10	21	24	26	

18	15	17	20	20	21	30	11	26	25	15	18	

29	14	22	18	18	15	27	14	13	24	25	22	

12	25	10	14	19	15	25	18	27	28	11	20	

24	12	21	28	26	17	17	14	23	12	10	17	

23	16	14	12	27	12	30	11	30	30	25	20	

28	21	16	14	18	24	29	19	27	12	14	30	

21	19	23	12	22	18	25	27	18	23	29	14	

16	14	18	29	15	24	27	28	16	19	20	19	

15	11	16	28	15	28	18	11	30	23	29	22	

30	14	16	26	13	30	21	11	27	21	18	11	

12	23	22	13	22	18	13	25	26	20	28	27	

10	24	26	20	22	16	19	28	10	22	15	13	

29	22	25	19	15	29	17	27	20	26	13	19	

15	17	27	30	25	28	15	18	10	14	19	19	

19	28	14	10	11	15	22	18	10	24	17	26	

20	20	23	13	18	16	17	18	21	12	27	27	

27	23	23	12	21	14	17	27	11	11	20	15	

10	26	22	16	24	15	25	20	11	28	24	18	

25	15	18	27	24	26	10	28	17	11	21	16	

19	22	24	12	10	12	25	13	28	15	12	28	

17	13	21	15	23	12	11	12	30	15	25	30	

17	26	19	10	25	23	15	28	29	16	25	29	

11	27	11	28	18	12	14	22	26	21	30	24	

19	23	28	14	19	26	26	18	17	25	11	25	

23	16	21	28	27	16	12	14	24	24	23	15	

20	30	17	12	25	20	30	20	23	21	18	24	

12	25	22	29	23	15	15	24	22	17	25	20	

18	26	16	24	30	18	13	27	11	15	23	15	

30	17	30	29	27	29	23	10	25	16	10	17	

29	29	22	18	12	18	15	22	25	22	28	14	

29	24	21	25	29	26	25	10	23	16	30	21	

30	22	16	13	19	14	20	18	24	12	26	29	

29	11	18	18	13	11	11	23	16	30	28	22	

26	18	29	23	18	15	18	16	15	15	15	16	

17	18	24	20	11	24	19	23	15	18	18	26	

24	11	27	14	13	13	15	20	10	20	20	23	

24	29	18	24	26	14	23	10	12	15	30	25	

12	26	28	19	10	16	29	17	26	23	23	11	

10	16	24	11	29	30	24	21	28	16	23	14	

16	16	29	16	29	20	18	18	29	19	20	16	

26	25	16	27	30	17	30	28	15	13	25	26	

30	10	29	26	30	22	16	18	24	24	24	22	

12	16	16	22	16	21	22	11	27	14	19	13	

10	15	25	16	13	13	26	11	15	20	26	24	

22	25	29	25	22	21	28	30	17	28	27	28	

30	21	10	16	10	20	13	20	22	10	30	30	

25	10	28	28	14	26	13	21	10	23	18	11	

17	22	16	10	10	14	14	24	24	13	24	19	

22	19	28	15	16	26	25	24	12	26	10	20	

25	22	21	29	25	23	23	27	10	18	13	19	

22	10	16	25	13	18	29	20	27	21	28	11	

21	26	26	23	15	29	12	13	18	11	11	20	

12	22	20	23	13	23	17	23	18	26	13	10	

25	28	20	29	25	27	11	24	17	11	11	16	

12	30	20	24	18	27	19	26	21	12	27	24	

29	17	17	28	12	11	26	27	10	13	15	19	

18	11	28	21	12	23	22	26	20	22	29	16	

25	20	21	22	15	24	18	30	11	10	15	15	

13	23	28	20	28	27	13	21	30	22	16	11	

28	10	11	25	12	28	22	20	12	10	18	11	

16	27	13	16	24	11	23	25	28	16	15	26	

11	21	28	13	13	28	25	30	24	22	18	17	

17	21	19	18	22	12	29	13	20	14	22	14	

14	19	21	21	16	28	20	11	25	23	16	15	

13	17	18	26	30	17	19	30	24	28	19	14	

30	26	19	14	30	13	21	28	26	26	24	13	

15	27	23	24	21	17	24	19	12	21	11	20	

11	22	17	14	20	19	28	25	30	13	12	15	

20	16	30	18	12	25	29	10	26	19	30	15	

13	24	18	19	11	18	15	13	25	27	13	15	

22	18	28	15	18	16	23	30	13	23	19	29	

30	22	26	25	21	10	12	10	20	28	25	23	

11	12	29	15	27	21	15	25	23	22	12	16	

29	30	10	30	24	15	22	13	12	23	10	19	

27	24	11	27	30	28	29	25	25	26	20	26	

21	14	16	24	15	28	16	13	23	27	21	22	

13	18	15	27	12	18	29	21	16	21	13	22	

30	10	22	29	16	11	30	18	22	26	13	12	

28	20	24	20	19	18	21	15	23	15	20	24	

23	12	29	26	23	24	14	13	19	20	22	29	

22	21	17	25	12	12	24	22	21	27	15	27	

26	13	20	28	13	12	22	22	17	25	12	23	

29	25	11	17	10	26	26	14	22	22	29	18	

14	14	16	22	14	14	11	28	16	15	22	30	

14	29	17	17	28	22	10	10	28	10	18	15	

26	24	22	23	26	14	19	13	12	21	28	10	

17	16	27	12	13	29	28	30	14	30	13	29	

25	14	15	27	18	28	22	19	27	10	29	22	

19	16	10	14	15	17	13	17	18	19	16	28	

23	27	23	25	22	20	20	22	16	23	27	24	

22	23	14	10	22	23	20	30	26	14	25	25	

21	13	18	20	26	24	17	24	18	25	15	14	

30	27	28	29	14	19	13	16	10	18	25	16	

25	20	29	30	13	23	24	12	27	11	22	19	

10	29	17	29	17	11	29	28	24	24	21	10	

26	30	25	19	19	23	29	11	21	28	21	22	

16	15	28	10	27	26	28	14	23	25	17	24	

28	19	15	17	22	19	10	19	20	10	18	15	

29	18	24	15	14	27	30	19	17	14	30	19	

18	14	23	21	25	14	16	22	13	19	16	30	

28	18	29	17	22	28	23	23	10	28	28	12	

10	11	12	18	12	24	21	27	29	13	17	15	

20	28	30	12	21	28	27	30	30	22	27	23	

15	17	25	29	18	30	22	23	30	20	27	25	

26	11	26	18	13	24	12	18	27	21	10	20	

20	10	26	15	30	19	11	14	23	25	13	22	

12	10	24	27	10	16	28	15	13	11	13	15	

18	28	12	15	17	21	29	29	30	18	24	10	

12	23	28	24	30	25	21	29	27	22	26	23	

11	16	26	15	22	29	11	23	19	15	15	26	

12	19	15	17	27	12	12	24	23	16	23	16	

28	22	17	22	14	21	18	18	21	20	24	14	

15	22	12	22	26	12	18	26	19	24	19	16	

19	13	13	30	24	27	13	25	29	18	16	22	

22	13	21	11	28	30	23	27	13	20	21	30	

10	26	22	17	17	29	11	12	20	22	20	17	

25	21	25	29	11	30	23	23	16	30	25	27	

14	29	14	16	11	13	22	13	15	19	25	20	

10	12	18	17	16	29	12	21	26	22	22	10	

19	28	22	14	13	22	14	23	25	18	24	20	

23	18	25	22	15	28	22	19	30	21	11	14	

24	23	19	12	25	24	16	23	15	28	23	17	

16	18	10	27	26	12	13	22	11	10	23	18	

23	17	24	14	28	29	30	19	19	21	26	21	

11	28	29	30	10	16	21	17	10	27	21	11	

11	16	26	22	30	15	17	14	25	23	27	11	

13	24	10	15	18	15	25	12	25	25	27	19	

16	22	24	23	10	27	27	23	13	25	15	26	

29	26	22	19	16	14	30	19	19	22	20	18	

20	22	27	17	26	24	14	12	25	14	12	24	

27	11	19	15	12	13	28	29	14	14	11	26	

18	23	26	12	12	12	25	24	20	30	22	10	

23	11	13	27	11	10	24	11	24	23	24	19	

16	15	10	13	23	21	24	25	14	29	28	20	

24	30	30	23	22	16	18	22	17	27	14	12	

20	23	16	17	28	25	27	16	19	11	27	22	

13	21	12	19	16	20	17	19	12	29	14	14	

22	18	18	18	30	17	28	24	23	20	12	22	

25	16	10	13	27	18	30	11	23	25	20	16	

30	22	20	24	12	26	30	27	28	27	24	11	

19	14	23	18	17	25	18	18	18	24	16	15	

26	13	24	21	10	29	20	17	21	17	28	25	

29	24	12	18	10	13	27	20	23	27	29	20	

20	11	18	16	23	16	19	11	23	15	29	27	

19	14	22	10	11	24	17	13	22	23	10	11	

12	13	20	10	25	29	12	25	16	21	12	28	

14	18	18	29	10	13	22	16	11	15	18	15	

27	28	16	25	24	28	24	29	10	13	19	26	

11	19	24	21	15	12	23	18	28	27	19	22	

26	21	29	16	30	25	10	12	20	28	15	16	

19	22	26	13	23	20	30	25	24	19	25	13	

14	27	11	22	22	21	14	22	27	26	23	21	

11	19	12	26	19	28	12	25	19	22	26	20	

21	25	17	14	20	20	14	11	30	29	21	14	

27	10	15	26	25	20	29	28	20	26	22	17	

26	12	18	12	26	25	19	18	29	18	12	24	

16	23	23	17	28	22	28	22	28	24	23	23	

16	29	17	16	20	29	27	18	19	20	19	28	

10	28	20	19	14	28	30	13	23	25	27	23	

15	11	29	22	27	26	21	10	11	21	30	29	

15	23	19	23	11	24	10	10	15	10	18	28	

22	14	10	16	17	29	26	13	30	28	25	30	

23	21	29	18	18	25	24	22	18	18	23	14	

27	25	16	16	16	13	16	19	22	22	20	12	

15	26	28	21	26	14	11	12	29	29	15	10	

10	25	27	25	24	12	18	30	22	23	26	12	

18	25	18	11	14	19	14	16	16	21	18	12	

18	10	15	28	22	26	18	16	22	21	26	20	

15	24	18	20	10	29	13	27	24	20	16	18	

25	11	30	20	25	16	30	19	26	13	19	24	

17	10	24	22	26	13	26	29	12	13	25	25	

22	18	13	30	13	19	15	10	25	28	29	30	

19	20	27	27	19	10	13	15	14	19	14	23	

30	13	18	16	16	27	21	17	11	15	30	21	

21	15	29	11	11	29	16	14	22	28	19	10	

14	23	18	27	30	19	29	19	18	28	17	18	

19	12	22	14	19	13	29	21	28	30	10	28	

25	27	16	30	16	26	17	17	26	23	17	13	

27	21	30	29	15	17	14	12	22	13	20	11	

23	27	15	17	17	20	15	19	29	29	16	11	

20	17	16	26	25	14	17	14	19	13	22	19	

13	28	15	18	14	10	24	25	17	10	26	15	

11	16	25	24	12	19	18	26	26	29	17	13	

26	19	18	23	16	23	12	23	14	30	14	13	

18	12	19	18	26	20	20	30	11	27	24	14	

28	28	11	11	15	19	30	21	22	16	23	19	

24	25	26	29	27	29	28	27	18	22	29	25	

23	25	26	14	24	20	10	25	26	22	24	16	

29	27	30	15	24	10	11	15	30	24	25	19	

13	21	13	29	15	13	10	14	26	20	14	20	

13	20	12	11	24	26	28	12	30	14	30	13	

28	29	14	17	25	10	15	11	13	11	20	17	

21	26	26	10	10	13	23	12	28	22	11	11	

14	25	30	15	14	30	10	18	14	29	20	25	

21	26	13	14	21	27	24	20	13	22	23	12	

22	16	21	29	12	15	25	19	17	12	25	25	

30	10	15	20	21	21	22	27	21	21	28	12	

13	19	29	13	24	25	20	27	14	10	28	22	

22	26	14	25	18	30	12	18	17	21	25	18	

13	15	29	10	23	13	20	27	27	15	17	13	

16	28	26	27	13	27	18	24	23	15	25	26	

15	16	23	28	18	16	29	18	17	12	24	21	

30	11	27	11	30	21	13	25	25	26	29	22	

22	29	22	30	25	23	15	26	26	20	14	19	

17	10	18	27	19	26	15	26	15	14	23	19	

26	17	26	11	28	26	10	28	14	23	13	14	

22	29	23	23	19	30	14	17	20	30	15	17	

18	19	12	13	24	21	30	17	20	21	26	27	

19	25	27	27	21	14	25	15	10	22	25	20	

20	20	11	18	12	29	27	15	16	23	18	26	

20	29	20	20	20	19	20	29	30	23	30	17	

20	21	13	27	25	28	16	21	22	27	30	16	

24	23	20	24	26	25	14	19	27	13	29	20	

30	12	11	25	28	19	26	20	10	11	14	12	

26	19	21	28	21	14	26	25	14	11	17	16	

22	19	11	14	25	29	18	16	17	12	26	14	

29	12	30	10	24	20	24	25	24	28	26	12	

26	28	23	12	25	26	29	24	23	24	23	11	

22	30	28	22	30	30	29	24	10	17	26	28	

16	25	12	29	19	27	21	11	11	17	28	30	

25	21	21	27	14	25	28	17	11	17	28	10	

13	10	27	19	11	29	14	23	25	21	27	26	

11	18	25	25	24	28	27	23	16	20	28	27	

11	15	13	15	11	10	14	24	13	20	19	11	

19	21	26	30	19	19	27	10	20	16	25	17	

11	11	14	17	25	25	13	20	21	27	29	16	

29	10	12	29	13	30	22	14	19	25	26	27	

15	19	30	25	27	18	15	19	26	11	24	13	

10	16	26	22	15	17	17	20	14	27	22	15	

15	19	20	22	28	30	19	12	15	15	16	24	

27	16	21	25	14	12	23	15	25	23	27	15	

27	16	16	27	27	18	29	19	30	17	17	18	

29	26	24	24	23	20	23	21	12	21	29	16	

21	28	23	21	13	17	29	21	14	19	25	14	

21	10	15	10	29	26	21	25	25	16	28	22	

13	29	15	11	19	14	17	21	24	18	18	22	

23	11	18	17	29	11	27	26	22	26	10	12	

17	25	14	11	24	18	25	22	29	26	22	18	

23	15	29	22	10	28	24	15	18	18	11	22	

24	29	19	21	13	14	30	29	28	11	22	20	

13	13	15	30	15	29	26	15	18	26	11	18	

22	22	11	14	26	17	10	12	28	17	26	30	

23	24	22	12	15	23	11	28	27	15	11	20	

27	11	19	24	12	19	17	21	27	20	10	26	

26	30	27	27	16	26	18	14	16	16	17	27	

24	19	24	19	25	18	10	24	14	29	19	19	

15	27	24	16	18	22	11	14	11	21	20	24	

10	24	26	12	14	11	16	23	19	11	12	23	

10	20	29	14	14	29	12	27	24	29	11	25	

25	13	27	15	14	14	22	22	18	29	15	27	

15	23	19	24	21	22	16	19	15	11	20	22	

18	12	22	10	23	16	18	25	25	14	26	29	

14	29	12	17	30	19	12	13	29	14	13	14	

21	13	10	16	25	15	18	17	29	14	19	22	

29	19	14	30	29	30	30	23	19	19	19	27	

14	28	27	10	24	20	26	10	20	14	13	26	

12	25	27	12	28	19	29	24	10	28	27	20	

10	20	20	29	18	20	14	14	24	10	23	18	

12	19	17	23	11	23	26	13	18	22	16	18	

17	18	29	22	25	12	11	30	14	25	24	20	

21	28	21	17	13	17	26	25	20	16	23	11	

26	21	18	16	19	15	24	20	16	11	30	29	

16	18	12	12	23	27	13	29	26	24	16	19	

18	13	22	13	28	24	18	24	19	11	26	23	

14	12	19	28	29	29	17	17	11	10	10	28	

25	17	30	22	20	23	28	18	17	22	25	12	

25	18	13	27	20	23	28	22	17	18	15	30	

21	12	20	20	10	21	15	19	14	12	11	29	

22	10	15	14	29	24	29	26	18	28	16	20	

14	17	13	30	20	29	14	19	10	22	16	26	

12	25	16	21	17	26	27	22	19	15	17	16	

28	20	14	17	17	19	17	10	16	30	20	19	

10	12	28	19	19	13	27	15	17	26	23	21	

13	27	22	21	18	21	16	13	23	20	15	29	

17	12	22	21	12	30	10	29	29	29	19	30	

23	25	26	19	29	18	27	17	21	12	22	10	

21	18	25	14	14	30	25	11	24	26	18	23	

11	15	26	30	28	17	18	13	20	20	20	17	

25	11	23	20	14	22	13	21	18	24	30	20	

21	28	17	25	16	15	30	17	10	13	16	18	

12	10	30	10	30	28	27	19	18	19	29	25	

17	19	30	18	15	28	19	17	17	16	30	20	

15	25	25	22	16	22	18	19	10	17	23	11	

15	27	12	20	24	24	22	16	12	22	26	18	

30	18	30	24	12	28	17	15	14	25	20	12	

25	29	26	28	22	17	18	10	12	25	14	12	

28	19	21	22	15	12	14	16	17	28	18	22	

19	29	30	25	18	12	28	13	11	12	12	14	

11	29	12	27	11	29	25	22	13	20	18	15	

26	19	11	26	18	28	25	12	20	24	16	18	

