986	6


10010
9817
9689
9886
9995
9825


56
61
51
67
67
74
71
84
86
92
86
70
96
52
88
95
84
98
71
100
62
70
81
56
51
99
68
50
50
71
73
98
77
73
78
68
62
57
83
71
65
88
94
87
75
78
73
64
76
90
76
76
94
92
92
69
80
54
95
91
76
81
92
99
62
63
75
64
96
53
66
59
84
100
63
66
89
93
77
58
96
56
61
90
80
91
100
68
95
90
100
92
73
54
72
67
65
61
68
62
98
98
83
57
84
52
57
57
53
78
93
73
71
97
66
62
93
98
73
70
51
52
71
62
57
63
58
95
73
84
52
98
79
63
77
60
76
98
100
82
85
83
59
96
76
88
53
87
97
80
95
59
93
81
84
85
72
77
64
57
56
53
79
84
70
86
62
82
93
70
64
61
54
73
89
73
80
55
53
53
83
58
59
95
76
77
98
86
92
68
98
72
70
94
70
98
91
74
91
86
92
81
79
74
73
90
84
65
64
80
86
66
83
57
62
97
89
50
100
66
56
56
95
55
84
56
78
72
58
65
96
82
88
60
53
79
84
58
88
51
69
67
70
79
94
83
87
51
51
57
58
72
90
90
69
75
98
55
65
58
55
70
100
94
98
95
95
64
59
94
88
98
60
66
98
66
53
88
96
97
70
54
88
69
57
97
62
89
99
56
76
89
74
56
93
95
59
62
52
69
85
92
74
86
94
84
81
80
51
80
79
94
100
66
84
81
79
71
71
81
93
60
97
82
60
56
87
79
90
57
52
69
81
73
83
83
92
94
98
90
98
52
76
75
75
70
84
82
64
59
61
59
92
57
92
52
83
58
61
86
69
58
75
70
75
99
96
55
60
60
79
61
57
84
93
75
98
95
59
87
89
64
66
79
69
91
60
97
93
77
88
75
67
98
91
52
86
90
86
63
51
64
67
77
57
50
55
64
66
79
96
65
50
66
94
69
91
68
57
95
55
95
96
81
63
78
81
83
88
53
59
62
78
66
69
82
100
51
61
77
80
98
56
57
90
98
67
85
58
98
61
93
87
58
65
50
92
71
100
80
67
59
91
61
85
78
89
59
50
96
73
62
63
53
96
54
83
93
51
58
80
85
95
65
81
93
84
73
97
59
78
92
93
74
78
55
91
55
51
56
92
88
96
88
84
56
87
85
91
75
73
79
53
70
72
52
63
72
96
70
93
55
57
88
58
99
50
51
96
69
100
99
86
80
69
84
68
55
57
96
53
65
55
64
65
69
81
51
81
72
69
70
91
68
69
69
60
50
60
66
82
71
51
92
87
65
60
80
70
81
57
83
66
85
75
54
95
100
72
54
55
86
75
86
61
54
54
69
99
86
68
78
59
76
54
77
82
100
60
56
83
88
69
90
85
86
66
59
68
50
90
89
58
64
84
99
65
52
95
66
100
72
72
61
69
81
75
66
82
54
73
55
89
94
100
95
96
96
88
77
76
55
90
97
64
78
83
73
57
54
66
93
91
91
51
77
79
68
81
54
74
68
85
58
94
91
55
76
71
68
89
79
96
89
98
76
75
61
66
57
89
73
82
72
87
79
68
90
78
92
65
54
83
91
52
75
69
76
73
64
68
75
75
66
51
51
91
72
99
78
54
52
85
90
98
89
73
66
54
66
84
91
57
82
81
57
56
92
61
67
72
62
51
80
73
61
54
98
58
51
53
71
81
62
90
52
63
80
55
90
73
76
91
87
52
70
95
92
84
76
99
84
96
67
96
80
97
56
71
69
59
96
86
90
69
50
97
88
53
89
71
99
83
92
52
50
76
65
71
89
56
94
91
72
55
82
88
64
95
55
58
95
93
82
74
75
90
60
75
82
96
96
54
59
80
90
89
80
92
54
50
84
77
89
72
57
50
96
51
69
53
64
96
69
71
99
91
53
55
84
87
89
50
58
77
83
66
82
86
60
67
50
92
66
82
92
92
56
62
82
72
100
58
91
73
83
51
99
54
50
68
94
63
60
94
99
94
90
50
69
94
74
82
76
56
74
93
86
72
87
94
68
75
59
85
54
79
82
97
55
95
98
71
67
82
50
65
80
91
82
64
85
66
51
61
90
57
74
93
77
99
54
93
53
83
60
81
75
63
59
77
67
71
80
62
65
53
83
58
53
50
98
61
65
98
71
89
57
62
69
52
98
83
61
65
69
84
54
51
73
70
88
71
94
55
87
76
79
91
83
62
62
65
79
65
90
87
94
91
91
54
96
66
85
52
61


18	30	21	24	24	29	

15	16	10	30	25	21	

21	28	18	17	21	22	

21	28	27	15	13	11	

30	19	25	27	21	16	

20	13	16	25	22	19	

18	11	15	24	24	19	

26	11	10	24	27	24	

27	23	17	20	23	19	

16	20	13	10	21	27	

15	24	23	20	11	21	

27	11	21	29	30	14	

27	17	27	25	15	29	

29	15	27	17	21	20	

21	23	30	12	20	22	

24	21	19	26	16	28	

28	22	21	14	26	23	

28	17	19	30	22	12	

27	10	20	29	21	17	

22	28	17	25	18	22	

18	24	13	25	21	24	

28	17	11	22	29	15	

11	10	21	25	25	16	

14	22	24	21	28	17	

13	14	10	24	27	18	

20	10	25	30	29	12	

15	30	19	13	10	29	

30	15	29	23	30	28	

17	19	27	28	29	19	

18	18	16	15	13	16	

28	25	21	21	30	27	

23	24	25	30	12	24	

12	27	12	19	13	29	

14	10	26	25	20	28	

11	27	30	13	13	20	

18	26	19	23	15	21	

25	14	29	25	17	15	

22	30	16	14	17	25	

18	21	21	17	24	21	

18	30	24	14	16	14	

26	30	23	19	16	26	

28	12	26	15	22	28	

30	25	17	19	24	17	

26	17	21	13	11	19	

26	25	27	11	20	14	

17	17	26	11	22	12	

22	25	18	24	29	11	

10	11	16	17	21	25	

20	10	11	21	13	21	

18	28	10	17	18	17	

22	24	15	16	14	17	

19	24	26	29	11	10	

22	10	12	24	12	17	

18	17	10	28	18	23	

10	19	20	24	30	10	

22	22	23	22	14	14	

30	30	19	24	21	27	

27	27	11	21	30	13	

10	30	23	28	23	12	

26	30	11	26	17	21	

23	22	27	24	30	13	

29	10	23	19	20	11	

17	18	20	21	24	27	

11	10	11	22	28	11	

13	17	13	14	18	20	

16	29	21	20	11	19	

15	21	12	10	20	11	

12	30	25	20	26	12	

24	28	27	29	30	10	

25	20	23	19	14	20	

17	16	12	26	29	23	

29	25	29	29	30	26	

10	12	23	18	25	10	

30	28	24	16	13	27	

30	20	20	27	19	20	

19	22	20	20	25	25	

18	25	28	25	18	21	

23	13	28	24	25	27	

10	11	28	12	16	24	

26	30	25	22	11	19	

17	24	17	27	28	26	

17	17	25	26	25	12	

15	19	10	15	20	13	

24	20	10	13	30	29	

21	27	28	25	10	19	

26	30	21	29	15	19	

28	24	30	26	11	23	

12	22	29	25	12	22	

18	11	26	24	30	12	

12	24	16	24	19	10	

20	22	18	15	12	27	

29	13	13	26	23	26	

25	17	29	28	25	11	

20	29	18	28	23	25	

24	18	15	21	29	12	

13	17	21	17	18	16	

10	18	17	12	12	24	

30	17	17	26	17	28	

20	15	16	14	15	17	

28	24	10	30	14	21	

16	28	13	13	14	10	

12	24	14	15	29	14	

26	23	25	28	21	29	

28	20	25	20	30	16	

13	11	29	16	27	16	

21	28	27	12	16	29	

26	19	11	27	28	26	

19	28	15	14	22	26	

22	27	18	30	12	17	

23	22	22	23	10	22	

19	14	19	21	16	11	

30	23	15	14	21	22	

27	16	23	25	13	11	

27	30	20	22	26	10	

10	15	18	28	30	14	

26	12	13	18	17	30	

27	22	16	15	25	18	

18	28	30	10	20	20	

21	23	11	29	28	21	

11	27	24	30	21	17	

10	15	25	17	27	12	

16	16	15	26	11	16	

18	23	20	25	27	13	

13	30	27	16	25	27	

13	21	25	27	30	25	

26	13	24	13	26	17	

29	30	12	12	28	10	

19	24	23	17	24	20	

23	15	25	20	11	29	

14	22	11	19	29	25	

28	26	28	18	17	21	

25	25	14	30	26	15	

26	23	17	24	28	17	

27	26	18	12	28	28	

10	27	24	18	19	14	

13	24	14	23	13	12	

17	10	10	28	18	27	

30	30	30	14	12	20	

19	18	27	11	30	27	

19	29	12	11	24	23	

17	22	26	18	15	10	

18	13	12	16	26	17	

20	10	19	14	28	10	

22	13	23	10	10	14	

20	13	18	11	17	15	

22	26	11	19	18	22	

15	24	20	11	23	10	

17	22	14	29	17	28	

26	11	20	11	30	28	

29	22	16	30	24	29	

17	21	17	16	28	10	

10	11	12	28	20	11	

20	23	20	12	12	21	

30	24	27	14	19	29	

19	14	27	27	13	22	

20	27	23	15	27	19	

30	22	16	14	15	16	

12	20	24	27	20	15	

30	14	12	25	29	20	

14	12	19	11	15	24	

16	19	11	18	29	23	

25	25	23	12	22	13	

13	10	22	27	25	29	

12	11	23	14	14	21	

14	10	13	14	19	30	

15	21	15	22	14	23	

20	14	26	23	23	11	

14	17	29	15	14	22	

22	26	25	17	25	18	

23	27	15	10	24	27	

16	29	27	22	16	28	

19	20	15	28	26	14	

26	28	25	22	28	16	

19	19	24	28	14	27	

20	16	15	26	25	29	

17	30	30	29	18	12	

17	24	26	17	21	20	

15	12	23	27	10	21	

16	14	14	10	15	16	

30	14	23	11	10	14	

26	21	24	23	22	25	

21	19	29	14	15	12	

26	23	27	15	10	10	

30	27	26	10	15	24	

30	17	17	28	30	17	

12	24	13	16	29	14	

13	30	18	14	14	25	

22	14	23	30	14	10	

10	22	21	30	22	24	

20	19	26	16	26	12	

11	12	18	17	19	20	

18	16	29	17	19	29	

22	22	10	14	27	11	

24	10	11	16	30	12	

26	11	13	19	12	17	

29	30	10	18	18	29	

10	15	18	25	30	21	

19	10	22	25	10	26	

22	21	21	13	28	21	

11	22	11	27	17	26	

11	10	27	16	25	22	

27	12	20	22	20	27	

14	15	13	23	28	26	

20	10	23	18	27	29	

10	21	23	19	30	11	

14	29	12	27	17	14	

18	12	19	11	18	20	

15	23	10	28	16	19	

30	12	28	23	15	30	

14	13	15	17	24	15	

30	13	19	19	13	24	

23	13	30	29	27	29	

18	18	19	16	15	25	

11	22	25	11	18	13	

21	23	16	30	20	29	

25	15	22	15	11	29	

27	21	10	15	30	25	

15	18	28	14	28	12	

28	16	25	27	25	14	

10	28	21	15	14	20	

17	11	30	11	16	25	

24	11	10	26	10	19	

17	30	10	22	20	13	

16	26	13	23	27	24	

30	30	10	19	19	28	

14	11	26	19	25	11	

10	22	28	17	12	22	

20	28	15	11	21	20	

26	20	11	24	12	24	

22	19	21	18	18	28	

24	22	21	16	26	30	

17	25	27	16	12	23	

26	11	24	25	16	13	

22	30	28	15	13	23	

30	13	16	18	24	30	

30	20	27	21	29	22	

25	20	29	12	16	15	

13	10	25	26	24	16	

18	21	22	13	10	23	

29	28	26	28	30	16	

21	29	14	28	22	27	

13	29	10	11	26	10	

28	11	19	27	10	22	

10	21	28	12	13	16	

16	15	18	14	22	28	

25	11	10	22	20	15	

16	12	14	12	15	20	

13	27	24	27	24	12	

12	21	20	28	16	26	

29	20	14	23	26	26	

16	23	11	30	24	29	

24	15	21	13	21	12	

20	15	24	13	16	21	

26	12	10	10	27	18	

20	13	19	29	18	13	

27	14	29	25	14	28	

10	15	24	29	12	19	

20	16	24	12	18	18	

27	17	15	26	24	23	

15	28	12	13	12	17	

30	19	28	28	29	30	

23	20	12	28	29	29	

24	23	18	29	15	12	

20	14	17	18	16	20	

18	12	21	24	24	14	

17	18	17	23	13	13	

25	21	24	15	26	13	

21	13	22	10	14	22	

28	29	12	19	18	16	

13	11	19	21	17	21	

12	13	20	15	14	21	

10	13	27	11	22	12	

10	21	21	22	28	10	

26	24	12	22	24	15	

17	21	30	23	28	24	

23	12	20	10	30	12	

11	19	26	26	30	10	

13	21	30	21	14	14	

19	20	15	30	25	26	

10	28	21	22	19	13	

27	13	18	29	28	14	

19	12	26	30	18	18	

14	11	15	20	27	21	

13	23	13	25	11	26	

26	17	30	24	22	20	

29	29	10	22	27	19	

11	19	22	28	16	20	

16	10	14	25	24	23	

19	15	14	30	25	24	

16	29	12	14	25	30	

18	19	28	15	20	20	

17	13	19	26	22	16	

30	28	22	24	22	27	

28	22	18	27	21	24	

23	19	16	12	13	13	

27	28	18	14	30	15	

26	21	27	22	13	17	

19	20	30	21	11	30	

30	17	22	21	18	13	

10	19	14	21	23	25	

26	24	21	16	11	24	

22	23	29	16	30	18	

26	26	22	29	22	16	

29	24	16	19	21	27	

30	17	22	22	19	17	

13	18	27	28	19	29	

30	19	20	26	29	13	

14	15	10	21	11	19	

26	22	30	23	13	15	

24	24	16	22	11	14	

12	20	27	21	17	30	

21	10	10	17	27	15	

26	11	18	20	14	23	

28	25	28	17	10	18	

17	30	30	15	14	21	

27	28	30	10	18	14	

16	29	18	26	21	13	

18	27	14	10	19	23	

16	19	10	30	25	26	

27	22	18	27	20	16	

22	25	13	11	12	23	

19	19	27	15	30	21	

17	13	15	29	25	10	

23	17	21	24	14	25	

21	15	27	22	28	27	

24	20	30	30	28	10	

12	23	11	12	24	23	

27	27	10	10	17	11	

10	21	25	10	15	13	

17	30	18	21	30	21	

28	20	17	24	16	12	

15	10	12	14	11	22	

16	24	27	17	10	14	

11	25	20	23	18	11	

19	28	23	14	16	12	

11	24	18	26	24	20	

12	11	29	30	30	14	

20	29	30	20	13	13	

28	29	17	15	30	26	

29	16	13	12	19	20	

20	28	20	24	28	13	

27	19	22	16	11	15	

10	17	14	28	24	21	

11	25	15	13	30	13	

12	26	10	16	29	29	

13	20	23	28	12	27	

13	15	18	14	23	15	

10	14	16	14	19	17	

27	20	21	11	23	26	

20	17	10	13	27	21	

14	20	27	28	17	13	

23	17	24	10	15	23	

14	26	10	28	19	30	

23	20	26	23	13	28	

24	19	21	29	25	30	

21	23	14	24	19	16	

28	12	11	13	27	23	

10	16	10	29	13	12	

24	15	15	18	29	15	

12	23	21	30	15	11	

28	29	22	14	27	16	

26	10	16	25	19	26	

21	17	12	27	17	20	

28	15	28	11	25	28	

16	28	11	25	27	15	

20	14	15	26	11	29	

12	22	25	11	25	30	

15	13	12	13	18	23	

21	18	28	25	27	15	

27	28	30	24	10	16	

18	16	26	27	27	25	

20	19	21	23	23	27	

28	13	29	24	22	18	

20	20	10	14	21	15	

23	28	12	14	16	11	

13	17	11	21	10	12	

22	16	11	23	25	26	

19	16	22	16	15	30	

27	21	16	28	24	23	

29	13	13	13	13	14	

16	30	16	18	10	13	

12	11	13	17	22	30	

24	10	12	14	24	21	

26	13	16	18	25	27	

30	27	20	22	10	26	

25	10	28	22	28	24	

24	13	15	24	30	20	

26	16	29	17	28	11	

16	11	15	11	21	25	

29	21	14	25	21	12	

12	24	24	24	17	30	

12	10	13	24	19	25	

24	18	20	30	25	13	

18	25	13	19	19	30	

14	22	24	17	25	17	

15	20	24	26	16	29	

20	10	14	26	13	27	

20	25	12	17	24	17	

13	30	16	20	27	21	

24	22	13	28	17	26	

17	12	23	14	17	25	

22	30	24	15	16	11	

26	25	30	20	28	30	

29	30	15	15	11	10	

22	18	26	12	16	16	

22	18	30	11	20	15	

30	16	25	16	29	29	

30	30	11	22	27	17	

29	28	26	28	17	17	

28	16	13	10	18	23	

26	11	23	24	27	26	

10	22	22	26	23	12	

10	25	27	23	16	19	

22	28	30	20	13	10	

30	23	30	29	23	10	

15	22	16	28	28	23	

16	10	14	23	21	25	

30	14	12	11	24	27	

13	28	22	14	21	26	

19	19	29	13	17	28	

25	24	25	23	12	11	

16	16	13	21	11	30	

28	18	24	30	11	18	

29	12	13	27	19	17	

30	19	18	21	24	16	

16	19	11	15	29	11	

21	22	27	11	24	30	

16	21	19	13	15	27	

15	12	29	28	11	28	

12	24	21	20	26	15	

23	27	27	25	24	27	

12	13	28	29	14	18	

10	27	15	25	24	29	

26	25	13	12	22	25	

13	30	14	21	24	26	

23	29	28	16	11	22	

25	14	15	16	21	24	

24	17	15	15	11	22	

18	15	15	14	16	13	

25	11	21	20	26	13	

17	11	26	29	18	20	

30	30	21	16	21	17	

17	26	29	13	22	27	

12	15	10	29	21	14	

25	28	20	14	14	19	

11	15	16	23	29	21	

17	23	11	28	19	26	

25	22	22	11	25	23	

25	12	16	23	16	20	

23	10	12	22	16	27	

28	28	26	26	24	24	

28	29	12	18	11	18	

12	26	27	18	11	30	

30	17	27	25	28	23	

21	25	15	22	12	20	

28	17	24	15	25	23	

20	20	27	20	20	21	

14	18	22	29	21	13	

13	27	15	26	13	26	

20	16	19	12	17	15	

22	26	21	28	26	30	

15	28	30	19	14	29	

10	18	24	23	15	12	

18	18	21	22	27	16	

22	25	23	26	23	27	

24	13	10	24	23	24	

30	14	12	12	24	28	

15	26	10	24	18	17	

22	18	24	24	18	16	

10	20	12	29	25	16	

22	19	27	12	16	20	

19	29	16	30	28	21	

17	10	10	26	30	12	

23	24	30	18	27	11	

14	10	24	19	24	23	

20	14	11	26	23	29	

27	24	18	18	25	28	

15	25	28	13	16	11	

20	12	26	27	20	27	

14	27	24	12	20	20	

20	10	21	14	13	24	

12	12	26	16	17	10	

10	21	23	13	22	28	

13	22	24	30	22	15	

26	23	29	29	20	12	

29	10	27	24	24	29	

29	17	30	30	13	27	

29	11	15	11	30	19	

29	26	13	21	22	14	

28	28	27	28	25	13	

25	14	13	21	13	18	

15	15	20	13	14	23	

16	25	25	10	24	23	

14	23	21	13	22	21	

28	15	23	21	21	22	

17	17	25	29	25	24	

13	16	21	14	23	17	

12	23	24	12	23	18	

26	11	25	26	21	26	

12	25	19	11	18	26	

27	15	16	15	27	11	

21	21	28	12	16	10	

10	30	18	28	10	19	

24	26	19	16	28	10	

21	16	14	25	13	10	

20	20	20	25	17	25	

27	19	14	21	26	16	

10	28	20	28	22	21	

17	28	18	13	19	26	

30	24	24	12	13	29	

21	15	30	18	14	22	

29	25	21	12	16	12	

22	28	10	12	13	18	

26	16	20	17	25	13	

28	18	21	23	24	22	

24	30	18	17	26	19	

25	27	10	12	10	25	

11	18	16	28	17	13	

19	22	16	23	12	13	

29	11	28	10	13	12	

10	19	21	22	22	22	

16	10	26	30	11	14	

12	25	17	21	21	28	

27	15	25	12	16	16	

19	18	30	23	18	26	

23	13	23	20	25	19	

14	24	24	22	13	18	

22	26	11	11	22	21	

12	30	26	27	23	13	

17	21	10	26	24	17	

26	25	24	20	23	14	

20	19	30	21	18	22	

26	11	20	30	26	29	

18	18	11	22	10	28	

11	11	15	16	25	27	

22	12	21	17	21	28	

27	11	13	26	30	21	

27	19	21	19	20	23	

12	24	24	26	11	13	

19	12	14	26	19	11	

28	25	28	21	21	22	

16	24	12	20	27	12	

23	27	14	24	21	15	

10	10	26	28	19	11	

20	23	19	10	11	12	

26	12	28	26	19	27	

19	14	22	29	28	22	

24	15	27	18	20	15	

22	25	24	11	19	17	

10	29	27	23	22	26	

19	16	15	18	12	14	

23	15	18	10	26	17	

28	17	22	12	12	13	

27	11	12	27	23	22	

23	14	14	27	11	27	

28	30	23	13	22	12	

22	19	14	11	17	10	

15	11	13	12	13	11	

28	30	18	21	25	16	

16	11	23	21	20	25	

22	26	16	26	13	18	

20	24	25	19	10	24	

25	29	25	21	20	16	

17	14	21	19	20	18	

30	17	21	16	29	29	

18	23	15	17	22	10	

29	26	29	11	10	14	

15	18	17	13	12	29	

20	20	14	11	23	22	

24	22	27	26	13	13	

15	19	19	25	30	29	

26	17	21	10	22	28	

13	27	20	30	24	15	

27	25	29	13	24	23	

29	26	27	29	15	13	

15	13	12	13	27	19	

16	10	23	11	22	10	

18	12	10	26	14	14	

15	16	25	30	15	19	

24	26	24	23	11	30	

27	21	13	30	22	23	

25	30	12	22	12	18	

29	28	13	16	16	27	

22	22	24	22	29	10	

18	10	29	16	13	27	

26	27	13	21	15	14	

22	10	17	15	28	30	

25	14	17	23	28	12	

14	24	20	22	11	22	

14	15	16	16	30	22	

24	15	19	27	14	29	

23	22	26	18	16	28	

22	17	15	16	13	17	

11	27	14	29	11	24	

26	27	10	22	22	23	

16	22	25	18	14	20	

22	30	30	28	29	20	

12	29	12	17	21	15	

28	12	21	14	13	11	

18	15	21	25	30	12	

22	15	21	26	14	20	

18	26	25	19	27	28	

16	17	11	12	16	29	

17	17	16	10	15	10	

27	24	14	17	22	13	

20	18	21	27	26	23	

20	13	22	29	30	29	

13	17	29	14	11	22	

30	18	14	18	21	19	

23	19	26	30	16	24	

29	11	13	10	13	20	

17	10	25	26	12	20	

23	29	14	11	11	20	

28	27	17	14	13	10	

15	16	29	25	11	21	

24	18	12	22	25	22	

23	23	29	16	23	29	

10	15	23	14	14	24	

21	24	24	14	10	12	

29	17	27	18	16	30	

21	18	12	14	11	24	

21	12	14	20	18	19	

27	22	18	11	13	15	

20	15	17	16	17	27	

23	10	18	10	27	28	

20	24	29	30	14	28	

25	18	27	15	12	13	

21	18	18	20	17	28	

18	27	14	10	17	17	

19	18	16	23	17	26	

15	10	15	22	21	22	

17	19	16	12	23	28	

16	16	23	10	19	14	

22	13	27	15	27	19	

14	16	14	22	30	29	

20	14	22	14	14	10	

18	16	12	10	11	29	

13	16	26	30	30	24	

15	13	20	17	17	18	

12	23	12	18	22	29	

15	16	10	18	21	29	

12	28	23	17	21	30	

25	20	18	12	27	23	

24	14	13	26	27	12	

29	24	18	27	25	11	

29	10	13	17	19	28	

17	28	28	21	21	25	

11	19	25	25	19	14	

21	28	11	14	15	23	

16	15	12	13	21	12	

27	19	22	27	12	30	

25	26	13	21	10	21	

18	24	15	29	26	13	

12	12	13	19	10	16	

12	26	30	23	14	10	

27	10	27	25	15	24	

10	25	15	23	29	10	

26	29	28	25	11	13	

19	15	15	30	24	23	

18	12	16	12	22	10	

29	20	13	14	22	21	

24	20	14	20	12	17	

18	27	23	11	16	24	

29	11	21	24	22	16	

18	21	22	10	12	16	

10	29	17	24	29	26	

24	24	24	12	16	24	

17	12	11	26	15	27	

17	15	21	23	20	27	

21	30	29	25	29	18	

28	25	21	16	15	15	

21	11	29	23	29	22	

19	27	19	23	30	11	

27	19	10	20	28	20	

19	19	14	18	11	30	

20	17	15	24	15	26	

15	12	14	13	26	24	

16	12	12	27	24	13	

26	13	24	28	13	24	

15	11	14	27	10	11	

30	28	13	13	26	10	

22	15	25	30	17	24	

12	28	19	20	30	19	

30	21	30	13	29	13	

25	11	26	17	26	10	

17	29	25	27	21	19	

26	27	22	28	26	11	

30	11	29	15	24	30	

15	12	12	19	17	11	

23	27	24	28	21	24	

27	12	22	17	29	16	

23	26	30	27	17	13	

12	20	29	28	19	25	

27	14	20	25	20	23	

18	30	17	11	19	23	

14	18	25	21	23	15	

10	23	14	28	17	17	

30	18	19	28	22	16	

28	30	14	17	22	27	

17	29	25	23	15	17	

11	10	15	22	18	20	

30	20	28	15	19	26	

15	30	18	21	19	30	

29	19	24	16	28	27	

16	22	20	22	20	19	

17	20	18	14	27	25	

15	19	13	11	10	14	

10	24	14	26	28	29	

20	30	18	19	30	25	

22	26	16	16	14	22	

11	29	29	25	28	26	

15	10	12	14	29	13	

27	20	14	11	30	10	

23	25	24	25	17	24	

25	21	26	30	30	29	

30	27	22	30	29	11	

23	11	12	15	29	19	

24	20	22	19	24	14	

10	16	13	27	30	16	

18	16	30	11	17	22	

27	18	29	28	28	26	

19	28	13	27	26	26	

12	12	18	22	13	28	

25	27	14	10	25	22	

15	29	24	25	26	25	

25	23	24	16	30	26	

30	29	27	11	25	15	

19	23	25	16	14	13	

28	13	12	25	23	27	

19	26	17	17	12	26	

19	11	23	24	12	22	

18	26	20	20	20	14	

18	22	25	30	11	18	

17	27	29	17	26	13	

30	25	23	24	26	17	

30	11	29	10	18	30	

23	15	11	18	14	30	

25	19	10	25	28	14	

11	20	16	25	15	18	

24	10	16	20	15	27	

24	22	11	24	27	16	

26	26	14	24	21	22	

29	23	23	20	17	28	

25	14	24	21	26	14	

21	17	24	27	18	10	

27	22	28	24	14	22	

20	15	12	19	15	10	

15	14	25	24	27	12	

25	21	25	28	12	13	

30	21	12	13	22	17	

24	10	19	30	25	16	

12	18	30	29	14	15	

30	11	26	21	11	23	

26	25	27	10	13	18	

10	30	11	14	20	22	

13	30	26	10	30	28	

25	15	19	10	16	11	

21	20	14	15	16	25	

18	29	10	27	22	14	

20	21	25	21	23	28	

19	11	23	12	20	27	

23	20	15	26	26	18	

13	19	18	29	27	18	

15	19	23	29	29	22	

25	16	15	10	22	28	

11	26	12	15	25	14	

23	26	30	16	26	25	

28	18	28	27	23	18	

24	10	10	12	17	25	

11	16	26	24	23	18	

30	26	11	17	29	11	

28	17	13	19	16	30	

18	30	20	19	23	25	

10	24	22	24	30	14	

22	15	13	13	18	26	

17	28	17	22	13	30	

29	26	18	12	16	16	

20	20	10	14	16	10	

19	24	22	16	24	26	

24	15	24	30	13	19	

10	27	11	24	24	18	

18	26	16	11	23	17	

27	25	16	28	26	27	

25	10	13	21	24	14	

14	25	14	22	30	28	

25	17	15	15	23	27	

25	23	18	26	20	20	

21	20	23	29	11	23	

25	28	13	26	18	25	

29	26	22	16	27	25	

25	24	25	14	16	28	

29	10	28	27	17	12	

16	24	18	21	19	28	

20	26	28	20	23	11	

28	19	23	11	30	24	

12	16	24	20	29	24	

10	23	30	14	30	17	

16	30	10	15	25	17	

27	11	15	11	20	24	

17	21	24	23	27	20	

17	21	12	20	27	29	

27	24	18	17	12	30	

23	24	19	13	25	24	

15	22	15	29	28	25	

10	17	14	11	26	23	

26	25	30	13	19	21	

16	21	20	21	21	19	

11	15	19	14	20	16	

29	24	10	20	29	12	

23	12	24	30	18	24	

23	12	26	17	22	16	

17	11	23	18	24	18	

25	12	16	20	25	23	

13	19	11	28	13	18	

22	24	23	14	18	20	

28	10	16	15	17	19	

14	25	18	25	26	18	

15	10	23	13	16	12	

18	12	19	15	15	10	

30	27	11	27	15	25	

12	24	27	16	15	25	

20	16	18	11	10	13	

28	16	28	24	29	24	

21	19	21	30	15	11	

16	16	14	11	23	14	

12	19	26	29	18	25	

17	17	12	16	25	30	

18	26	25	13	16	11	

11	19	27	24	14	25	

19	17	11	26	17	22	

11	12	15	18	13	26	

13	12	24	26	15	25	

18	17	13	24	11	21	

13	22	10	18	16	25	

25	27	20	21	10	15	

30	24	24	12	26	19	

15	29	13	20	28	10	

16	26	23	22	11	29	

29	10	30	24	29	14	

11	20	23	30	10	18	

28	17	16	18	30	30	

23	24	17	10	11	26	

17	11	19	14	28	15	

22	14	28	23	24	21	

21	22	28	16	23	22	

13	13	21	30	25	18	

25	15	11	21	28	18	

11	25	19	30	15	28	

18	17	10	14	27	30	

21	30	17	22	24	19	

30	23	17	21	26	17	

25	14	10	19	18	11	

15	16	17	29	18	21	

24	26	22	27	14	25	

30	24	20	26	19	10	

13	16	22	30	30	16	

14	19	20	13	12	25	

12	28	21	30	15	11	

29	16	25	19	15	11	

15	25	14	30	29	23	

11	20	24	18	23	24	

20	20	16	22	30	30	

26	22	13	29	21	12	

28	26	11	23	27	12	

25	21	14	21	29	19	

23	13	17	14	22	30	

28	14	30	13	15	26	

27	13	30	28	19	10	

15	14	12	11	25	27	

22	21	19	13	26	17	

18	19	10	24	20	25	

18	17	16	11	13	12	

12	19	19	27	25	12	

17	12	27	19	17	17	

13	30	18	17	28	16	

13	11	14	24	27	13	

20	16	11	10	27	13	

21	29	23	12	10	19	

19	14	22	24	25	28	

12	17	10	28	30	19	

14	16	27	10	16	13	

21	25	20	21	24	15	

16	30	19	16	19	13	

24	14	13	14	28	18	

24	18	25	14	22	29	

23	29	29	26	16	20	

22	23	10	11	16	19	

12	24	29	20	25	30	

28	28	10	15	27	27	

13	29	11	15	23	15	

21	27	17	21	12	21	

30	17	17	24	21	20	

13	10	16	16	29	12	

16	24	13	16	16	13	

11	19	20	24	30	19	

19	13	30	26	24	30	

30	23	10	21	28	23	

10	17	16	12	15	26	

18	26	30	11	11	13	

28	16	15	13	14	16	

20	21	10	24	16	22	

25	19	22	30	30	13	

17	20	26	28	21	16	

30	22	13	11	11	22	

17	25	12	29	19	26	

25	23	18	28	27	24	

16	27	22	11	30	24	

11	22	15	18	27	29	

30	12	30	13	12	13	

15	23	18	11	29	22	

22	18	10	11	25	12	

17	30	26	14	13	26	

19	30	24	23	13	14	

17	27	28	27	15	24	

24	11	29	19	18	19	

21	26	24	14	29	14	

23	29	10	11	15	26	

29	14	23	11	28	21	

17	24	15	25	14	29	

11	25	16	13	19	15	

23	15	10	22	15	27	

11	18	17	27	22	20	

19	13	16	16	15	11	

18	25	26	16	13	17	

13	30	20	27	30	19	

22	26	27	28	22	30	

17	14	27	15	15	17	

19	17	29	14	18	17	

24	26	13	28	22	28	

14	26	20	18	27	25	

17	21	11	30	21	15	

15	26	24	24	10	23	

24	25	13	19	29	10	

27	22	23	11	18	21	

27	12	22	22	20	27	

15	14	12	11	19	28	

20	12	21	17	24	16	

11	18	25	21	25	15	

16	20	29	12	22	14	

14	15	15	21	12	17	

15	28	20	16	23	10	

27	24	11	26	19	13	

10	24	15	30	20	19	

18	19	28	14	17	12	

30	24	21	12	24	30	

18	11	15	20	19	24	

23	25	29	30	22	30	

18	19	11	30	10	20	

23	18	20	10	11	16	

17	19	28	29	21	21	

12	12	20	13	30	13	

22	14	15	26	17	29	

26	23	16	24	28	19	

27	23	10	13	20	11	

28	24	12	19	14	28	

25	19	28	20	13	18	

26	13	28	20	28	24	

18	19	25	20	16	13	

14	17	25	15	16	10	

19	28	11	26	17	21	

23	10	24	12	19	10	

29	13	16	15	21	14	

25	10	13	15	14	13	

23	23	23	28	17	30	

25	28	10	17	15	11	

23	12	14	15	12	12	

25	28	17	28	13	29	

23	16	26	12	30	13	

27	14	24	21	18	15	

10	23	14	19	17	19	

20	30	21	17	14	27	

18	27	18	25	17	11	

20	26	12	26	20	18	

15	16	22	21	26	29	

25	30	15	24	20	21	

15	12	16	29	22	21	

20	20	30	24	10	19	

26	13	18	26	21	15	

14	23	27	13	14	21	

16	21	23	11	13	29	

26	10	22	18	23	26	

13	18	25	15	16	15	

30	28	17	13	23	19	

23	27	13	26	18	25	

14	25	29	11	30	26	

13	16	11	18	26	10	

