1025	7


10405
10246
10421
10176
10161
10082
10265


52
54
57
86
98
52
68
55
92
100
74
98
52
70
51
71
58
93
58
98
61
68
78
99
100
73
64
100
89
84
77
85
52
59
64
78
69
62
92
56
68
50
80
58
70
81
60
97
61
61
79
68
58
92
66
61
80
58
94
87
92
58
92
60
74
53
100
68
89
59
88
51
56
51
95
50
53
68
71
90
82
58
66
93
67
52
94
61
99
69
61
78
87
53
89
58
84
54
50
70
94
100
82
84
59
51
87
70
55
63
70
71
80
100
56
54
77
86
61
100
98
52
87
50
52
88
73
77
97
86
61
86
95
95
97
66
65
77
54
92
72
91
83
96
72
84
99
100
74
84
83
69
71
80
68
70
87
93
96
55
92
90
83
89
70
52
96
84
51
53
61
93
59
61
50
62
78
69
79
80
58
61
56
76
72
74
79
50
74
73
84
76
77
61
55
93
68
82
53
79
70
92
95
86
77
85
69
83
69
96
96
61
72
73
99
65
65
64
79
83
68
76
57
81
83
86
98
62
72
80
74
53
84
58
79
91
54
69
97
89
86
86
71
57
91
76
67
70
83
96
63
65
85
96
89
70
87
50
72
54
73
67
86
59
77
63
51
59
51
92
55
84
53
84
75
86
71
84
56
56
79
94
60
60
90
65
90
68
53
92
99
87
51
78
92
64
55
52
90
90
63
55
74
63
54
82
63
77
77
84
89
68
86
74
92
66
77
80
94
69
81
54
57
71
55
83
68
53
59
86
69
99
86
65
50
59
67
70
80
99
72
57
82
100
75
59
74
72
99
52
91
61
61
50
53
82
54
84
72
67
83
61
59
68
64
55
89
74
71
88
85
69
53
87
76
68
80
85
83
62
73
70
85
51
89
78
62
100
94
91
65
93
78
65
99
57
67
86
59
55
56
67
78
52
71
54
98
89
59
98
90
94
99
86
56
67
65
77
54
77
68
100
79
98
52
55
94
54
65
94
63
85
69
92
96
51
63
68
64
88
94
62
64
64
96
73
76
94
67
71
85
98
60
82
59
83
55
89
88
85
100
89
73
62
92
59
82
65
75
73
51
74
79
52
54
92
60
70
66
75
89
60
88
87
97
81
89
67
94
54
93
80
63
95
59
65
89
55
64
100
87
75
64
62
76
82
83
60
89
65
67
57
73
93
78
84
67
88
68
62
91
76
86
58
61
62
77
72
58
69
67
52
97
86
69
54
81
84
79
56
50
78
56
86
51
75
79
98
90
76
97
79
52
84
70
90
66
95
71
68
50
99
61
83
55
65
74
66
85
53
65
59
98
69
95
64
86
74
53
78
70
66
87
85
57
73
98
60
81
54
93
94
99
88
90
52
79
78
63
92
61
65
87
81
98
83
88
73
65
93
64
81
72
52
96
81
79
55
59
89
53
55
90
80
68
62
86
56
92
76
54
87
71
86
95
98
53
79
91
54
63
79
86
95
66
85
83
76
54
63
93
54
72
57
93
88
99
59
55
65
94
84
99
89
89
82
75
56
86
98
92
52
91
100
60
71
77
50
76
77
66
100
85
79
96
61
86
91
92
89
73
80
64
62
83
85
70
92
86
90
88
89
98
94
86
81
66
88
71
81
65
82
62
65
97
56
72
55
81
88
61
64
72
80
74
64
59
94
89
81
58
92
84
76
83
61
66
51
74
62
53
91
76
75
77
75
92
87
81
81
52
78
63
90
74
75
53
52
93
60
69
79
87
98
71
83
77
59
76
90
77
96
66
87
64
65
56
53
69
99
61
71
72
53
89
86
73
62
52
75
76
76
71
73
93
92
98
89
93
85
78
73
84
57
65
71
93
95
50
56
62
77
96
98
82
91
57
89
73
52
62
51
72
71
59
81
89
68
60
91
51
80
65
92
56
56
99
72
63
51
62
69
89
70
64
59
85
89
91
87
61
64
99
77
52
94
67
60
64
51
90
86
69
97
90
58
54
60
99
77
65
53
92
54
91
84
51
68
99
57
76
56
74
77
70
95
52
83
83
87
99
76
92
91
60
94
68
94
95
99
81
68
75
50
92
99
82
75
79
89
52
84
76
78
56
55
93
69
71
82
82
75
67
79
54
60
52
87
56
81
96
82
52
88
81
75
97
66
90
68
77
67
94
59
67
57
84
94
83
76
89
97
86
71
69
72
52
86
55
76
88
67
80
53
88
76
69
86
70
96
81
92
65
91
98
87
68
65
86
90
60
85
87
95
57
76
66
51
99
84
93
100
63
85
55
60
80
52
51
69
53
60
62
98
78
68
59
97
56
96
59
55
86
97
53
88
51
94
90
70
71
75
92
87
50


18	10	29	26	20	30	24	

13	18	24	24	28	14	23	

22	13	17	27	24	16	27	

16	29	20	14	24	13	25	

13	25	13	19	30	11	10	

30	23	30	24	20	21	20	

10	14	22	24	14	27	29	

29	27	17	22	20	22	30	

26	30	21	23	12	19	25	

29	29	25	23	20	21	22	

14	16	12	12	29	23	13	

12	28	21	26	14	25	29	

22	17	30	16	30	17	17	

18	16	21	20	16	18	20	

30	27	30	18	18	10	16	

10	11	13	27	22	19	19	

23	22	27	10	26	28	23	

14	13	17	15	28	30	10	

16	19	19	17	26	16	16	

29	14	10	24	11	15	15	

15	12	29	14	30	12	22	

23	13	29	25	12	11	23	

14	26	21	10	20	17	16	

15	19	23	13	26	28	22	

19	19	21	25	30	17	18	

11	11	18	14	11	23	11	

10	24	24	29	18	30	22	

17	13	16	18	14	22	20	

20	30	26	18	18	26	27	

18	13	24	16	10	27	23	

22	28	19	30	19	30	15	

18	15	17	25	14	27	15	

12	30	16	13	12	30	25	

11	14	14	18	10	11	22	

26	28	25	18	26	16	16	

11	10	19	21	25	28	19	

11	27	22	13	22	14	14	

22	13	30	29	19	13	13	

27	27	30	24	29	17	15	

30	15	27	18	21	18	21	

26	10	19	27	29	11	10	

29	28	29	30	24	22	26	

23	28	23	12	11	27	14	

26	18	10	26	14	13	22	

17	13	18	13	13	22	29	

10	10	24	18	19	12	17	

23	28	29	24	22	29	18	

30	18	22	30	13	17	14	

22	18	24	17	11	19	26	

24	28	11	23	18	19	10	

25	17	16	24	23	15	12	

23	14	13	23	14	21	29	

18	26	29	22	10	11	11	

17	25	13	25	10	27	26	

21	17	19	18	23	13	19	

24	21	19	11	25	18	25	

29	12	25	19	18	11	16	

25	22	10	16	26	10	15	

11	21	18	29	14	12	14	

20	19	27	14	13	26	27	

11	10	19	19	22	28	19	

21	25	10	23	15	22	29	

27	20	22	15	13	25	20	

25	21	25	29	15	12	22	

11	10	24	13	13	19	21	

23	18	25	24	10	22	24	

23	29	22	27	28	10	13	

25	24	18	28	28	15	11	

23	20	14	14	15	30	29	

28	24	10	17	17	24	29	

12	27	25	25	10	29	14	

26	18	22	27	26	13	21	

20	12	28	25	23	29	11	

30	27	19	23	28	27	22	

17	29	27	30	21	27	20	

13	22	30	28	14	18	30	

15	30	12	10	21	11	29	

19	14	12	26	30	18	16	

12	27	28	17	29	12	11	

30	23	10	24	29	24	28	

15	21	11	11	19	16	13	

16	10	27	21	24	18	20	

12	19	25	26	13	22	21	

18	18	24	28	30	13	27	

29	10	29	20	11	23	28	

25	25	12	19	27	15	22	

26	28	20	21	21	27	29	

11	21	28	27	16	21	21	

13	19	24	12	11	26	24	

10	17	28	15	20	10	16	

21	14	15	28	18	19	17	

15	17	20	23	21	30	13	

10	10	10	28	24	12	23	

16	17	21	21	29	17	20	

22	11	16	18	13	11	20	

20	22	16	27	14	11	26	

19	21	17	13	16	18	18	

14	14	14	30	17	22	13	

16	16	19	30	24	18	14	

12	20	21	22	10	15	15	

20	21	28	19	13	29	26	

13	26	16	15	10	22	12	

28	21	23	28	24	19	25	

22	25	22	26	22	30	28	

15	28	22	22	27	21	21	

11	25	23	23	27	15	11	

20	30	13	11	20	16	20	

19	19	25	22	10	21	14	

11	30	28	12	24	15	22	

19	20	19	15	27	17	29	

21	30	14	21	13	19	16	

16	12	22	15	25	13	10	

15	10	27	28	15	24	17	

17	13	24	21	19	19	20	

16	26	23	10	18	10	14	

18	18	15	27	26	14	21	

13	30	22	17	18	27	30	

25	23	18	25	20	29	15	

26	13	12	26	28	14	12	

17	20	25	15	15	13	11	

16	23	27	30	30	14	27	

12	11	14	29	24	13	26	

15	20	24	11	14	22	28	

23	20	20	17	15	26	20	

11	30	25	28	25	14	15	

24	29	14	30	10	16	26	

17	24	28	23	17	20	17	

12	15	21	22	29	17	24	

10	26	14	12	26	22	23	

22	22	24	21	12	21	10	

13	21	29	20	19	21	13	

22	18	13	22	13	12	16	

12	28	17	14	20	22	14	

16	15	20	18	19	26	27	

13	21	20	23	22	12	14	

11	27	28	29	25	26	17	

27	15	27	29	20	28	18	

29	21	16	25	27	10	10	

29	13	29	13	24	16	17	

13	22	27	24	18	30	27	

23	30	17	18	28	29	14	

20	27	29	19	12	26	24	

24	13	27	10	19	21	20	

15	16	18	10	29	22	27	

21	17	18	13	11	23	15	

15	27	21	14	26	29	30	

27	22	24	29	17	19	14	

30	26	21	14	19	23	24	

23	10	25	30	11	24	19	

18	30	16	17	15	16	11	

23	22	26	23	29	22	22	

11	27	20	30	22	24	29	

24	13	18	18	25	26	19	

29	19	26	16	21	24	18	

23	29	21	23	25	24	30	

17	15	15	22	11	30	20	

30	14	10	18	13	10	19	

17	14	13	11	24	18	20	

12	29	27	21	17	27	10	

20	24	21	10	14	16	24	

14	27	16	28	29	18	11	

12	27	20	14	25	29	12	

14	13	27	30	22	17	23	

17	19	11	23	14	22	16	

29	24	12	30	21	20	13	

25	10	26	13	26	13	11	

25	29	28	27	13	18	17	

16	14	13	25	18	14	15	

18	16	17	19	30	20	22	

28	12	26	10	16	15	22	

18	26	14	20	11	27	17	

29	23	18	25	23	25	11	

22	28	24	30	21	13	18	

13	27	29	17	14	19	16	

21	22	23	29	30	16	28	

23	15	15	12	14	23	16	

27	27	17	15	22	11	23	

25	22	16	17	30	19	19	

24	27	28	21	15	23	27	

28	22	11	27	10	10	29	

13	18	19	16	22	30	29	

19	25	21	18	19	15	20	

22	17	25	29	20	19	17	

28	11	17	19	23	25	19	

27	14	28	22	27	21	26	

22	18	21	10	22	20	15	

28	16	30	26	27	19	26	

21	12	30	17	11	10	11	

22	17	27	17	30	17	14	

15	17	29	18	30	14	28	

21	24	10	26	16	22	25	

14	20	15	11	17	18	29	

22	22	10	11	15	28	24	

25	12	30	19	15	20	11	

16	28	19	10	11	15	14	

14	29	17	18	22	18	23	

14	29	28	18	10	14	29	

28	12	11	27	10	21	30	

23	25	23	16	29	10	15	

27	22	16	29	25	16	26	

18	22	17	23	27	13	25	

27	16	13	24	29	28	22	

21	23	15	21	25	20	28	

16	15	16	27	21	21	28	

11	11	14	21	10	30	27	

30	14	25	30	15	14	16	

10	18	26	15	13	10	14	

25	29	29	11	21	16	24	

23	20	29	30	30	19	29	

24	27	26	25	17	16	29	

12	17	18	20	13	14	17	

29	13	12	21	28	13	27	

30	24	18	17	10	29	24	

29	10	10	18	30	26	19	

27	17	20	14	15	23	29	

22	25	25	12	11	10	28	

12	10	14	10	22	29	12	

16	23	25	11	13	11	12	

13	17	18	22	25	27	27	

30	13	22	12	11	26	25	

29	16	25	29	22	16	13	

27	12	17	15	14	14	29	

14	12	16	11	13	22	29	

17	22	20	11	12	29	17	

11	10	29	18	26	27	18	

12	19	29	23	27	10	29	

28	10	12	21	19	30	19	

28	14	30	15	21	30	24	

27	23	11	25	29	13	14	

11	11	12	30	30	22	19	

14	25	13	14	13	10	22	

24	21	21	17	25	25	10	

26	25	21	28	23	26	19	

24	25	26	24	18	23	25	

19	27	12	25	25	15	20	

29	21	27	25	22	17	30	

30	27	23	30	26	28	29	

21	30	23	10	12	22	21	

22	17	30	23	21	17	25	

27	23	24	13	15	20	18	

13	17	28	15	27	15	30	

25	16	19	18	20	14	21	

23	20	28	25	11	19	24	

18	22	12	21	28	25	26	

25	25	27	14	19	17	17	

19	11	19	23	11	19	18	

21	20	30	23	15	23	13	

19	11	25	23	18	26	21	

30	27	17	22	25	29	12	

29	18	30	28	19	15	12	

28	25	24	24	14	13	21	

28	10	26	10	17	26	25	

19	24	25	28	11	15	11	

27	26	17	20	15	11	14	

22	18	11	21	17	26	19	

21	14	18	23	23	20	26	

24	17	24	15	13	23	23	

11	26	12	27	11	13	10	

22	20	15	21	12	15	26	

29	11	22	25	22	19	17	

19	30	17	29	29	11	13	

18	29	16	30	12	13	20	

15	16	16	11	28	29	25	

25	24	17	25	27	13	11	

19	29	17	19	23	29	12	

17	12	29	29	11	17	18	

25	26	14	21	27	16	30	

29	17	13	17	25	30	28	

14	26	25	17	13	20	28	

18	15	17	17	26	29	29	

30	18	10	10	16	10	11	

21	18	15	17	11	19	12	

21	27	18	30	27	18	29	

10	11	20	12	20	29	30	

27	24	17	25	16	22	16	

26	11	25	17	10	13	10	

17	21	28	21	23	15	23	

12	15	24	10	24	18	16	

30	15	16	12	19	26	20	

27	25	21	16	17	17	25	

23	21	13	15	13	24	25	

14	17	19	18	25	11	30	

13	18	19	14	16	10	15	

27	27	27	24	10	18	23	

25	15	21	20	13	21	28	

16	24	30	24	21	27	21	

30	24	24	15	24	14	26	

28	24	27	20	16	25	19	

22	16	27	20	16	21	11	

19	19	24	26	24	29	20	

28	28	10	20	10	18	25	

12	19	14	18	22	20	30	

18	11	12	16	16	15	23	

11	13	16	13	11	11	10	

16	22	29	12	28	12	21	

29	26	26	13	14	27	24	

14	14	26	29	10	21	21	

27	16	21	12	18	18	14	

20	12	29	10	11	23	17	

30	23	26	10	21	16	21	

29	17	14	10	29	19	19	

16	23	28	29	14	23	26	

29	16	22	25	20	19	20	

25	26	19	17	27	11	26	

29	27	15	24	14	19	17	

13	12	22	25	29	29	20	

23	20	16	23	23	26	29	

11	14	19	15	25	20	21	

13	25	22	18	10	27	16	

22	22	22	21	11	28	27	

10	16	30	29	13	12	13	

21	29	24	10	27	18	18	

27	22	22	20	22	11	13	

13	30	23	21	25	24	17	

23	12	23	18	10	25	24	

27	27	21	30	18	16	21	

25	25	29	10	12	25	11	

20	27	19	15	27	12	14	

30	29	19	10	19	10	20	

25	20	21	28	29	10	26	

28	28	15	14	13	24	14	

12	13	13	16	11	22	11	

29	23	27	18	22	18	25	

24	12	14	13	12	10	30	

13	11	10	28	25	21	26	

20	24	20	24	27	16	29	

11	10	29	27	13	20	21	

12	13	25	29	27	23	25	

26	12	15	22	11	17	14	

20	30	22	10	12	27	24	

12	25	26	26	17	17	29	

14	27	18	16	18	17	21	

13	30	12	10	15	23	30	

27	15	16	13	25	14	26	

24	30	19	12	14	22	15	

24	29	26	11	24	16	24	

23	18	18	21	16	11	13	

22	22	11	22	15	20	21	

19	16	13	10	11	17	26	

18	30	18	29	16	18	22	

15	17	21	13	22	23	29	

21	15	22	11	18	24	13	

26	23	27	19	17	15	18	

20	28	10	30	17	16	13	

29	19	24	30	28	19	22	

24	16	27	20	19	12	18	

26	29	25	26	13	26	22	

26	30	29	25	27	21	21	

11	25	10	11	13	15	21	

10	11	22	13	21	30	22	

12	25	15	20	18	10	23	

12	16	22	24	18	21	11	

24	28	19	17	17	16	29	

21	30	25	13	18	30	11	

25	18	28	29	17	28	16	

13	23	11	10	24	10	29	

16	14	13	11	11	18	29	

23	29	13	30	17	29	30	

10	25	11	26	10	28	26	

14	19	29	17	14	13	26	

24	15	26	24	28	19	12	

20	12	22	13	27	20	16	

14	14	11	10	10	13	25	

24	26	13	25	23	21	17	

27	24	10	20	23	16	23	

26	16	25	16	22	30	19	

24	10	20	18	28	27	28	

25	16	16	13	21	13	14	

22	30	23	30	13	26	22	

13	15	27	13	12	18	25	

27	12	10	10	17	17	24	

25	10	27	22	10	29	20	

23	23	25	20	15	10	29	

17	24	23	30	19	12	26	

20	27	28	29	21	12	14	

29	18	30	23	27	21	18	

15	13	18	17	18	10	30	

13	12	15	19	28	18	13	

14	20	14	23	18	20	15	

18	27	25	28	27	22	17	

29	19	20	22	16	26	10	

19	21	28	28	21	30	17	

16	15	12	25	28	15	14	

11	18	13	23	17	20	22	

14	20	30	23	30	16	13	

27	18	20	29	14	13	21	

18	14	22	21	21	25	19	

22	12	16	24	22	12	16	

13	17	22	15	20	21	27	

10	11	23	18	28	30	22	

17	25	23	10	21	22	20	

25	11	16	15	19	30	10	

14	11	29	12	19	30	27	

21	16	15	16	26	23	17	

24	12	27	22	12	11	24	

15	26	16	29	29	20	20	

29	13	11	19	29	12	17	

18	29	21	22	27	14	16	

22	26	24	11	10	20	16	

28	15	15	19	11	29	15	

10	14	21	21	24	25	19	

20	27	22	15	22	19	17	

20	23	28	10	17	15	16	

25	10	24	15	25	29	23	

13	26	10	11	13	15	20	

23	10	16	20	24	20	24	

29	22	24	13	29	28	28	

19	15	15	17	17	13	27	

27	14	11	15	21	13	14	

18	18	22	14	16	12	16	

21	11	17	20	14	11	15	

19	22	14	20	14	26	13	

26	16	18	13	23	12	30	

12	12	12	25	23	22	15	

25	12	11	20	22	14	23	

17	29	25	20	14	11	19	

23	18	27	22	15	13	23	

27	23	21	25	18	15	30	

24	17	24	12	25	18	18	

11	20	10	15	23	25	18	

14	17	29	22	15	30	25	

28	13	17	17	20	27	14	

17	22	17	15	19	24	22	

22	16	13	24	21	21	21	

11	20	27	16	19	18	29	

22	17	14	24	18	22	30	

20	22	21	30	11	20	13	

21	21	30	18	26	16	19	

15	25	21	29	11	11	26	

25	12	19	27	28	21	19	

17	17	27	27	26	16	11	

21	11	24	13	13	11	17	

27	30	28	13	25	22	29	

22	23	27	27	23	17	17	

15	20	12	19	17	17	22	

10	25	21	24	19	26	16	

16	13	21	21	13	16	14	

30	28	27	23	18	25	12	

28	28	15	17	30	26	14	

23	22	22	28	19	12	17	

14	12	30	13	29	11	13	

17	26	22	25	10	23	10	

22	26	25	26	27	19	28	

23	10	26	29	23	23	25	

24	25	22	22	12	11	20	

27	14	23	13	17	16	30	

20	18	26	10	21	29	20	

25	22	25	14	25	24	12	

13	16	29	30	22	24	18	

15	26	14	11	23	25	23	

21	13	14	25	10	16	10	

13	14	27	12	20	22	30	

13	21	22	26	13	16	13	

26	21	26	14	15	29	25	

21	11	11	18	14	23	24	

22	14	18	15	12	17	25	

16	23	22	23	19	15	28	

27	22	19	25	27	19	13	

29	25	15	20	20	28	11	

13	24	12	13	18	10	26	

28	21	25	27	13	16	22	

24	20	18	13	17	24	20	

23	14	19	19	25	16	25	

10	18	16	18	20	24	16	

29	18	26	14	16	21	17	

25	21	20	18	11	11	10	

21	10	20	10	29	16	13	

12	25	23	13	18	22	24	

21	17	11	19	19	14	15	

12	28	18	18	15	29	23	

19	19	21	12	24	29	28	

18	28	16	19	16	26	13	

24	23	29	12	25	21	13	

27	18	28	21	23	19	11	

18	11	18	26	14	19	25	

26	19	21	22	22	25	15	

20	12	14	12	20	28	10	

29	13	13	17	19	21	16	

11	12	18	28	13	30	23	

15	15	28	29	16	30	15	

15	11	20	19	30	21	15	

30	22	30	11	23	14	28	

14	27	13	19	18	12	22	

24	14	18	15	27	13	27	

27	14	11	18	18	11	16	

23	12	23	21	17	18	25	

23	14	24	23	30	22	21	

16	18	19	26	21	25	11	

13	21	22	16	18	12	11	

19	25	18	30	23	17	25	

21	26	29	19	27	21	29	

30	25	26	21	20	24	21	

30	14	30	24	14	16	19	

14	12	11	16	27	27	17	

28	13	28	13	24	15	20	

14	13	16	14	25	25	12	

22	17	12	30	21	15	19	

16	14	11	23	17	10	12	

20	26	18	14	21	22	16	

21	21	26	17	27	26	20	

30	24	20	11	18	13	24	

28	22	18	11	14	16	25	

12	16	13	24	24	25	17	

19	24	17	28	25	11	11	

28	14	26	15	18	27	11	

25	27	29	18	27	19	27	

25	30	28	14	29	14	27	

16	22	28	30	22	17	20	

23	12	25	23	15	13	19	

30	15	10	24	10	13	30	

29	13	17	24	19	14	28	

10	25	10	26	25	12	27	

14	29	10	22	24	19	30	

25	23	23	23	29	19	16	

27	13	24	28	28	19	20	

19	29	17	28	13	13	29	

24	18	21	26	11	29	14	

24	22	11	17	29	11	20	

29	30	14	28	15	29	15	

30	21	21	30	13	18	20	

16	13	17	22	28	14	25	

10	27	19	24	30	27	24	

18	13	18	29	16	19	10	

25	19	11	21	17	22	10	

24	25	20	23	29	22	14	

25	12	22	30	13	10	26	

22	29	26	23	13	25	18	

17	27	28	22	27	10	30	

28	21	24	11	12	22	12	

28	23	20	28	23	22	23	

19	26	29	27	24	30	27	

13	13	14	19	20	27	16	

10	30	14	10	29	14	14	

10	10	29	20	17	21	10	

11	17	20	30	24	13	30	

25	24	14	21	18	29	24	

30	22	12	29	30	27	10	

19	16	18	18	25	13	11	

16	18	21	17	26	16	23	

12	30	14	23	12	13	15	

15	10	13	11	15	22	15	

29	25	30	18	29	12	16	

12	14	30	25	13	12	19	

16	10	27	30	25	30	11	

26	24	25	29	26	27	26	

17	17	11	10	10	11	19	

17	20	30	15	28	11	28	

10	15	12	22	22	30	30	

13	21	29	15	26	10	25	

16	20	26	15	18	17	12	

29	17	18	14	15	27	17	

20	26	13	18	10	22	16	

21	30	11	21	16	13	26	

30	30	24	17	20	30	23	

18	10	29	20	13	24	27	

13	28	19	30	16	15	24	

15	12	15	16	24	10	15	

18	30	29	19	22	10	29	

12	21	18	22	17	15	10	

27	22	16	18	23	30	27	

22	16	28	23	27	18	23	

14	30	21	21	27	26	28	

16	12	27	27	25	23	25	

27	25	19	18	23	30	21	

15	26	22	22	26	22	17	

10	28	26	19	23	27	18	

16	24	28	20	28	22	25	

22	29	14	10	20	30	30	

13	18	28	24	15	20	18	

13	17	23	28	18	14	12	

30	16	30	10	17	11	28	

25	26	22	21	30	17	30	

29	20	13	28	20	11	18	

22	13	15	17	17	27	14	

29	30	12	18	14	17	20	

27	16	28	13	10	17	16	

28	20	23	20	21	25	25	

28	23	18	21	27	15	21	

15	22	24	28	15	10	17	

25	11	10	22	23	18	22	

19	17	23	20	18	10	22	

18	14	19	24	15	11	15	

18	27	11	14	27	15	17	

27	18	30	12	17	14	26	

12	24	24	26	29	18	25	

11	11	19	11	10	10	17	

11	15	12	25	13	27	26	

30	25	27	23	15	28	24	

21	13	22	24	17	17	15	

28	20	13	16	22	26	17	

11	10	15	14	29	13	12	

18	16	30	23	19	19	19	

25	17	13	18	28	25	16	

29	14	18	29	14	21	15	

23	20	25	14	13	18	17	

27	11	21	16	19	12	12	

30	19	26	20	15	28	19	

15	26	12	21	12	13	18	

10	30	24	17	22	20	27	

17	29	26	20	19	13	15	

18	27	18	10	15	29	11	

18	18	13	14	22	25	17	

24	18	17	29	14	10	24	

14	14	28	24	14	19	11	

29	14	11	26	16	18	14	

24	13	28	12	17	11	26	

20	27	25	15	14	14	18	

29	23	10	28	17	27	28	

20	12	23	20	27	10	21	

27	30	27	15	12	28	27	

17	16	16	21	21	29	19	

11	24	29	25	22	10	20	

13	20	13	12	14	17	18	

12	28	27	21	23	28	21	

17	13	15	20	23	25	24	

21	21	28	24	18	17	27	

13	25	28	30	30	27	13	

25	27	16	23	16	17	24	

21	17	16	25	15	23	21	

16	28	29	19	25	14	11	

16	16	25	16	24	24	12	

29	25	12	15	11	30	25	

24	26	15	14	28	25	18	

12	14	14	26	30	18	10	

20	26	10	16	15	28	21	

13	16	30	20	12	22	27	

30	28	21	20	24	22	18	

16	29	28	14	26	17	30	

24	21	14	19	21	15	23	

26	27	19	14	20	10	17	

21	27	10	12	12	24	18	

23	20	26	24	24	14	17	

22	19	24	12	19	11	26	

28	12	13	10	26	29	18	

20	13	29	26	20	20	13	

25	16	17	18	14	27	16	

18	21	24	18	21	15	14	

17	10	18	22	10	16	11	

19	14	16	18	28	10	24	

24	28	16	29	16	30	14	

11	20	24	10	10	25	13	

27	22	26	14	30	26	30	

25	15	30	27	18	12	13	

19	29	10	21	12	19	13	

13	14	13	15	10	13	22	

19	23	13	23	23	15	11	

10	20	16	30	17	25	29	

28	24	29	22	16	11	23	

20	29	13	20	21	28	14	

21	11	21	24	20	13	12	

28	14	23	30	10	25	22	

26	12	26	30	19	25	29	

26	17	25	15	10	19	15	

21	30	15	21	30	25	20	

23	29	28	30	11	29	20	

21	14	14	26	14	11	13	

12	20	12	16	26	20	17	

15	25	23	10	14	23	17	

24	29	16	29	21	15	19	

19	11	19	27	24	23	23	

20	27	30	19	19	28	10	

27	30	28	21	17	28	11	

15	13	30	24	24	20	28	

21	26	30	27	17	25	28	

28	13	17	30	29	23	27	

12	29	10	15	11	28	24	

13	26	22	28	20	19	29	

11	17	15	25	11	26	12	

25	21	28	11	15	18	18	

27	25	16	11	16	16	12	

16	24	17	16	18	18	20	

27	29	19	29	13	17	24	

11	13	26	28	27	15	30	

19	10	20	25	11	21	28	

28	10	14	17	28	24	19	

21	17	28	21	26	13	15	

12	19	20	14	19	26	13	

24	28	12	16	11	12	27	

20	25	27	29	30	13	29	

14	19	23	10	28	12	10	

14	30	16	21	22	24	23	

15	13	15	13	26	19	29	

11	27	28	25	27	28	11	

11	25	19	13	22	12	17	

18	18	24	23	18	18	29	

30	23	15	27	16	16	30	

28	28	28	21	28	19	22	

17	14	30	23	14	15	29	

23	29	30	12	28	16	23	

28	28	17	17	30	22	28	

12	15	16	14	14	14	12	

13	14	17	14	24	23	10	

22	14	18	18	12	16	27	

22	26	21	22	30	20	11	

25	22	18	24	27	17	29	

20	19	25	13	15	14	24	

14	22	20	12	25	26	26	

24	13	26	23	22	12	24	

29	11	23	10	17	21	22	

30	26	16	25	15	19	11	

26	21	16	11	28	16	24	

28	25	24	30	25	10	19	

12	18	24	17	13	13	29	

10	12	19	23	10	18	29	

22	24	25	20	17	28	26	

10	10	15	10	13	20	30	

29	12	22	26	11	30	28	

24	12	28	15	15	24	23	

17	14	15	20	11	15	10	

13	21	15	18	20	12	29	

24	13	20	14	26	29	26	

21	15	30	26	30	26	29	

11	24	10	13	15	13	11	

10	28	22	27	22	16	24	

15	26	30	10	10	19	12	

15	18	26	26	16	10	30	

13	13	21	29	20	24	14	

27	25	23	18	28	29	22	

17	26	23	29	24	22	10	

20	20	12	28	24	20	23	

16	26	13	26	24	23	23	

16	17	23	20	14	27	20	

22	12	15	22	18	28	27	

11	21	25	19	24	20	21	

19	30	13	21	29	18	23	

20	21	24	13	15	19	18	

28	29	30	17	21	23	25	

21	22	10	28	13	18	11	

28	20	15	17	13	22	10	

15	28	11	21	14	21	20	

11	11	12	12	29	13	23	

25	10	15	18	30	20	12	

21	15	26	10	22	13	18	

16	21	16	13	30	27	13	

15	13	30	26	11	24	30	

11	13	27	12	16	29	30	

11	19	19	18	22	22	25	

24	13	10	18	13	11	29	

19	29	29	12	23	24	12	

25	27	24	19	14	20	30	

23	25	13	10	26	23	22	

17	13	29	11	19	20	17	

10	21	29	10	17	15	16	

28	10	22	23	28	18	16	

23	22	30	10	20	15	28	

18	15	12	18	29	12	16	

27	25	24	12	20	26	11	

30	28	24	17	14	29	26	

28	28	19	15	16	11	11	

29	18	14	21	10	12	15	

17	22	27	20	30	22	21	

25	10	15	10	28	24	15	

22	26	17	27	15	26	26	

28	21	13	22	29	30	29	

12	20	26	18	10	10	17	

30	21	29	24	23	26	26	

25	20	16	20	15	25	24	

18	29	29	17	23	16	17	

24	20	26	19	16	17	26	

26	21	11	10	23	17	17	

13	10	12	28	10	16	12	

28	19	15	11	29	16	27	

22	25	14	28	14	10	12	

17	21	30	24	30	12	17	

24	14	26	15	15	30	25	

29	14	20	14	12	14	12	

26	11	13	25	25	24	25	

11	14	12	29	19	12	15	

18	18	21	14	18	21	21	

12	22	17	16	23	20	27	

27	14	25	24	16	16	24	

20	11	25	14	23	16	12	

20	27	16	27	26	17	12	

15	17	27	24	12	28	25	

21	26	20	12	28	21	23	

25	29	19	13	21	22	25	

30	23	16	11	27	21	22	

26	23	12	23	28	25	21	

14	15	27	27	30	13	10	

24	13	22	24	11	21	15	

14	16	21	21	19	17	29	

13	12	29	18	20	10	20	

29	27	23	30	19	10	30	

22	24	11	17	24	13	22	

29	24	14	30	15	14	11	

19	15	18	20	29	17	28	

20	15	13	11	25	10	13	

10	13	21	30	12	19	28	

24	26	26	19	11	27	21	

27	12	29	21	28	19	21	

27	18	23	12	29	29	23	

23	27	18	17	13	28	27	

26	29	13	25	24	14	10	

20	26	29	23	24	22	29	

15	16	21	24	24	30	11	

25	21	19	11	18	20	16	

26	25	14	26	27	30	30	

26	30	21	26	26	18	21	

29	15	24	16	10	24	18	

15	23	29	11	24	10	16	

19	11	12	26	22	29	22	

19	28	30	19	28	30	17	

26	17	11	16	23	26	20	

20	18	24	14	22	27	18	

11	24	28	24	18	16	21	

18	12	27	21	18	28	12	

19	30	14	24	10	21	11	

30	30	10	12	23	22	21	

20	24	18	15	13	10	17	

18	26	16	27	28	29	16	

24	18	28	30	19	10	11	

12	23	29	18	20	18	21	

23	28	10	18	30	26	21	

29	15	28	12	18	16	23	

15	10	21	29	26	29	22	

19	17	23	14	26	13	16	

13	17	17	25	23	14	19	

24	22	27	19	19	20	28	

14	10	30	11	29	23	12	

23	16	18	20	13	20	16	

28	10	12	28	25	29	23	

25	14	26	13	10	24	13	

27	29	20	23	28	18	11	

25	19	14	12	26	19	15	

23	16	26	15	15	28	10	

26	26	26	10	15	20	11	

12	25	10	29	13	11	17	

28	28	18	19	23	18	22	

26	22	14	18	20	26	15	

23	13	13	21	14	28	15	

17	18	15	10	21	21	28	

14	22	26	28	15	13	10	

20	26	27	12	17	30	11	

11	17	20	27	13	17	12	

12	23	17	17	30	16	22	

20	20	15	10	25	13	26	

29	14	18	13	21	19	26	

30	18	18	29	28	28	10	

26	15	28	14	13	30	29	

16	27	27	26	23	29	10	

30	27	25	20	22	14	23	

10	21	20	25	12	27	20	

17	29	14	18	18	17	20	

16	14	22	22	16	18	30	

23	19	11	23	22	10	25	

10	20	21	10	29	27	21	

21	15	14	13	24	20	13	

23	24	22	22	10	25	23	

20	16	20	25	29	12	27	

24	26	28	20	21	24	17	

24	27	26	28	27	15	18	

12	29	19	12	17	13	29	

11	14	24	20	29	23	19	

26	26	27	11	27	28	11	

18	15	20	17	10	18	13	

22	30	15	22	22	30	20	

12	16	30	12	22	19	17	

21	26	20	21	12	28	19	

15	28	10	10	17	18	11	

18	15	21	25	11	20	15	

20	20	18	30	20	24	15	

10	17	15	30	13	13	29	

12	14	10	10	23	24	22	

26	22	13	20	13	22	18	

29	26	30	28	19	22	19	

21	14	30	28	28	29	30	

17	18	29	13	24	20	13	

29	29	18	15	20	23	19	

26	30	17	12	11	24	28	

29	24	21	19	15	25	27	

28	18	15	22	19	23	23	

29	23	18	23	13	22	16	

16	28	16	30	27	17	24	

17	24	19	16	13	16	15	

18	14	10	25	29	27	27	

26	29	12	16	23	19	11	

28	24	22	18	12	14	26	

23	16	14	11	10	15	27	

28	10	28	26	18	29	15	

27	27	13	17	23	14	12	

28	27	14	25	26	23	15	

14	10	12	27	15	16	19	

11	17	30	13	15	25	30	

18	15	25	24	26	28	21	

18	27	24	11	28	25	28	

20	19	21	30	15	28	28	

22	25	27	12	25	18	28	

20	18	18	30	23	25	10	

29	27	17	15	25	25	24	

26	25	15	27	14	13	19	

13	26	28	25	27	14	30	

24	16	16	29	14	20	10	

17	15	14	18	10	23	14	

17	10	19	17	10	19	26	

20	13	10	25	20	25	30	

29	10	28	10	17	19	26	

21	17	19	19	29	14	24	

29	14	23	12	13	16	20	

15	11	10	14	25	14	14	

20	21	29	13	12	20	21	

25	11	13	13	13	29	14	

25	29	15	13	14	26	18	

15	19	30	18	19	10	29	

30	29	30	17	27	22	15	

10	24	23	30	22	11	12	

18	28	20	24	18	21	15	

15	19	11	28	14	13	10	

14	12	24	29	12	13	24	

21	12	15	26	30	26	17	

19	12	16	20	12	19	13	

23	15	30	30	20	28	12	

26	27	11	29	24	27	21	

21	29	21	23	25	10	16	

12	16	18	12	12	13	29	

23	21	26	22	13	14	28	

20	28	29	24	25	26	25	

25	20	20	27	13	25	16	

17	29	17	19	19	21	11	

22	28	29	19	24	10	23	

25	17	29	27	14	28	12	

29	15	16	23	23	19	17	

19	15	26	11	20	21	23	

12	13	19	23	28	17	22	

14	11	27	12	17	16	14	

21	17	14	17	18	29	30	

23	17	28	28	19	20	24	

11	11	20	22	28	14	13	

27	21	26	27	26	21	22	

18	21	20	13	13	11	11	

19	14	12	21	29	26	28	

15	29	21	29	15	25	26	

13	30	18	11	26	27	16	

10	27	10	14	25	18	27	

17	11	26	30	29	27	14	

27	14	16	10	27	30	13	

13	18	20	12	25	11	19	

26	22	20	26	21	16	25	

16	28	24	13	17	13	18	

28	18	17	27	30	14	11	

25	12	24	24	12	15	21	

21	13	25	12	10	20	18	

23	18	21	17	14	16	27	

13	28	18	29	29	15	15	

25	19	10	15	13	27	18	

24	25	25	26	16	12	28	

14	30	17	13	13	12	17	

20	10	30	11	21	24	30	

12	12	24	14	12	15	23	

15	17	13	19	27	16	26	

26	16	28	14	27	26	12	

18	28	14	15	17	13	26	

29	30	18	29	28	27	16	

18	25	26	22	29	29	10	

15	21	15	14	27	20	16	

24	19	18	18	25	11	18	

24	16	14	26	12	29	20	

29	27	28	28	18	21	22	

16	27	23	12	16	10	25	

15	26	10	16	26	12	20	

16	11	14	10	26	28	24	

10	26	18	10	22	26	13	

24	17	26	24	14	21	18	

17	17	20	23	25	17	17	

28	30	17	19	14	24	16	

26	29	10	28	30	19	21	

24	17	17	15	29	18	20	

14	17	16	23	12	13	12	

14	12	21	26	27	17	26	

12	14	19	24	17	13	15	

10	22	14	14	21	11	18	

11	30	12	10	24	14	23	

20	16	24	23	30	23	28	

11	19	27	10	18	15	16	

21	20	13	15	21	18	26	

12	18	27	20	30	26	19	

13	24	22	13	17	19	27	

27	29	28	27	20	15	20	

23	17	18	13	29	23	11	

13	13	23	24	23	15	16	

19	20	16	17	25	19	19	

20	25	27	17	25	23	29	

25	12	23	16	12	29	18	

20	17	23	12	15	11	18	

22	10	14	26	12	28	18	

14	12	12	20	15	16	17	

20	10	14	12	11	17	21	

25	23	27	30	12	13	11	

27	24	21	29	12	20	30	

19	22	22	28	11	17	25	

20	15	21	25	28	19	20	

22	30	16	13	23	19	16	

16	20	17	17	17	16	13	

15	11	15	20	14	22	22	

17	28	11	23	24	24	14	

23	26	11	25	18	24	10	

25	15	12	28	28	27	26	

17	28	18	15	10	25	27	

19	28	11	15	30	16	16	

27	22	18	16	22	16	25	

30	11	19	23	26	25	30	

25	27	12	22	24	24	12	

16	24	25	12	10	21	12	

28	12	23	18	27	29	20	

16	20	11	20	11	10	22	

13	16	11	10	21	14	24	

18	16	11	22	25	18	13	

17	26	23	19	22	12	19	

20	28	13	20	28	22	16	

28	15	25	30	15	25	26	

17	11	28	11	18	26	24	

15	10	23	29	16	24	22	

30	26	19	15	24	11	19	

15	11	18	21	27	18	18	

28	28	16	12	26	14	23	

27	27	26	29	17	30	30	

27	29	29	13	21	20	25	

30	27	26	15	27	22	15	

16	30	16	21	27	11	20	

17	12	27	13	22	27	21	

14	19	30	15	11	13	28	

17	14	23	24	25	18	25	

29	30	13	16	17	27	13	

21	13	20	11	29	11	25	

10	28	21	28	27	29	11	

18	14	22	10	12	17	19	

