149	1


1471


81
81
77
84
100
65
98
77
71
100
71
53
88
52
55
71
88
58
66
68
75
63
100
77
75
84
54
51
81
74
94
87
79
50
77
55
58
58
61
53
95
77
96
60
99
83
58
63
88
59
59
100
67
69
61
94
58
78
74
57
83
67
96
59
81
56
62
74
92
92
69
80
81
79
63
80
84
57
84
70
89
65
82
60
73
54
69
93
96
53
66
51
97
62
84
90
65
82
59
95
98
63
87
62
59
94
65
50
98
51
84
51
57
83
81
93
94
95
76
66
75
83
65
89
68
82
52
51
90
52
76
91
78
65
61
85
99
97
60
84
80
98
91
70
73
64
62
73
96


12	

19	

23	

16	

19	

27	

19	

13	

22	

13	

20	

28	

16	

27	

24	

27	

14	

18	

23	

15	

17	

22	

14	

16	

30	

29	

23	

13	

11	

17	

25	

10	

12	

23	

23	

14	

24	

21	

17	

25	

11	

23	

29	

12	

27	

21	

20	

23	

11	

19	

29	

30	

23	

12	

13	

30	

25	

16	

11	

30	

12	

16	

28	

24	

12	

27	

28	

18	

29	

29	

23	

25	

17	

25	

15	

12	

26	

25	

24	

24	

25	

15	

18	

14	

30	

23	

11	

16	

11	

14	

14	

18	

16	

22	

20	

23	

11	

18	

29	

22	

20	

28	

12	

19	

10	

25	

29	

27	

21	

15	

25	

16	

18	

10	

18	

13	

14	

14	

26	

24	

13	

13	

16	

13	

11	

13	

10	

20	

30	

30	

25	

28	

19	

11	

23	

25	

17	

16	

19	

11	

28	

25	

29	

11	

14	

13	

20	

27	

24	

