246	3


2438
2500
2479


98
95
99
93
88
93
82
55
96
92
92
77
66
61
84
56
82
52
95
82
53
66
93
50
50
58
94
62
86
94
56
66
76
52
95
65
60
80
90
91
89
58
99
59
74
87
54
75
96
80
70
94
87
64
81
86
58
56
60
61
91
68
66
88
89
85
62
93
86
83
68
74
77
87
81
83
84
77
79
54
74
51
85
92
94
68
56
88
95
67
66
69
52
71
74
93
67
78
97
75
67
58
86
80
63
86
74
55
52
71
98
90
96
56
96
58
72
76
73
86
92
70
91
62
64
100
87
80
55
66
97
97
83
60
86
84
79
83
66
81
97
83
86
78
58
99
92
89
84
51
62
63
72
59
76
53
65
96
92
92
89
54
71
52
76
92
98
97
90
58
87
71
69
65
71
77
72
68
99
55
63
55
73
54
83
64
69
55
85
97
57
100
50
98
55
100
79
70
61
80
83
68
59
56
56
81
52
97
61
66
50
92
95
64
88
65
91
82
93
98
89
61
92
69
100
91
79
93
61
65
68
95
63
80
84
88
73
58
83
84
69
99
88
100
94
71


22	23	28	

20	17	14	

10	28	13	

26	22	27	

14	10	17	

20	15	21	

12	29	28	

14	19	25	

21	18	21	

24	22	28	

16	25	24	

30	23	29	

30	19	24	

23	29	18	

30	15	15	

27	25	19	

14	28	12	

14	15	27	

28	27	23	

17	21	27	

12	11	29	

22	29	22	

10	22	19	

16	30	12	

29	20	21	

23	28	29	

12	30	27	

11	18	20	

23	11	25	

20	30	15	

13	18	25	

18	21	21	

14	17	16	

22	24	21	

11	30	27	

21	29	20	

15	17	11	

19	18	13	

14	13	25	

16	27	21	

25	24	14	

12	24	25	

12	18	25	

26	20	22	

19	30	21	

17	27	21	

29	29	20	

19	11	16	

28	12	15	

19	11	20	

23	30	15	

26	24	16	

25	23	27	

13	22	10	

22	17	12	

19	15	23	

14	24	30	

10	12	27	

12	10	14	

17	19	17	

29	10	18	

23	21	22	

17	29	10	

29	23	13	

18	21	19	

26	20	16	

15	24	21	

16	20	24	

12	15	26	

16	21	28	

10	26	15	

12	21	25	

27	13	22	

14	15	26	

26	26	26	

16	24	15	

19	12	18	

21	28	24	

23	30	13	

23	12	13	

29	12	27	

26	10	22	

28	18	11	

13	11	29	

22	13	24	

26	15	15	

16	24	12	

21	23	30	

14	21	18	

10	13	28	

13	16	22	

21	25	23	

15	23	18	

14	20	12	

20	13	28	

23	17	28	

23	20	14	

25	21	16	

23	25	30	

12	29	30	

29	11	28	

27	13	21	

29	29	25	

11	10	16	

23	27	14	

25	30	17	

11	23	16	

15	13	26	

28	24	15	

13	26	29	

24	13	14	

21	27	14	

20	11	20	

11	11	28	

24	16	18	

11	18	20	

13	18	23	

28	16	27	

22	12	20	

27	19	20	

20	25	14	

17	24	23	

22	18	24	

11	20	18	

20	17	30	

16	10	24	

30	28	16	

23	26	11	

11	28	20	

27	16	17	

17	16	16	

27	27	12	

27	28	16	

26	26	23	

22	21	16	

17	27	19	

29	12	10	

19	30	14	

22	25	18	

11	12	22	

15	24	20	

28	12	17	

30	14	22	

20	14	22	

18	16	23	

29	13	21	

18	24	27	

22	29	21	

21	23	29	

27	26	10	

11	17	29	

22	19	21	

13	29	22	

14	25	26	

24	19	27	

27	28	20	

14	29	16	

19	25	11	

27	21	18	

20	21	26	

25	23	23	

17	28	25	

17	12	18	

11	24	24	

16	23	16	

19	29	16	

12	28	16	

25	26	24	

20	21	30	

18	11	18	

20	25	15	

17	23	30	

28	17	14	

18	28	23	

22	26	24	

15	23	13	

12	28	25	

13	20	25	

20	11	13	

16	16	16	

24	28	16	

20	23	24	

22	28	18	

30	17	20	

18	14	11	

23	16	30	

11	27	30	

24	24	17	

28	10	10	

22	15	23	

23	21	12	

28	18	14	

14	25	25	

21	14	25	

27	22	24	

21	28	16	

19	16	16	

22	12	15	

19	18	22	

17	17	29	

29	13	19	

18	30	11	

17	12	10	

24	12	10	

15	29	11	

25	11	15	

26	21	17	

16	12	10	

14	16	27	

19	20	21	

10	20	16	

18	21	13	

29	20	23	

27	16	19	

25	11	26	

21	23	15	

24	26	14	

15	10	11	

27	26	20	

18	14	21	

19	11	21	

10	12	14	

23	15	26	

16	24	26	

13	21	20	

25	26	30	

17	15	11	

28	25	12	

10	24	22	

15	28	30	

22	14	27	

27	24	21	

26	16	29	

10	30	17	

21	21	15	

11	10	25	

14	17	13	

22	27	22	

15	25	16	

14	13	23	

11	15	12	

24	27	24	

21	20	20	

28	29	30	

30	11	12	

23	16	25	

