1300	10


12987
13135
12881
12979
13059
13113
13007
12940
12972
12849


75
87
98
69
55
80
88
81
100
57
50
51
95
95
83
91
97
62
84
91
91
93
66
53
72
76
50
83
93
55
52
71
57
80
57
53
97
52
53
80
83
60
79
79
60
66
69
63
99
100
66
73
65
58
85
92
69
73
76
54
53
70
70
59
54
73
86
62
51
97
73
87
65
57
73
78
77
70
58
73
51
56
69
70
57
63
54
91
61
50
73
88
60
68
61
55
71
94
65
98
62
50
82
89
85
91
75
86
98
57
76
96
70
65
92
93
89
58
54
51
83
82
88
62
92
63
76
66
100
60
78
64
85
95
54
73
78
64
96
87
61
78
58
78
91
57
84
100
75
99
81
97
87
56
85
97
89
97
88
100
54
59
76
55
69
98
96
79
79
75
73
97
87
62
57
65
52
85
65
55
91
69
62
86
94
85
83
74
74
64
97
83
81
92
84
76
69
72
54
95
66
75
56
72
72
91
65
66
76
51
88
96
81
62
82
93
90
60
53
86
97
69
86
93
86
72
54
70
61
80
92
78
97
51
92
50
64
64
53
77
71
84
80
60
75
87
56
57
93
57
74
69
76
55
72
97
51
87
89
93
98
86
61
94
53
50
68
79
86
65
86
65
93
77
94
52
73
96
57
78
68
94
55
86
84
73
91
78
79
67
92
57
89
78
52
66
60
87
68
55
81
91
95
58
67
67
85
62
53
66
63
58
54
54
53
55
77
78
67
74
81
68
93
74
72
74
82
55
76
88
76
63
99
57
82
75
81
51
97
77
86
78
91
100
90
72
99
73
89
64
65
81
93
75
67
91
94
77
57
75
73
62
57
81
57
59
56
66
98
79
71
56
89
61
57
69
84
83
78
97
60
90
51
85
83
85
91
71
71
91
78
61
70
82
59
100
68
58
64
64
94
90
99
63
67
54
71
80
88
62
82
63
73
57
67
52
79
57
98
70
96
50
83
50
61
67
86
69
71
53
79
57
86
99
96
81
65
86
71
70
73
71
98
77
56
51
68
77
72
77
93
76
63
91
84
85
64
99
63
91
95
84
91
64
95
79
63
71
88
72
63
93
77
74
75
92
61
58
89
88
84
85
82
56
87
62
64
66
60
91
78
69
64
77
82
80
65
98
57
62
89
55
97
79
63
79
59
89
84
62
68
88
74
91
64
66
92
93
80
62
93
94
92
53
75
91
71
59
51
97
53
53
91
66
96
81
91
66
64
99
77
57
88
57
52
61
84
51
79
60
52
52
61
53
92
58
97
69
84
67
87
69
86
76
68
75
50
80
92
60
87
85
72
57
61
76
62
78
62
89
86
86
60
100
50
88
98
86
69
66
66
87
67
90
95
67
89
82
97
82
79
80
52
79
95
78
81
100
84
71
56
80
76
98
56
78
56
64
71
69
65
66
95
51
86
57
73
88
57
58
91
96
95
81
72
81
80
58
80
74
53
73
84
97
74
73
77
52
85
84
75
52
71
60
63
66
87
60
75
52
98
88
87
95
93
87
95
50
80
80
83
62
59
73
78
95
61
94
93
61
96
85
61
94
74
70
92
74
99
92
69
85
78
84
83
57
78
96
79
88
73
80
87
81
83
97
58
78
78
62
91
58
65
55
56
83
78
59
89
94
84
55
98
55
74
74
92
81
74
62
99
94
79
95
95
60
91
84
67
51
97
62
73
95
71
52
82
94
92
99
97
60
59
61
86
55
83
90
84
58
59
68
59
67
53
97
99
77
74
98
74
62
61
100
58
77
52
90
67
74
99
75
55
54
83
98
53
56
70
51
99
81
87
100
67
52
82
86
70
96
63
50
50
73
67
92
79
78
76
68
85
100
76
85
77
94
58
69
62
50
100
92
89
94
96
84
60
60
77
87
57
52
60
71
96
93
62
59
93
73
53
86
62
89
100
83
77
85
98
87
54
90
65
75
50
56
89
82
99
59
66
56
76
83
56
56
85
50
81
96
61
73
88
79
51
57
78
50
50
81
60
79
75
61
81
69
95
55
70
88
65
89
58
51
100
56
97
72
77
99
54
51
100
63
86
89
53
70
60
97
76
57
56
94
63
99
57
62
95
82
54
80
63
59
55
73
50
82
64
95
74
100
57
82
99
69
65
71
59
52
70
61
74
66
78
94
100
97
77
89
70
84
75
76
94
56
55
72
66
84
84
74
72
80
88
76
87
57
56
55
82
93
52
72
62
59
64
65
93
61
50
91
76
61
50
73
60
50
59
89
76
94
84
96
76
88
78
97
76
56
75
68
91
87
62
98
86
96
55
61
77
84
59
68
53
96
90
64
87
92
69
64
90
87
77
59
73
67
65
94
93
78
73
97
55
62
93
56
63
55
66
69
91
59
60
78
95
53
82
90
90
55
87
67
100
70
61
77
67
95
66
80
55
87
63
71
93
69
50
67
72
54
66
61
64
57
64
59
58
90
95
77
88
76
84
83
69
83
57
70
58
62
76
67
83
93
59
87
80
58
96
65
56
85
67
100
76
66
81
77
94
88
86
88
71
75
52
61
96
95
67
98
75
61
89
88
75
57
99
67
59
68
74
93
56
62
86
53
95
98
89
88
69
80
97
54
93
61
56
74
51
93
52
55
69
73
54
60
89
97
89
86
87
76
87
75
95
55
55
92
87
58
95
100
59
94
79
64
54
86
56
100
90
95
92
76
96
52
93
78
85
74
90
82
80
66
59
89
89
80
85
52
68
54
59
53
91
97
65
63
99
72
72
80
75
79
66
82
79
81
80
64
86
88
75
71
92
61
84
76
95
64
80
65
52
56
71
75
96
52
91
64
63
56
84
54
68
71
84
99
82
99
83
78
55
63
67
68
91
53
92
92
96
55
60
75
63
63
86
66
82
54
56
95
50
57
68
65
59
71
66
83
58
85
90
58
88
95
64
96
87
66
70
92
75
56
68
88
55
69


27	23	20	23	29	18	26	12	22	12	

23	29	19	13	16	17	16	10	15	13	

14	25	18	17	14	29	30	28	12	27	

21	13	27	11	20	28	13	30	14	19	

30	11	15	13	18	17	19	23	15	25	

30	13	12	17	25	25	14	19	24	23	

24	26	24	30	12	22	14	18	29	20	

26	24	24	15	23	17	21	26	27	30	

19	13	28	15	23	13	25	28	21	12	

27	15	18	12	17	19	16	11	19	13	

26	22	23	27	26	16	15	12	17	18	

14	22	14	21	13	29	15	30	27	25	

15	23	27	18	23	23	21	14	19	20	

27	16	17	29	12	19	22	30	23	12	

25	11	14	23	20	16	25	30	20	12	

19	13	16	20	13	13	11	19	26	17	

23	30	25	14	28	16	18	16	18	11	

17	30	16	17	25	11	20	24	24	15	

19	27	28	22	29	23	23	20	12	21	

13	11	19	22	23	30	26	11	22	25	

28	28	17	13	28	21	24	15	17	30	

14	26	26	13	17	17	30	25	23	27	

12	14	26	25	13	26	17	15	12	12	

20	29	15	13	29	19	12	26	15	29	

30	30	25	16	25	13	11	14	29	29	

18	29	18	17	14	30	29	18	27	20	

26	12	18	10	15	13	21	11	18	10	

26	26	12	16	12	27	11	26	15	21	

27	30	12	20	16	19	11	17	21	13	

27	24	29	25	19	13	22	14	20	10	

28	14	17	14	11	30	17	16	22	11	

23	23	15	11	21	13	30	24	18	18	

11	21	16	29	13	12	16	16	26	27	

16	10	25	19	17	10	26	25	20	27	

22	29	16	12	19	20	14	26	11	12	

13	10	20	17	25	14	20	15	17	14	

19	10	22	10	22	19	16	28	14	25	

16	24	26	11	27	13	15	24	18	18	

14	18	15	15	29	11	26	23	13	27	

25	27	29	26	23	12	18	28	23	12	

13	30	22	14	27	20	23	23	15	10	

21	14	28	14	26	28	18	21	28	28	

20	17	12	18	16	21	15	23	12	17	

17	12	27	16	30	21	23	25	11	12	

26	21	20	20	13	29	19	14	28	21	

24	28	22	23	29	25	10	25	13	22	

20	30	22	19	27	26	20	23	14	27	

17	20	29	13	24	17	13	24	28	19	

15	29	11	27	27	28	17	22	13	19	

23	21	20	12	10	27	26	10	12	22	

21	12	28	13	30	12	10	12	24	15	

14	26	15	18	20	10	11	24	16	11	

13	15	18	26	16	15	26	24	21	11	

29	17	15	28	11	12	25	14	11	14	

15	15	15	30	24	23	24	15	20	18	

23	26	21	24	29	29	25	18	17	13	

19	24	19	28	22	19	11	15	15	10	

25	22	14	15	14	13	23	24	18	24	

29	24	30	16	18	14	14	17	22	27	

28	26	15	17	25	15	18	23	22	24	

22	18	24	13	22	16	27	17	11	26	

27	24	11	24	25	30	22	26	14	25	

10	14	23	18	23	28	19	30	16	13	

30	22	13	14	16	24	13	22	27	18	

28	24	30	10	17	29	19	15	19	23	

30	23	26	27	25	18	26	13	28	18	

11	30	15	13	27	19	11	20	24	21	

15	10	12	25	11	10	23	26	25	14	

28	21	24	11	15	19	26	10	17	20	

20	15	30	21	11	29	10	16	12	28	

15	18	21	16	14	26	18	21	26	29	

16	26	26	18	11	11	30	22	21	22	

20	19	22	12	10	10	10	10	16	17	

12	14	25	26	23	26	20	26	24	22	

24	28	16	24	26	25	26	13	26	29	

20	18	27	24	24	14	20	11	27	29	

22	19	22	10	26	17	17	20	24	24	

29	19	17	30	16	12	22	26	27	12	

12	25	24	29	27	29	22	16	10	12	

19	14	25	25	12	21	14	24	26	24	

23	16	12	28	30	24	23	15	12	23	

25	20	24	12	12	28	14	25	16	18	

16	14	16	11	14	26	28	24	16	16	

30	29	25	22	30	25	27	22	30	26	

22	28	22	22	11	20	27	25	21	17	

20	15	25	21	20	17	24	22	28	18	

29	23	13	27	25	27	21	30	11	15	

23	26	30	22	13	11	27	30	17	18	

25	12	23	21	24	11	26	19	30	20	

26	15	21	17	25	20	11	10	25	11	

28	29	21	21	13	27	10	23	11	15	

13	21	12	23	15	14	24	11	11	27	

19	11	20	29	11	25	28	10	15	26	

20	27	18	19	27	13	23	13	10	19	

28	16	25	30	18	28	18	22	15	26	

17	19	17	19	14	12	12	11	26	29	

29	15	21	13	20	13	26	28	22	10	

27	14	27	18	13	24	23	14	22	13	

13	11	13	18	23	20	28	23	20	14	

17	23	28	13	26	17	18	28	22	20	

21	17	11	14	10	16	10	26	12	27	

24	11	22	19	12	11	16	19	28	14	

22	22	29	14	10	29	10	23	15	18	

14	28	29	16	30	25	29	25	19	25	

15	28	26	26	14	30	27	18	24	12	

16	23	16	13	26	19	21	28	23	14	

19	19	12	12	11	12	17	30	16	10	

18	15	24	30	27	28	10	21	19	15	

13	11	14	17	19	19	27	25	11	19	

14	11	11	12	24	30	11	30	13	10	

28	21	17	30	13	18	19	16	27	10	

27	13	11	11	14	27	17	29	14	16	

25	14	13	23	17	21	22	21	20	19	

19	22	18	26	27	24	23	25	18	16	

29	18	29	22	21	16	10	19	24	28	

19	16	20	30	18	23	10	29	28	21	

15	21	29	27	15	13	12	23	24	13	

29	28	11	10	28	29	12	29	26	21	

25	10	14	12	12	13	19	23	24	22	

28	13	16	22	30	11	20	30	25	19	

24	28	18	22	19	12	14	17	14	12	

30	18	29	24	10	26	13	26	25	14	

13	19	20	28	15	22	22	15	25	27	

26	28	21	23	11	27	16	28	29	13	

12	18	28	20	21	26	28	19	19	15	

30	18	19	27	17	30	23	19	27	16	

26	16	26	19	27	23	29	21	17	18	

21	17	21	17	10	29	21	30	10	12	

16	21	16	20	23	30	10	28	29	12	

24	20	25	16	28	25	27	26	26	12	

27	27	15	18	24	21	25	20	27	13	

24	12	18	29	15	13	22	25	20	21	

16	28	18	20	19	15	13	28	16	12	

24	14	20	10	22	26	18	12	22	16	

26	14	26	20	21	27	28	14	13	29	

15	19	17	19	16	21	10	24	23	27	

20	20	23	16	24	13	23	23	12	24	

25	24	15	19	10	26	16	20	14	27	

27	15	10	21	22	14	12	25	17	22	

14	27	12	25	25	13	28	11	18	21	

28	21	20	28	23	17	21	27	18	16	

30	10	23	15	23	14	25	27	25	28	

25	10	29	23	22	16	12	18	14	23	

19	11	18	11	27	17	10	16	26	15	

13	26	26	21	29	30	13	19	17	16	

28	27	18	16	16	29	27	28	23	18	

23	22	29	21	28	19	20	30	28	11	

28	16	20	12	13	18	12	26	10	29	

20	11	25	17	12	27	10	10	29	10	

16	17	17	21	21	27	11	21	12	18	

24	21	11	21	24	15	21	10	21	10	

23	30	15	30	14	20	15	20	26	25	

17	24	26	18	28	13	12	18	20	21	

15	11	23	23	20	21	30	15	24	16	

14	15	13	23	30	24	25	18	26	27	

16	22	22	26	18	22	29	10	30	27	

13	17	30	16	17	24	11	20	25	10	

21	30	14	15	22	21	12	16	16	13	

26	18	12	24	21	19	16	10	10	30	

11	15	21	22	27	12	20	10	11	20	

26	20	20	25	21	17	21	15	26	25	

18	12	29	16	29	27	13	10	25	24	

10	22	27	14	13	22	22	22	28	17	

16	11	12	10	14	12	14	30	25	11	

12	14	12	25	24	14	17	17	16	30	

19	15	15	10	29	22	25	10	28	18	

24	30	23	30	21	20	28	24	22	16	

13	26	17	18	14	20	13	24	14	12	

28	25	18	19	23	10	25	19	25	29	

15	22	22	16	16	27	29	10	13	17	

25	25	23	22	15	27	15	24	27	15	

20	26	19	12	27	22	16	10	12	28	

11	21	18	30	28	17	27	29	30	24	

11	27	27	11	25	10	14	22	28	20	

30	17	20	26	21	22	29	23	15	14	

20	20	17	12	26	15	10	22	24	16	

16	14	23	23	16	20	30	27	20	14	

30	24	14	29	24	22	10	12	19	15	

16	16	30	24	26	21	15	15	13	21	

10	17	15	19	26	19	27	18	21	12	

23	11	15	10	27	13	19	10	23	26	

28	27	14	24	25	17	10	19	11	29	

26	24	29	18	17	30	24	13	30	18	

20	25	19	30	15	23	16	23	24	20	

14	25	14	22	30	17	21	27	22	17	

11	19	14	29	20	29	15	21	10	28	

29	24	15	26	28	14	25	10	22	17	

20	11	12	17	19	24	19	21	27	24	

18	16	24	28	18	29	17	30	20	19	

27	16	23	11	25	30	26	18	19	14	

30	27	26	26	27	29	21	14	19	19	

21	10	20	17	21	23	15	15	22	11	

25	24	13	30	11	29	12	11	28	13	

13	13	18	28	16	15	10	27	19	14	

29	22	14	11	23	25	11	15	30	10	

25	15	30	25	22	17	25	17	17	20	

29	26	16	29	30	17	30	25	27	10	

10	11	28	30	23	10	16	16	13	10	

23	24	22	14	11	13	16	29	12	10	

28	23	18	12	25	26	24	19	23	28	

18	10	14	21	26	18	10	28	14	22	

11	23	25	30	15	22	22	25	27	11	

15	29	29	19	17	16	18	14	25	10	

22	27	13	20	11	10	24	18	19	22	

27	29	29	11	11	25	14	23	15	20	

20	24	14	19	26	30	23	18	24	14	

12	22	17	10	13	29	29	25	26	22	

13	13	20	20	17	14	16	11	30	22	

18	11	28	25	20	29	15	22	27	16	

16	25	24	22	28	23	12	10	10	26	

22	18	26	26	29	17	16	23	13	15	

14	16	14	20	11	21	11	10	10	19	

29	16	16	22	16	12	11	20	16	14	

14	17	16	14	25	30	11	30	17	22	

28	10	14	19	28	13	14	27	30	16	

17	25	25	16	13	26	22	15	17	15	

17	23	19	19	11	23	20	25	10	12	

27	15	25	14	13	10	18	23	25	24	

16	10	18	22	10	28	18	15	11	16	

13	28	22	27	20	16	24	15	23	18	

10	15	16	14	25	22	25	15	23	20	

11	25	13	29	16	29	22	17	25	25	

27	23	20	25	28	18	30	14	14	29	

16	12	25	13	22	25	10	20	23	12	

14	26	28	15	22	23	14	19	25	22	

24	15	27	19	14	28	26	24	10	18	

14	30	10	23	22	18	17	10	18	27	

18	10	10	29	18	27	20	23	18	28	

30	10	14	21	12	20	17	28	25	26	

15	14	24	14	13	16	30	19	13	15	

30	25	20	15	28	10	23	25	20	14	

23	21	21	11	28	14	17	23	26	25	

19	18	29	27	13	11	24	30	13	27	

12	22	20	28	13	25	18	22	25	17	

10	17	12	29	21	18	27	29	25	16	

12	17	16	27	27	25	24	24	23	19	

15	23	12	21	21	12	26	28	12	27	

13	22	14	18	15	19	23	25	25	30	

14	16	15	24	14	13	13	25	28	18	

10	28	10	21	12	18	12	20	19	17	

27	19	30	17	27	23	17	20	15	30	

14	24	14	23	28	29	30	21	18	19	

23	15	23	14	14	22	14	27	17	24	

13	24	16	14	21	19	27	24	25	19	

27	26	29	23	18	18	26	28	25	20	

12	14	10	15	13	19	28	27	18	24	

19	29	21	27	22	15	29	19	13	18	

25	12	23	14	13	27	20	29	16	28	

23	16	14	29	23	23	17	28	29	27	

23	19	10	30	30	19	15	11	10	10	

29	12	25	10	21	15	28	28	28	19	

16	28	10	25	28	16	25	21	17	22	

22	24	11	30	18	13	19	18	26	28	

22	18	24	12	18	28	10	10	25	11	

20	27	21	24	23	21	26	23	16	23	

11	24	27	20	12	23	12	17	10	13	

27	22	27	26	13	25	30	20	15	29	

11	14	29	13	12	16	14	11	29	12	

12	11	15	14	18	11	21	17	11	21	

20	30	15	22	16	14	10	18	24	19	

13	24	24	25	29	29	28	24	23	21	

26	20	29	17	10	20	22	20	20	16	

27	30	22	13	27	25	15	25	14	26	

21	11	30	21	11	25	17	29	12	13	

25	27	10	19	16	16	11	10	29	10	

17	28	27	20	25	27	23	10	28	27	

21	19	10	10	26	19	20	30	27	22	

20	15	19	16	21	19	13	23	13	10	

24	23	23	30	28	18	19	22	25	16	

10	11	30	19	14	16	22	24	11	25	

18	24	24	24	22	11	27	13	29	26	

17	18	28	11	13	30	24	19	17	19	

30	18	30	22	29	19	27	19	23	29	

10	12	12	23	17	26	19	11	11	16	

21	16	11	15	30	12	19	19	11	17	

10	21	19	21	12	30	16	24	24	27	

13	19	10	28	10	11	13	21	16	12	

27	15	20	28	19	25	27	20	24	28	

27	17	10	24	17	27	17	26	14	22	

11	21	23	13	21	11	23	22	23	23	

14	17	26	20	23	12	12	22	10	16	

16	26	22	16	25	20	11	13	13	17	

17	14	22	28	23	23	17	22	15	25	

23	15	16	13	29	12	27	29	14	21	

17	15	16	22	11	13	19	12	23	27	

27	14	16	13	17	20	10	28	23	10	

23	24	25	10	11	15	17	13	13	17	

17	28	21	28	12	28	13	25	21	19	

10	22	26	29	19	20	16	10	14	12	

30	29	23	22	30	20	12	14	27	29	

29	24	25	25	21	21	19	16	13	12	

18	25	22	16	25	23	20	14	16	19	

20	12	23	27	18	17	26	15	14	18	

25	22	11	19	28	24	17	14	19	13	

15	21	24	20	29	23	27	21	29	29	

14	21	19	27	17	12	29	14	10	19	

26	25	30	13	16	13	21	21	24	13	

17	23	27	18	28	23	28	24	27	24	

24	21	25	20	17	16	18	14	22	29	

18	21	19	24	22	28	21	13	21	29	

29	11	20	19	28	29	26	19	16	16	

25	30	13	20	26	29	16	16	12	23	

14	15	27	14	21	25	11	30	12	19	

28	30	19	21	10	13	24	25	13	28	

28	12	18	18	23	28	27	10	20	22	

12	11	21	26	19	14	29	16	13	17	

24	12	11	27	15	25	19	25	19	10	

18	19	30	29	20	27	17	20	28	29	

19	19	29	11	16	24	26	24	12	29	

23	21	28	23	25	16	13	17	15	19	

19	16	22	22	22	24	16	26	19	10	

12	21	16	14	17	20	16	15	14	23	

21	26	28	29	26	24	29	12	16	25	

11	26	15	25	20	18	30	16	26	14	

25	17	30	27	23	10	24	11	18	29	

13	23	30	16	13	14	15	10	15	27	

18	16	24	26	29	12	14	16	12	30	

10	22	22	12	10	26	30	15	16	19	

16	13	10	14	22	11	26	15	28	15	

24	29	28	27	22	16	20	27	25	22	

15	12	28	19	24	30	27	11	18	21	

30	17	20	12	25	21	21	20	25	22	

12	10	25	17	13	25	29	20	20	20	

27	11	24	25	20	25	22	10	25	21	

18	12	22	21	13	20	25	14	28	21	

19	16	13	12	30	22	28	20	24	16	

13	30	20	20	20	14	20	11	30	15	

23	10	25	23	11	27	24	15	21	30	

24	24	30	24	24	17	28	16	12	16	

28	23	15	17	10	22	28	23	16	22	

29	19	14	10	15	25	18	19	15	12	

16	28	29	21	11	10	22	20	22	18	

24	29	26	14	23	15	18	25	30	23	

20	29	17	30	18	26	14	25	10	16	

12	30	10	28	14	15	16	27	23	11	

19	20	23	24	24	29	27	10	13	30	

14	15	19	25	10	28	18	12	27	12	

21	15	23	21	14	26	27	26	28	27	

29	15	26	11	21	29	25	14	29	13	

21	22	11	28	26	16	29	24	24	20	

28	16	30	25	26	22	22	25	27	23	

27	19	15	29	17	20	26	21	14	14	

13	17	18	13	22	24	13	23	11	28	

19	26	30	10	21	17	21	25	19	10	

23	30	19	30	29	30	16	12	23	29	

22	30	10	20	18	29	19	21	10	23	

13	15	19	13	16	21	30	20	15	18	

13	16	18	14	15	24	27	10	30	24	

27	12	23	15	18	30	24	18	28	22	

11	17	18	27	29	10	25	28	23	28	

29	27	26	25	22	23	22	13	15	27	

17	26	21	30	18	15	14	22	21	23	

12	12	17	29	24	19	18	14	28	19	

13	29	16	17	28	18	26	18	18	10	

25	20	10	28	27	24	10	29	25	26	

22	19	15	19	24	20	21	12	28	23	

18	21	17	26	24	13	15	27	14	21	

11	11	23	11	12	11	23	17	20	25	

26	30	25	15	29	10	29	28	14	12	

24	16	12	20	10	12	24	10	21	16	

29	10	30	12	10	22	18	20	25	18	

22	23	23	16	19	22	14	11	23	27	

22	13	20	19	28	22	11	28	26	15	

27	21	30	23	10	22	18	12	27	10	

16	20	25	10	18	26	13	22	24	19	

16	10	17	25	25	11	21	23	22	22	

11	15	22	27	26	11	27	22	15	27	

23	10	16	30	29	11	27	25	28	18	

13	13	24	21	14	24	24	20	15	18	

17	20	10	24	13	27	22	27	29	20	

10	11	10	21	15	14	15	22	26	25	

11	27	16	22	18	13	17	27	12	10	

27	17	16	12	19	22	26	14	11	26	

11	29	17	15	19	14	25	14	15	21	

28	27	30	21	24	10	21	10	27	25	

28	24	12	18	19	27	20	17	21	23	

17	18	12	24	11	24	15	29	11	19	

20	19	30	22	25	18	13	28	25	27	

25	15	26	22	29	19	13	13	21	15	

27	22	20	17	21	30	19	16	22	16	

16	26	11	18	12	21	15	27	21	22	

29	10	29	10	23	16	27	16	14	27	

27	11	16	24	30	26	10	12	22	12	

28	20	24	18	16	21	29	20	19	18	

12	26	19	13	14	23	18	17	14	10	

24	12	23	27	13	22	20	16	26	10	

13	12	20	28	30	27	25	26	22	29	

29	18	16	21	25	18	28	24	23	19	

17	18	27	27	22	21	13	15	30	23	

26	19	20	29	25	10	13	19	28	21	

19	19	18	16	25	21	21	24	20	30	

24	26	13	28	18	13	24	11	19	27	

20	25	17	26	20	14	10	10	30	27	

13	11	23	16	23	18	26	30	27	21	

19	17	10	14	29	13	15	26	29	16	

13	20	17	23	13	27	26	21	25	12	

30	18	23	12	23	27	29	25	11	16	

17	25	23	15	12	22	21	21	18	19	

13	21	27	14	10	13	18	12	29	25	

27	18	12	29	27	22	30	12	29	13	

26	13	18	15	23	14	21	10	19	30	

23	18	19	27	24	18	21	26	28	13	

12	24	12	26	28	24	12	15	16	14	

14	22	11	10	20	24	13	26	23	15	

24	23	15	27	14	30	12	26	22	24	

21	18	18	16	20	18	13	18	28	26	

15	28	27	10	22	12	29	23	20	26	

27	21	24	22	26	29	17	30	10	20	

19	29	23	17	30	14	20	14	25	18	

29	15	16	27	16	16	30	25	17	13	

19	18	14	18	13	30	10	12	13	15	

20	14	24	18	11	15	28	25	16	20	

24	28	14	23	29	30	29	18	27	18	

22	25	19	15	20	28	11	22	29	27	

12	27	18	13	23	12	20	21	18	26	

27	29	17	18	21	28	17	24	27	14	

29	23	21	27	12	23	14	12	22	26	

16	22	15	11	22	27	21	19	15	23	

17	27	16	21	11	25	16	22	19	27	

13	19	12	12	13	17	26	10	14	11	

17	13	22	26	19	30	26	23	12	29	

12	10	10	23	14	30	14	18	13	20	

12	28	25	30	28	15	28	17	26	18	

15	13	26	20	20	10	17	19	25	13	

11	26	22	26	21	23	19	21	13	26	

12	13	30	14	29	30	10	18	30	23	

18	28	25	23	10	24	19	14	27	15	

16	30	18	28	29	14	16	16	28	14	

29	23	18	15	21	21	24	23	12	21	

13	27	21	21	11	30	24	20	29	27	

14	11	13	24	27	23	23	15	20	19	

14	26	11	24	14	29	19	30	24	13	

19	17	12	15	21	30	26	25	16	18	

14	16	18	18	20	22	22	11	21	10	

18	21	19	11	22	28	22	18	21	18	

15	23	23	27	28	16	28	28	20	26	

21	10	15	24	11	20	21	12	26	16	

19	25	14	26	12	29	10	14	21	30	

21	13	28	27	22	22	27	26	30	27	

14	29	24	23	16	24	11	14	27	26	

22	11	21	27	17	22	16	20	12	20	

15	16	18	23	19	28	23	19	26	19	

11	22	13	26	11	12	15	15	26	17	

11	28	11	22	30	27	12	11	30	18	

12	11	13	15	15	11	17	12	18	28	

22	10	25	26	30	10	12	17	11	15	

29	29	12	25	23	25	26	11	28	14	

25	19	29	11	16	20	22	26	27	24	

25	23	23	10	21	28	20	27	21	24	

16	23	25	12	27	28	19	26	26	21	

23	27	27	19	10	20	12	17	27	22	

12	29	11	18	14	16	24	28	14	12	

10	27	30	28	26	23	14	24	11	23	

13	17	23	21	16	26	28	24	13	19	

14	15	15	18	18	30	27	20	10	11	

30	20	26	16	16	14	14	11	30	10	

15	29	26	23	17	15	30	11	10	27	

23	26	16	29	25	16	11	22	27	10	

15	19	28	15	13	28	26	16	23	22	

27	10	29	12	30	27	26	15	13	19	

15	17	10	18	30	18	10	27	13	29	

19	20	28	18	19	22	18	19	27	13	

19	10	25	21	27	16	15	30	27	18	

24	23	21	16	26	14	11	10	13	12	

28	26	29	27	12	10	27	28	16	14	

12	14	10	13	15	21	29	25	19	27	

30	23	19	28	26	21	27	26	27	16	

18	30	24	27	13	21	23	24	13	18	

14	16	10	10	18	29	22	19	23	17	

18	16	30	24	25	20	12	18	11	30	

22	12	13	15	12	10	10	13	18	19	

17	25	29	16	18	16	27	17	20	20	

16	21	18	26	10	25	14	10	11	10	

12	10	24	21	16	10	12	10	28	16	

11	20	25	25	15	13	13	22	23	17	

18	25	27	13	15	21	28	21	22	28	

28	16	29	22	29	30	14	26	19	28	

24	17	12	19	15	27	13	21	23	24	

20	28	10	13	23	24	30	23	21	11	

12	27	20	15	20	16	10	15	30	29	

30	23	25	24	27	27	18	27	17	29	

28	13	10	18	26	20	15	10	29	27	

10	12	23	20	24	16	30	25	30	24	

17	25	12	24	25	14	11	25	14	19	

23	11	19	23	23	28	23	18	11	17	

26	19	20	13	14	12	13	23	27	10	

28	11	12	20	16	15	24	15	25	21	

26	17	19	20	12	18	22	26	25	11	

19	23	26	22	18	19	16	19	15	28	

12	10	10	27	15	26	12	13	29	21	

14	11	24	22	12	12	27	16	26	12	

29	16	25	15	15	12	20	17	15	16	

27	27	24	21	22	18	22	13	19	16	

11	10	19	25	11	15	14	21	11	26	

23	15	10	16	16	30	25	28	22	23	

23	22	18	15	27	11	26	17	21	17	

24	16	30	19	15	29	13	16	29	24	

15	22	16	24	24	11	16	18	26	22	

15	19	16	20	28	21	28	27	21	19	

27	11	12	21	17	27	24	19	14	11	

23	23	29	18	15	28	27	22	21	17	

30	27	29	22	13	22	29	18	19	23	

11	17	23	14	11	21	22	20	19	22	

16	26	22	30	22	23	30	30	25	14	

17	15	23	19	28	22	19	27	23	13	

26	20	28	19	25	25	13	13	30	24	

19	15	22	25	16	16	18	26	27	13	

29	15	30	26	27	18	13	26	21	14	

25	24	16	17	28	29	24	20	25	18	

24	25	24	23	27	23	22	17	18	19	

16	16	14	18	22	21	25	10	17	30	

15	24	12	10	22	24	16	15	13	24	

13	25	26	17	15	21	12	30	22	13	

25	18	15	27	20	21	17	24	28	24	

30	17	30	21	18	10	11	25	17	21	

16	19	28	16	13	14	29	28	12	14	

22	27	26	29	16	30	16	17	27	20	

30	30	16	29	27	20	12	30	15	24	

22	19	30	30	18	15	13	19	20	10	

11	17	20	22	13	24	23	29	25	19	

12	29	21	11	19	11	22	18	29	10	

23	12	19	12	16	29	18	17	29	24	

28	18	12	29	11	18	24	21	22	11	

28	11	12	25	30	30	22	30	25	27	

17	14	30	30	12	28	19	21	26	18	

12	21	22	27	19	13	22	11	28	13	

26	21	12	25	23	20	20	27	28	18	

27	24	18	11	22	25	26	11	15	25	

17	17	14	15	17	25	19	30	28	11	

26	16	26	14	19	16	15	30	20	16	

16	29	10	11	10	16	25	11	18	18	

27	29	28	29	24	10	10	21	21	18	

25	29	25	11	28	15	26	18	11	16	

12	30	20	15	11	27	10	20	15	25	

13	28	13	24	22	20	29	24	18	19	

15	20	14	13	15	24	19	18	30	10	

28	13	10	13	15	17	26	11	22	28	

22	26	28	19	19	19	21	10	19	29	

16	16	23	28	27	21	10	25	15	19	

30	10	30	23	10	21	18	26	10	23	

28	21	26	19	30	14	19	29	16	18	

24	18	14	14	20	18	23	18	16	26	

28	20	14	25	25	29	25	30	11	12	

19	23	29	21	14	25	20	18	21	14	

14	26	11	27	10	13	13	24	15	14	

30	13	18	14	19	21	25	11	11	15	

23	12	10	20	13	25	14	29	16	15	

10	20	11	16	29	12	23	28	19	13	

18	30	24	23	16	18	30	22	15	22	

29	26	17	15	27	12	22	18	13	28	

26	28	11	13	29	19	14	17	15	14	

30	12	21	27	20	20	14	13	12	15	

16	23	23	12	16	22	21	27	13	13	

16	13	11	17	17	11	18	18	12	17	

20	27	30	19	11	15	22	10	23	16	

29	29	22	21	11	10	27	10	10	13	

29	19	16	16	10	13	26	16	24	18	

30	16	22	26	25	27	17	30	25	27	

30	23	12	13	16	21	15	14	18	13	

19	27	23	12	27	17	20	13	26	11	

27	22	20	26	30	15	19	17	12	28	

12	30	20	20	20	19	18	24	16	26	

16	15	22	17	19	15	25	24	25	13	

24	28	12	10	21	27	14	10	10	27	

25	26	13	22	24	28	20	17	30	19	

27	17	12	23	23	17	20	16	27	23	

21	10	25	19	15	14	27	19	19	17	

19	25	26	21	15	29	29	11	11	27	

13	15	11	17	21	13	26	13	30	11	

26	23	27	24	27	18	17	15	11	30	

20	26	12	25	24	29	29	30	21	26	

19	10	20	12	16	17	27	21	30	24	

18	26	21	17	27	26	20	30	30	29	

25	17	26	14	30	15	27	12	19	24	

21	16	14	26	19	20	18	22	11	17	

16	26	19	21	22	20	21	17	10	21	

23	20	19	20	14	28	10	12	15	20	

24	25	30	27	11	24	11	10	16	12	

16	26	22	23	30	20	16	14	10	26	

30	12	20	23	19	13	28	16	21	25	

20	27	17	28	12	30	19	21	20	23	

11	21	27	28	21	18	28	13	24	25	

13	15	24	21	30	19	29	19	21	20	

23	21	12	17	12	27	28	11	27	16	

10	23	22	20	26	28	11	23	24	30	

28	15	29	16	30	10	17	18	21	28	

30	14	20	16	28	26	29	28	21	15	

15	11	27	20	12	25	18	14	12	12	

24	30	13	12	10	12	14	21	14	30	

18	25	19	26	19	26	11	13	28	16	

21	25	18	30	10	26	14	28	10	29	

11	23	28	18	18	26	20	24	18	12	

27	30	20	16	14	23	19	21	26	13	

12	19	24	15	12	23	23	17	19	12	

22	14	30	14	14	28	21	22	10	10	

17	14	24	22	21	13	29	27	27	25	

14	22	11	10	10	27	28	23	23	27	

15	15	28	10	14	23	13	24	23	17	

22	20	17	17	17	17	25	12	29	25	

28	11	23	20	16	13	25	10	19	10	

29	19	24	10	25	27	17	28	12	19	

22	24	14	28	14	13	19	23	16	29	

27	30	24	29	19	24	17	24	15	19	

24	18	22	10	22	20	23	12	23	22	

25	23	10	24	19	16	28	17	17	29	

20	20	25	10	26	15	21	26	13	25	

19	30	22	21	26	27	26	22	18	18	

26	17	26	11	24	25	19	16	29	17	

16	22	13	14	28	19	25	18	19	22	

20	24	14	30	28	21	17	13	25	18	

13	28	16	24	24	28	20	21	11	13	

20	30	26	16	15	28	14	26	17	28	

14	11	30	15	29	30	27	11	25	14	

17	27	16	25	13	26	15	16	21	17	

24	12	10	28	12	22	26	21	25	27	

11	23	11	13	23	11	23	11	20	18	

27	29	28	25	15	14	27	13	24	30	

12	16	13	23	12	26	16	29	20	23	

29	21	12	22	29	21	19	18	22	28	

29	23	24	17	30	16	30	11	15	19	

10	27	15	22	16	26	12	30	16	11	

16	30	27	28	28	26	14	24	25	21	

28	25	16	18	18	16	13	30	11	20	

15	29	18	21	13	27	27	27	21	21	

22	27	24	19	19	22	14	28	20	30	

17	23	26	24	27	12	24	19	29	22	

12	24	16	26	11	27	24	26	24	30	

16	12	29	13	18	26	23	13	25	14	

24	28	11	24	16	22	17	25	11	10	

11	19	12	30	15	19	24	30	19	16	

27	20	22	11	21	24	29	28	16	20	

19	18	19	20	13	28	19	27	12	19	

23	16	17	13	18	15	13	24	10	23	

10	26	10	12	22	12	13	27	14	17	

30	19	18	22	29	13	30	17	20	29	

10	16	23	22	25	20	14	25	20	29	

18	17	28	11	30	26	23	13	12	17	

18	15	28	29	29	17	21	15	19	26	

21	10	26	20	27	18	22	15	16	19	

11	14	14	19	18	23	25	12	16	17	

10	13	12	13	23	26	20	17	22	11	

14	16	29	19	22	14	13	16	23	14	

21	27	15	19	12	15	25	30	25	20	

20	29	18	17	12	27	12	26	17	21	

13	12	11	30	24	21	27	23	22	19	

28	29	27	16	22	24	17	20	28	10	

13	29	26	10	12	21	12	20	19	20	

20	28	18	21	23	15	30	17	12	21	

15	30	14	11	19	12	19	30	16	27	

16	15	10	19	25	29	13	21	15	18	

23	18	16	16	23	28	24	24	10	29	

23	25	12	24	23	25	15	18	16	10	

15	26	14	26	19	28	10	26	24	30	

21	30	28	20	12	30	24	17	18	29	

28	16	12	20	30	16	28	28	28	14	

18	24	15	27	20	26	20	25	14	29	

16	17	13	28	19	28	17	17	24	16	

28	30	15	12	30	16	16	16	22	19	

28	13	19	11	17	10	15	27	14	20	

24	24	24	12	26	24	20	18	20	27	

20	23	14	26	12	26	14	19	15	24	

29	27	24	11	21	25	21	13	16	27	

18	21	25	11	13	17	13	25	24	29	

29	11	24	18	24	23	15	26	14	23	

30	29	24	23	13	12	17	23	18	22	

30	23	18	24	21	16	11	20	18	12	

23	24	24	22	23	25	12	11	20	30	

24	29	21	26	14	21	29	27	30	20	

13	15	13	14	14	14	23	24	11	19	

11	19	16	30	27	22	15	30	18	24	

14	15	21	30	20	25	24	25	22	17	

30	30	17	27	11	16	20	25	28	13	

29	14	15	15	22	18	14	30	24	30	

26	14	15	16	30	22	19	18	16	25	

11	10	19	12	22	28	23	22	12	22	

21	12	13	20	10	27	10	24	15	25	

18	25	18	18	28	14	20	24	14	12	

11	24	26	27	21	24	26	14	11	20	

17	26	16	24	30	18	22	12	11	27	

28	21	13	11	23	28	26	21	14	25	

24	29	23	11	29	14	28	25	21	15	

20	20	17	30	27	20	10	28	12	26	

19	19	23	30	17	16	23	27	30	26	

30	23	17	20	30	30	12	21	27	27	

25	30	12	18	20	22	15	30	19	23	

22	12	30	13	26	14	13	18	18	22	

27	19	15	10	20	17	18	16	19	11	

25	25	22	13	16	28	18	30	12	11	

15	15	16	28	30	15	19	12	26	12	

12	18	26	17	26	16	16	20	21	28	

26	12	16	16	19	22	14	12	17	29	

13	28	18	12	29	22	17	13	24	14	

22	14	21	19	25	25	21	29	17	25	

29	28	13	17	10	16	25	24	19	19	

26	28	30	25	14	18	24	21	18	20	

21	24	17	30	23	26	28	30	18	13	

11	24	13	22	29	27	25	17	29	17	

11	23	29	12	21	16	11	11	20	22	

10	24	14	11	28	29	18	16	30	27	

18	29	10	20	26	17	21	27	30	12	

29	11	14	27	26	29	21	14	30	13	

19	25	15	29	13	14	14	14	11	20	

29	11	15	18	21	12	23	11	20	20	

18	29	23	10	25	21	25	11	20	22	

10	11	16	17	19	20	14	27	13	16	

25	25	25	24	14	27	13	29	12	25	

27	27	21	10	18	17	25	14	11	12	

18	12	17	30	29	19	30	28	30	18	

30	28	29	11	14	11	24	30	16	27	

11	11	18	10	14	30	24	28	22	18	

23	16	23	21	17	16	13	11	14	20	

16	29	24	25	12	19	21	27	27	18	

23	13	30	20	14	23	21	22	21	11	

27	17	21	15	13	12	26	11	23	30	

10	23	23	19	21	20	23	13	13	27	

16	13	18	25	30	25	22	21	24	15	

19	24	20	16	19	12	11	28	30	15	

11	24	22	11	13	16	28	24	13	21	

15	26	15	27	17	19	22	13	13	20	

17	17	20	18	18	18	22	27	21	13	

25	17	21	25	24	13	14	15	27	29	

30	29	19	12	30	11	22	13	16	22	

28	28	24	12	18	23	30	30	27	20	

30	10	14	19	28	25	23	16	22	19	

30	29	16	27	20	24	28	14	10	13	

11	20	24	30	19	27	26	28	15	24	

28	25	17	11	14	27	15	29	28	19	

20	24	10	16	29	17	25	21	12	13	

21	15	13	20	30	23	21	15	10	27	

24	21	21	24	24	20	29	23	18	20	

25	20	13	10	17	29	25	20	15	13	

26	14	30	23	19	28	24	19	19	13	

23	26	24	14	29	21	17	26	29	28	

28	27	19	13	28	16	28	15	17	17	

18	14	30	16	22	21	23	11	18	20	

14	24	11	19	28	12	27	21	22	17	

25	17	18	29	28	13	13	14	25	20	

20	15	23	18	14	10	24	19	11	26	

14	27	10	17	21	14	11	24	17	27	

16	18	18	27	21	28	22	23	13	18	

15	21	23	13	12	26	24	16	15	19	

26	15	21	27	12	11	14	14	28	11	

18	13	13	18	19	26	21	17	24	17	

27	28	21	12	27	16	27	19	15	27	

13	26	17	17	14	21	30	27	28	30	

17	20	10	11	10	18	20	25	12	11	

11	29	15	26	16	18	26	20	22	30	

25	27	12	15	23	20	27	22	13	19	

20	20	21	19	22	19	11	27	14	26	

28	26	28	26	10	14	29	25	23	12	

30	25	21	15	29	10	16	15	25	20	

27	19	15	14	24	26	12	21	13	11	

10	20	23	19	29	24	20	20	24	22	

23	16	29	16	20	17	24	14	25	21	

13	26	16	15	24	15	19	17	15	21	

29	29	24	23	16	21	10	21	24	10	

26	27	18	24	19	11	20	14	25	26	

26	23	11	12	29	30	13	21	21	27	

20	14	16	19	28	27	23	20	27	23	

21	30	29	10	19	20	29	27	11	17	

22	28	17	25	21	16	19	26	22	14	

13	20	14	30	27	21	25	24	23	15	

20	24	13	19	15	27	25	25	23	24	

19	27	29	19	22	17	30	11	13	26	

12	13	27	24	26	19	26	25	30	22	

30	24	30	18	12	23	15	22	18	16	

29	20	16	24	22	13	21	16	10	21	

21	13	12	21	10	23	28	17	27	29	

10	24	25	17	19	29	14	27	18	26	

23	18	15	21	13	29	20	14	29	13	

14	12	21	17	20	20	20	14	25	19	

19	30	15	18	25	18	17	25	29	22	

24	27	25	17	10	26	27	21	17	19	

13	15	29	21	19	22	13	23	21	20	

29	28	11	27	19	14	11	24	12	23	

18	10	30	30	25	28	10	20	17	14	

17	20	12	23	27	26	27	24	18	14	

13	30	25	23	11	21	11	21	21	19	

19	23	28	28	28	19	23	13	28	24	

14	29	13	29	30	26	25	29	22	19	

30	25	10	27	19	20	26	14	17	21	

30	11	18	13	13	23	14	25	20	16	

29	25	21	11	23	23	22	29	19	29	

14	30	26	14	19	26	19	15	23	16	

28	17	28	15	28	20	25	30	11	30	

16	29	14	30	14	13	25	13	27	19	

15	30	29	13	23	20	16	10	29	15	

25	10	15	25	28	17	30	12	19	28	

10	23	22	21	24	23	13	19	30	18	

11	25	24	27	17	26	16	20	18	19	

14	18	25	17	11	10	26	28	23	25	

22	18	25	13	20	14	12	17	30	23	

13	14	18	26	16	18	28	12	29	12	

17	14	19	25	28	15	19	22	25	10	

24	16	19	23	25	14	23	16	28	15	

18	26	16	23	17	14	24	30	12	13	

20	11	22	27	23	16	20	11	10	14	

28	10	18	19	16	12	20	29	25	14	

25	18	19	15	23	12	19	23	18	22	

23	15	15	20	14	22	28	12	13	19	

10	11	10	20	10	13	23	29	27	28	

30	29	18	22	29	22	20	23	12	27	

18	29	24	21	17	10	16	12	22	28	

17	23	15	27	15	27	16	10	28	28	

10	24	27	12	27	13	11	14	28	29	

18	20	19	25	20	24	24	24	11	26	

23	23	14	25	29	12	29	27	18	24	

17	12	16	22	12	17	15	21	17	11	

16	17	25	21	27	26	29	23	19	22	

25	15	30	15	14	12	15	28	17	18	

26	26	19	26	11	19	18	11	21	27	

19	13	26	30	10	12	21	10	23	19	

27	11	24	18	24	25	29	18	26	14	

28	21	17	29	19	26	28	12	30	13	

29	21	25	20	22	19	25	27	19	28	

14	23	11	18	28	14	24	25	19	22	

21	13	24	25	22	26	20	30	22	20	

26	21	22	25	26	23	17	19	25	23	

16	26	16	27	16	16	15	15	19	29	

22	23	13	26	12	16	25	13	11	14	

20	10	22	17	19	20	12	13	29	30	

16	27	13	16	23	23	23	19	10	27	

18	30	28	11	12	13	29	27	28	25	

15	20	15	15	17	13	13	29	12	15	

12	28	17	25	20	29	20	10	16	30	

19	17	17	20	10	19	25	21	15	17	

21	29	19	14	24	23	20	14	23	29	

17	23	12	17	26	19	18	27	17	28	

20	30	30	26	19	20	27	14	10	24	

30	26	16	30	23	21	24	18	10	14	

12	22	19	30	18	14	20	18	30	30	

26	19	24	30	14	27	27	13	15	25	

18	19	25	29	13	30	15	28	10	27	

24	27	19	15	14	11	13	27	19	19	

15	27	25	12	17	21	22	26	27	29	

20	21	26	30	10	13	27	13	29	19	

12	12	23	26	14	13	15	29	28	25	

27	13	11	20	29	21	17	28	11	11	

16	20	20	28	13	29	15	15	14	20	

26	18	21	24	28	18	10	16	25	22	

21	10	15	10	18	15	30	26	19	30	

19	17	19	19	16	22	19	14	11	10	

26	20	27	21	13	30	18	20	25	22	

26	24	11	22	12	13	13	26	21	22	

10	23	13	30	21	11	20	26	25	10	

14	30	28	21	30	21	11	25	20	30	

30	30	19	11	10	10	22	18	24	28	

25	12	26	13	26	21	20	14	21	19	

25	24	19	20	10	20	21	15	26	25	

17	11	24	28	25	20	25	22	11	23	

22	12	21	29	24	16	23	10	17	18	

24	30	21	14	26	20	18	11	14	21	

29	12	23	28	26	13	24	24	12	19	

18	23	27	14	10	27	17	12	20	29	

15	19	16	21	14	20	18	21	13	14	

13	25	18	25	17	29	18	28	29	17	

25	10	11	11	29	17	22	24	29	30	

13	25	23	10	15	21	24	14	10	28	

21	23	12	25	19	14	30	14	23	19	

20	25	25	25	25	23	24	18	24	15	

24	28	30	24	30	29	18	27	24	22	

23	16	22	29	29	11	15	22	13	12	

19	18	12	25	26	10	10	11	29	18	

19	10	30	14	25	26	16	17	26	20	

12	15	22	17	23	20	25	25	10	21	

15	27	14	29	17	20	30	21	21	18	

13	16	30	17	21	25	11	21	20	23	

18	20	27	24	16	30	12	22	10	30	

30	20	24	26	30	12	25	14	30	24	

12	27	26	18	20	14	27	18	15	21	

12	21	10	28	25	15	29	10	25	12	

18	11	17	15	24	16	28	22	13	18	

16	18	12	11	13	25	30	16	26	27	

14	20	13	17	19	18	17	10	18	22	

12	20	17	26	22	25	10	16	16	14	

11	27	25	23	26	21	12	26	24	28	

13	13	25	18	23	14	25	23	15	25	

11	23	11	25	14	29	22	11	29	15	

23	19	19	19	22	25	12	25	27	16	

16	25	24	16	16	30	23	22	18	22	

13	28	20	30	15	28	14	23	25	18	

17	19	27	14	18	17	26	18	18	22	

18	17	14	26	28	12	29	20	16	18	

11	28	11	20	17	10	15	22	19	14	

22	24	11	14	28	11	26	19	10	15	

16	16	16	29	20	15	13	24	25	22	

13	11	13	13	10	10	28	18	12	14	

17	26	27	18	29	13	21	10	17	14	

25	13	13	11	20	29	17	23	23	25	

21	19	11	26	27	28	29	16	16	15	

30	14	11	16	23	14	19	19	10	26	

17	28	23	22	29	21	16	22	10	18	

22	15	26	24	17	21	26	29	19	19	

28	21	11	29	25	29	24	29	24	16	

26	23	23	28	17	15	12	17	14	13	

26	23	26	25	21	27	20	16	15	11	

10	26	24	12	19	22	19	29	21	23	

17	18	22	24	22	27	10	25	23	11	

20	14	22	19	27	21	28	16	18	11	

30	16	20	15	14	27	17	24	18	27	

11	22	16	14	10	19	23	20	12	21	

21	20	26	20	10	29	18	30	20	12	

25	17	25	12	30	12	29	18	21	20	

17	16	18	11	23	10	16	19	17	18	

10	11	14	30	29	23	10	29	23	26	

28	17	14	21	10	22	28	16	29	23	

29	18	27	18	15	16	28	23	24	10	

16	29	21	16	20	22	25	24	25	27	

16	19	12	17	29	19	13	28	25	24	

24	10	21	30	20	13	13	14	21	22	

21	14	19	23	28	17	23	10	13	20	

28	16	18	23	15	11	22	29	14	12	

29	21	21	25	27	17	12	14	12	11	

25	23	16	10	23	11	28	11	13	15	

24	20	21	22	28	28	22	27	26	18	

26	13	13	20	28	27	21	17	30	18	

19	30	26	30	17	24	18	27	30	24	

30	26	13	30	10	12	28	27	16	24	

26	24	24	30	15	12	23	10	16	29	

20	27	15	19	10	23	12	21	10	18	

25	28	10	12	24	24	30	20	14	23	

18	15	19	13	11	17	18	10	11	26	

16	23	23	28	26	18	25	19	14	15	

27	16	30	30	13	24	25	12	11	19	

29	12	11	25	25	24	11	25	28	14	

24	11	29	16	13	11	26	20	14	14	

14	22	27	22	15	10	18	24	19	13	

11	24	25	28	12	12	17	30	20	22	

29	30	28	29	12	27	23	16	22	16	

30	21	11	12	29	30	26	27	24	12	

29	18	13	27	11	17	26	30	25	19	

27	23	27	23	23	29	26	16	30	12	

25	13	30	23	11	22	11	12	10	18	

16	17	22	26	28	22	13	26	10	22	

13	20	11	14	18	25	24	15	21	20	

19	27	16	18	18	30	11	30	18	13	

13	17	22	21	14	27	16	25	10	27	

11	28	21	13	26	30	14	13	26	12	

11	13	11	20	10	17	24	21	27	20	

25	10	13	10	29	23	27	25	18	22	

19	12	10	13	11	22	30	22	11	17	

15	11	21	23	10	11	17	12	19	30	

16	24	20	11	21	11	28	28	19	21	

15	28	19	16	19	13	28	22	17	10	

13	29	20	22	24	21	11	20	18	10	

27	26	17	13	14	20	16	16	24	26	

30	11	15	21	14	22	10	10	27	13	

30	11	18	21	29	12	26	23	18	11	

16	18	26	14	14	25	24	16	15	24	

12	17	30	29	18	17	15	19	28	14	

23	10	18	23	29	23	16	25	18	29	

28	27	28	14	18	27	22	10	19	23	

10	16	15	26	18	22	15	13	13	14	

24	12	11	21	24	10	12	24	16	26	

15	17	11	26	12	14	22	25	19	25	

16	23	10	16	15	17	12	18	22	20	

12	16	17	27	17	20	25	16	30	12	

22	23	30	21	25	17	30	25	20	13	

13	30	13	22	18	30	20	18	17	26	

23	17	11	20	27	25	28	28	30	30	

16	20	23	14	22	26	22	28	15	12	

24	14	19	18	29	12	25	27	26	16	

21	17	29	22	15	10	30	17	14	11	

18	29	23	10	30	11	16	21	27	25	

19	13	14	21	12	23	22	24	27	26	

13	18	14	23	16	19	13	12	28	22	

16	25	11	28	21	11	24	18	13	21	

29	21	21	10	17	27	14	19	22	13	

30	18	25	14	30	11	16	15	20	14	

29	29	14	14	27	22	23	30	29	13	

17	21	22	12	18	15	11	12	10	12	

23	28	30	29	17	22	25	25	18	25	

11	12	28	24	10	21	22	26	11	28	

17	23	19	18	23	16	23	11	18	14	

11	30	18	18	17	26	29	23	18	29	

18	26	18	28	21	19	11	10	23	16	

15	15	28	23	20	29	24	19	30	19	

11	18	21	27	22	27	20	15	23	14	

20	18	10	17	22	15	21	26	22	12	

22	18	22	21	27	10	24	15	25	26	

21	16	10	21	27	20	27	20	19	27	

15	24	19	13	19	24	27	18	26	30	

22	15	17	23	30	23	28	10	21	12	

27	11	24	18	17	29	15	13	22	24	

23	25	27	14	10	13	14	17	24	30	

16	21	29	16	21	19	17	29	16	26	

12	18	10	21	22	21	17	29	11	28	

27	25	12	22	13	23	12	13	29	17	

25	16	22	18	15	16	30	30	22	21	

11	15	13	11	23	14	21	17	16	25	

26	23	24	17	26	26	14	27	14	17	

23	21	30	17	25	12	26	17	24	30	

21	30	30	16	29	22	22	15	25	20	

11	20	16	12	24	10	22	18	24	14	

29	16	23	10	19	18	11	23	22	19	

25	28	17	24	22	19	14	11	17	13	

24	20	25	16	28	26	19	10	27	17	

12	18	15	27	18	22	26	19	18	10	

12	30	19	22	26	25	12	17	26	17	

15	26	26	10	16	25	22	19	26	23	

18	28	25	27	16	14	26	12	27	10	

15	25	13	26	19	13	29	30	30	10	

14	20	16	10	25	12	13	29	11	18	

10	21	11	16	21	18	12	24	21	15	

26	18	16	20	25	24	29	30	11	23	

15	24	30	26	19	23	13	29	29	24	

26	27	22	27	18	29	16	13	25	10	

30	29	24	28	20	28	15	23	21	30	

20	29	29	12	19	10	10	11	19	15	

30	21	29	15	12	30	30	24	25	12	

13	13	25	24	20	25	18	11	12	17	

13	15	13	21	25	29	28	18	21	17	

18	18	28	19	29	22	12	21	14	26	

16	14	12	18	13	25	27	19	19	10	

14	21	23	14	15	22	20	26	25	15	

27	15	19	29	15	26	25	29	17	24	

19	17	21	24	21	19	17	21	25	17	

21	14	27	23	14	24	23	28	25	20	

19	21	20	18	17	20	24	30	30	29	

29	26	23	22	25	13	21	24	12	10	

10	13	18	21	26	29	30	28	24	19	

25	19	19	21	21	16	22	20	11	11	

22	15	19	18	28	12	11	11	28	25	

10	14	12	28	28	25	28	27	20	11	

28	25	15	27	26	26	12	12	27	29	

12	17	24	24	23	23	14	10	25	10	

25	11	22	24	16	25	13	11	26	17	

21	10	21	19	23	10	22	11	22	17	

19	29	18	15	21	20	27	28	24	10	

30	18	29	27	30	14	18	16	17	12	

17	30	28	10	14	13	11	11	13	18	

17	30	30	21	21	11	19	19	29	20	

23	16	20	23	29	11	17	20	25	29	

17	28	12	27	30	28	25	11	11	17	

26	13	25	25	29	29	19	14	11	19	

18	17	20	17	29	19	20	22	30	27	

30	28	12	21	25	27	15	29	30	28	

11	13	14	12	25	20	10	10	19	10	

15	15	17	10	23	24	10	26	29	27	

18	30	23	22	29	15	16	16	28	16	

14	11	14	25	20	22	28	28	12	11	

23	13	28	14	20	10	16	18	27	22	

11	28	11	24	14	17	23	14	25	12	

22	18	26	16	19	24	18	13	14	28	

26	26	26	16	14	29	18	26	26	29	

24	20	25	26	20	19	10	13	26	11	

19	24	27	25	14	17	18	28	20	23	

17	18	22	26	24	11	17	22	12	30	

30	17	10	28	19	18	28	17	24	30	

14	22	26	29	26	21	19	30	11	19	

28	22	29	13	27	24	26	13	28	14	

11	10	29	17	23	13	26	21	17	14	

15	28	29	18	16	10	24	30	20	13	

21	20	30	30	12	23	20	14	16	12	

13	13	28	26	23	26	16	26	11	10	

15	20	21	28	28	15	27	24	12	29	

16	27	14	21	28	11	25	29	28	18	

11	12	10	15	30	15	16	24	29	14	

15	26	11	19	23	14	13	23	18	24	

17	22	15	30	19	23	14	15	25	27	

26	20	17	26	16	23	21	25	15	22	

13	23	13	14	28	15	10	23	28	18	

23	16	25	19	16	24	16	23	23	26	

28	20	15	12	26	15	25	19	19	20	

19	29	24	19	18	29	30	16	11	23	

20	19	28	28	16	24	22	11	15	30	

30	17	11	21	28	19	21	15	23	20	

22	28	18	18	19	12	17	15	14	26	

19	12	23	17	20	27	30	30	25	24	

25	12	12	17	10	16	13	14	13	12	

22	11	11	20	13	12	30	12	15	27	

30	12	21	16	22	21	28	28	12	16	

25	22	28	10	25	16	14	20	11	12	

10	28	22	15	24	30	15	22	16	24	

12	11	28	21	29	30	18	30	29	11	

29	19	11	12	13	24	23	13	10	13	

21	26	11	13	29	24	16	14	14	15	

14	19	14	12	21	21	21	19	28	25	

25	24	15	19	21	24	22	11	28	11	

23	13	14	20	17	11	19	22	18	16	

25	19	16	30	24	26	27	17	25	23	

26	16	22	18	14	10	29	19	18	15	

29	26	22	22	20	29	29	19	25	13	

27	14	16	14	13	22	20	10	24	11	

12	10	24	26	27	29	30	13	23	22	

13	30	14	15	13	19	10	10	15	11	

18	10	27	17	25	12	28	10	30	14	

15	23	29	28	17	14	28	11	11	13	

18	30	15	11	23	26	29	19	25	14	

16	26	18	12	17	12	19	29	15	17	

17	21	23	25	30	25	21	30	20	22	

24	13	13	30	25	24	16	11	30	25	

24	20	19	10	18	13	24	19	19	24	

29	19	24	24	16	17	23	15	14	12	

18	14	27	13	26	24	27	14	10	24	

23	23	27	14	30	19	21	22	26	14	

17	23	10	19	22	18	12	26	10	28	

16	17	19	29	19	27	25	25	17	24	

23	17	30	10	17	19	15	14	14	19	

24	27	17	10	11	12	20	20	14	13	

27	17	11	20	28	21	13	20	26	29	

10	24	27	29	22	19	24	23	21	25	

28	13	24	23	17	10	25	22	21	21	

18	15	19	17	16	19	15	20	15	15	

27	21	19	14	12	11	29	15	15	13	

14	13	24	17	15	26	26	12	23	29	

24	23	11	29	17	29	11	23	13	24	

18	13	20	16	23	19	24	28	19	25	

29	30	29	11	30	16	20	13	30	30	

11	29	15	17	22	25	13	12	11	27	

27	25	15	16	11	19	18	12	16	15	

17	22	10	25	10	13	11	14	12	21	

29	23	12	22	13	12	12	13	22	26	

28	22	16	17	20	18	12	22	30	10	

23	18	14	17	11	12	22	10	30	30	

24	25	11	13	14	14	13	30	19	30	

26	15	23	30	10	28	18	20	24	10	

27	23	17	26	23	22	25	17	11	18	

28	25	18	15	18	12	12	10	10	12	

29	14	10	25	10	23	26	11	14	30	

23	28	19	10	27	18	21	22	10	28	

27	22	17	25	16	20	24	28	19	17	

24	27	16	28	28	22	20	15	27	23	

22	27	25	10	10	22	28	12	22	30	

24	15	27	15	12	25	13	20	13	10	

22	17	19	14	14	28	21	28	20	11	

24	22	26	14	23	21	21	17	26	21	

18	16	13	25	22	28	13	15	15	30	

10	17	20	11	17	25	12	14	15	12	

16	17	13	21	12	14	23	25	23	25	

27	23	22	27	15	23	21	18	16	15	

12	15	14	19	30	12	17	30	19	29	

27	28	18	12	10	17	26	27	11	19	

12	22	20	20	13	20	29	15	12	24	

15	10	13	26	10	11	10	21	25	10	

14	25	18	16	14	25	28	25	22	27	

26	27	20	25	15	29	18	12	13	29	

15	16	22	17	14	24	29	18	13	28	

14	22	27	15	28	21	18	20	26	19	

15	30	28	17	19	29	10	14	30	26	

15	22	26	25	19	29	16	30	29	24	

26	27	15	29	18	14	25	18	29	15	

30	25	24	20	24	11	24	22	28	14	

15	23	11	11	22	25	30	11	14	17	

23	19	15	25	26	14	21	16	30	13	

11	26	26	24	20	29	12	13	24	10	

11	27	30	29	25	28	10	25	30	13	

19	19	16	20	27	20	30	18	12	20	

25	17	13	18	22	11	10	12	13	23	

18	12	11	10	13	19	18	24	14	11	

11	10	21	18	10	11	28	21	27	16	

11	14	20	15	16	26	29	28	12	17	

26	21	17	21	25	18	22	18	18	26	

23	15	12	17	30	16	26	22	30	28	

11	27	25	22	22	14	13	21	26	14	

16	21	15	10	12	14	16	11	19	29	

13	20	22	16	10	30	17	30	21	15	

13	19	27	17	24	17	25	12	23	22	

10	12	19	27	14	28	26	10	11	18	

20	26	16	18	28	21	12	25	20	30	

30	16	12	16	23	16	13	29	14	23	

14	29	20	21	18	11	15	26	17	20	

12	17	10	30	17	21	13	18	23	16	

20	27	16	18	30	26	13	18	13	12	

16	12	14	13	20	19	18	22	28	17	

20	14	26	22	13	21	15	22	22	30	

10	26	19	14	15	26	24	21	30	17	

20	16	25	14	14	19	30	27	23	15	

21	15	23	28	22	25	17	17	29	28	

12	23	24	25	18	19	10	27	29	27	

22	13	13	20	12	26	17	23	28	16	

13	11	23	26	14	28	30	18	22	12	

16	21	14	26	14	25	28	13	12	10	

19	28	21	14	16	27	20	12	21	30	

18	12	20	13	12	24	12	26	11	27	

10	21	11	22	29	10	22	28	15	19	

11	23	21	24	18	22	17	17	16	25	

21	16	29	29	30	11	29	11	26	24	

25	17	19	21	19	20	24	17	19	13	

13	27	24	28	19	23	16	23	29	10	

27	17	11	12	29	12	19	18	17	18	

14	26	17	15	10	22	27	28	29	17	

10	16	26	23	11	27	17	30	12	20	

19	24	22	12	19	15	10	28	15	17	

18	11	21	19	17	17	28	14	25	17	

10	28	29	20	21	22	10	27	18	10	

21	10	19	23	15	30	11	15	15	18	

14	11	10	18	29	14	30	30	28	25	

10	24	29	16	28	30	18	11	24	21	

30	18	17	26	17	28	26	30	14	23	

17	13	29	13	13	16	14	24	19	15	

13	25	24	10	25	30	16	26	23	18	

20	26	16	26	21	25	16	25	24	23	

22	30	23	10	22	25	29	17	22	21	

10	10	23	10	28	22	16	28	26	27	

13	16	26	21	21	30	22	11	23	16	

21	15	21	30	29	12	30	21	10	10	

22	11	11	14	29	13	24	30	18	18	

14	11	16	27	28	18	22	27	11	17	

26	30	21	24	16	28	27	27	24	14	

19	18	14	11	30	20	29	21	28	28	

22	20	27	23	13	10	28	25	17	19	

30	27	15	23	19	22	12	11	14	13	

13	26	16	27	11	17	11	17	11	29	

11	27	30	10	16	27	21	11	28	10	

25	17	18	26	18	18	22	28	14	30	

13	17	19	18	21	13	21	15	22	16	

17	11	12	16	13	11	16	30	10	26	

28	23	29	16	19	16	20	25	13	16	

18	22	17	21	23	14	23	15	22	24	

25	30	15	27	11	10	10	16	13	22	

18	28	14	19	20	17	19	22	13	28	

21	13	11	14	10	29	16	21	19	25	

26	20	24	30	17	28	27	29	16	18	

14	13	14	18	15	25	23	14	14	24	

17	20	24	26	16	30	17	24	16	12	

19	25	22	12	23	17	12	29	11	12	

13	14	23	12	24	19	21	23	23	30	

16	17	23	11	18	16	21	26	26	24	

11	22	22	12	26	13	28	17	24	29	

18	30	28	30	19	15	18	19	19	12	

16	11	22	25	28	26	16	18	20	11	

18	12	16	20	27	27	20	19	19	18	

23	13	14	26	19	29	10	14	13	22	

20	20	21	19	25	14	27	29	18	22	

18	17	15	14	21	15	18	14	13	30	

21	10	25	30	30	27	23	29	23	16	

10	30	30	19	11	17	11	11	17	30	

16	14	11	29	19	13	10	18	25	11	

28	28	21	16	18	19	25	20	29	15	

26	26	12	12	16	22	30	30	19	18	

12	29	18	21	21	13	24	15	28	30	

30	26	24	13	21	14	30	10	11	26	

11	29	12	19	30	24	22	20	28	20	

17	10	26	16	25	11	10	19	14	22	

13	14	28	29	10	24	19	19	10	30	

13	30	12	19	11	12	12	12	22	24	

25	18	28	15	13	11	28	23	25	23	

25	12	27	28	18	21	21	22	24	29	

12	16	12	25	24	18	19	21	26	26	

11	19	28	20	25	21	12	13	12	22	

15	15	12	20	16	18	10	24	11	21	

22	29	28	16	18	14	28	24	13	19	

11	25	30	25	21	30	29	22	30	24	

12	12	17	14	27	18	17	12	20	10	

28	14	12	24	30	28	24	15	19	26	

17	25	29	19	24	25	17	10	28	26	

29	20	28	15	11	26	22	11	25	17	

17	30	27	29	24	22	21	10	26	13	

27	21	11	15	28	16	20	21	28	27	

13	14	13	16	14	28	23	11	28	13	

22	25	15	28	12	30	19	19	11	13	

14	15	22	16	18	12	13	13	12	21	

15	21	11	25	13	30	21	13	21	14	

17	29	11	14	24	14	21	18	16	11	

10	26	30	16	27	22	25	13	15	10	

30	22	10	11	25	28	26	14	15	12	

12	17	14	30	24	10	10	22	21	25	

24	22	15	11	16	10	12	14	17	10	

27	28	14	29	17	20	12	30	24	23	

28	14	12	19	16	27	28	25	19	18	

26	22	27	12	30	25	27	29	19	29	

17	30	12	20	19	11	11	29	28	12	

30	28	28	27	26	18	27	17	22	25	

11	28	10	29	20	12	25	30	26	12	

12	25	26	13	25	25	18	19	24	25	

10	27	18	23	14	11	16	11	11	18	

18	14	22	25	26	28	19	14	26	15	

21	21	12	22	14	11	27	17	11	17	

26	23	21	21	14	15	11	21	21	26	

20	29	19	14	18	13	21	22	24	12	

27	29	24	22	26	21	15	21	21	26	

15	18	15	21	14	26	17	10	26	28	

14	12	14	18	21	11	26	29	29	19	

18	25	15	30	28	23	13	16	25	26	

12	13	16	29	28	21	19	19	25	10	

15	21	15	22	30	16	10	26	13	28	

27	17	16	10	23	17	10	15	26	20	

27	11	25	26	27	19	16	10	13	15	

21	24	12	21	28	15	16	15	18	13	

20	16	26	22	24	23	11	26	26	20	

12	16	30	20	26	25	18	27	17	25	

12	12	25	13	16	13	19	10	10	29	

29	24	22	12	18	25	19	15	24	10	

19	29	22	20	16	13	14	20	13	12	

23	26	29	20	25	17	24	16	22	13	

19	20	24	20	23	27	12	10	17	27	

27	23	17	25	23	20	26	14	12	26	

13	14	28	22	17	26	15	11	16	14	

16	27	11	17	17	24	29	30	21	15	

29	18	15	23	30	23	25	26	10	11	

28	23	20	16	18	25	15	24	15	11	

18	19	19	24	25	11	26	25	11	30	

20	21	17	15	20	26	12	10	30	19	

18	27	15	27	27	23	20	18	10	25	

18	10	27	14	27	29	23	10	24	30	

10	17	30	20	16	20	15	15	14	16	

26	15	24	23	22	20	28	29	24	22	

19	12	27	19	10	24	27	14	17	22	

25	28	15	23	13	18	22	24	22	29	

