123	1


1169


51
51
59
53
89
67
78
66
85
57
56
94
70
60
96
67
77
81
70
86
51
65
92
55
55
78
92
95
56
82
75
86
86
58
92
64
87
94
90
70
65
52
51
64
83
77
78
64
68
83
77
60
92
85
60
90
88
84
52
51
88
76
71
81
58
97
58
93
62
58
74
76
81
98
81
69
57
93
50
90
66
96
98
84
98
56
58
78
74
86
67
61
86
94
84
57
60
68
55
76
90
86
81
88
62
53
57
54
52
90
71
58
83
51
72
50
50
61
50
64
76
82
94


26	

10	

28	

14	

16	

12	

16	

10	

21	

13	

20	

12	

19	

25	

15	

28	

16	

21	

30	

18	

22	

13	

17	

10	

14	

19	

15	

26	

12	

12	

10	

11	

17	

21	

29	

14	

13	

28	

26	

14	

25	

26	

29	

17	

30	

18	

11	

24	

10	

26	

18	

24	

25	

29	

15	

11	

17	

27	

17	

17	

27	

22	

15	

17	

14	

15	

18	

21	

12	

23	

20	

22	

17	

17	

29	

28	

18	

22	

28	

21	

20	

25	

28	

20	

25	

11	

20	

10	

23	

15	

11	

14	

22	

17	

11	

26	

19	

12	

12	

24	

15	

26	

24	

12	

13	

13	

25	

20	

25	

27	

23	

11	

16	

28	

12	

25	

11	

16	

22	

10	

13	

24	

28	

