147	3


1413
1436
1472


98
75
99
79
92
70
57
84
58
77
94
52
58
57
83
58
77
90
61
54
85
63
70
62
63
83
96
99
77
59
86
62
57
94
93
63
50
78
63
84
66
91
69
86
98
85
67
93
64
94
94
82
75
76
94
95
74
54
100
91
62
90
93
92
79
84
92
98
67
77
93
61
72
66
83
51
91
85
94
66
68
76
89
96
83
87
78
99
100
91
65
54
54
65
92
68
62
77
96
87
92
51
50
92
81
94
99
69
88
88
51
87
51
50
83
83
79
71
99
88
77
64
100
54
73
64
78
98
82
63
74
92
94
100
68
87
67
80
79
55
88
57
98
52
58
72
90


13	20	10	

21	19	30	

24	13	24	

15	16	14	

13	16	18	

18	26	10	

29	19	26	

23	27	19	

13	11	20	

18	14	20	

27	25	11	

18	29	19	

20	10	15	

27	19	30	

19	25	30	

16	20	29	

24	19	13	

18	13	21	

30	10	24	

21	23	23	

20	30	15	

17	12	25	

28	12	17	

14	29	23	

25	22	13	

17	22	10	

28	15	22	

20	15	30	

10	26	15	

19	28	20	

17	20	11	

18	24	15	

10	18	10	

10	25	23	

27	16	29	

16	29	22	

29	10	16	

16	26	24	

12	11	15	

23	25	27	

25	20	12	

11	28	21	

21	25	14	

20	13	19	

15	25	27	

22	21	24	

14	29	16	

12	14	19	

25	28	24	

15	16	14	

28	19	26	

13	26	11	

25	17	14	

30	10	18	

19	30	26	

29	28	30	

18	23	23	

10	29	28	

10	21	10	

15	27	26	

22	12	22	

23	27	17	

19	17	22	

25	28	21	

29	27	22	

23	11	22	

11	10	23	

17	17	21	

10	12	21	

15	21	19	

13	28	25	

12	18	21	

29	12	18	

13	18	30	

10	18	14	

15	10	12	

20	30	16	

25	14	22	

24	25	25	

27	21	13	

29	20	27	

18	21	12	

10	19	11	

18	13	16	

18	20	18	

22	10	16	

15	25	28	

16	24	27	

12	20	19	

17	13	23	

21	17	22	

10	10	28	

12	26	26	

25	13	13	

21	18	24	

11	19	25	

19	10	22	

23	11	23	

17	23	22	

10	22	12	

17	15	27	

18	23	12	

15	15	25	

29	27	29	

21	26	21	

13	26	19	

19	21	14	

21	16	10	

16	22	30	

30	13	19	

10	19	14	

26	25	26	

12	23	21	

30	21	24	

14	14	18	

29	10	25	

10	13	10	

12	14	22	

27	16	12	

26	10	29	

17	23	11	

16	22	14	

30	19	24	

24	23	24	

12	21	19	

24	26	12	

25	14	25	

14	18	25	

18	26	28	

12	22	21	

20	11	19	

25	27	17	

20	11	14	

17	14	25	

22	28	23	

11	17	15	

30	14	10	

18	21	26	

16	12	24	

29	11	12	

27	20	14	

15	26	14	

21	10	22	

25	18	22	

19	26	15	

16	28	24	

23	27	28	

